0.393577 0 0 0 0
0.392282 -0.12941 -12.9405 0 0
0.39004 -0.224252 -9.48353 0 0
0.38706 -0.297951 -7.36702 0 0
0.384813 -0.224551 7.34457 0 0
0.382133 -0.267938 -4.33902 0 0
0.379114 -0.301908 -3.39704 0 0
0.377529 -0.158505 14.3406 0 0
0.377179 -0.0350922 12.3418 0 0
0.376868 -0.0311091 0.398822 0 0
0.376446 -0.0419855 -1.05776 0 0
0.376034 -0.0401092 0.266176 0 0
0.37788 0.188689 23.1239 0 0
0.379846 0.198686 0.943718 0 0
0.38081 0.09792 -10.0806 0 0
0.38078 -0.00186414 -9.98277 0 0
0.381225 0.0448672 4.65894 0 0
0.381389 0.0164166 -2.84536 0 0
0.381343 -0.00487175 -2.12167 0 0
0.381099 -0.0246148 -1.95965 0 0
0.380638 -0.0461242 -2.14211 0 0
0.379808 -0.083066 -3.68956 0 0
0.379022 -0.0785648 0.457952 0 0
0.379165 0.014312 9.28687 0 0
0.379492 0.0327832 1.85237 0 0
0.379512 0.00201754 -3.07816 0 0
0.379448 -0.00643241 -0.844877 0 0
0.379463 0.00156932 0.800381 0 0
0.379472 0.000887297 -0.0681598 0 0
0.379471 -8.30253e-05 -0.0970142 0 0
0.379467 -0.000473539 -0.0390512 0 0
0.379457 -0.000942804 -0.0469249 0 0
0.379444 -0.00131613 -0.0373426 0 0
0.379426 -0.00179878 -0.0482732 0 0
0.379404 -0.00222934 -0.0430693 0 0
0.379376 -0.00274265 -0.0513458 0 0
0.379345 -0.00319906 -0.0456595 0 0
0.379307 -0.00371906 -0.0520196 0 0
0.379266 -0.00418681 -0.0467992 0 0
0.379219 -0.00471144 -0.0524882 0 0
0.379167 -0.005191 -0.0479839 0 0
0.37911 -0.00573667 -0.0545941 0 0
0.379047 -0.0063142 -0.0577798 0 0
0.378978 -0.00690175 -0.05878 0 0
0.378903 -0.00750161 -0.0600103 0 0
0.378823 -0.00810501 -0.060359 0 0
0.378736 -0.00870998 -0.060512 0 0
0.378644 -0.00918068 -0.0470689 0 0
0.378548 -0.00970613 -0.052549 0 0
0.378445 -0.0103167 -0.0610441 0 0
0.378337 -0.0108125 -0.0495468 0 0
0.37818 -0.0157628 -0.492644 0 0
0.378031 -0.0149594 0.0783365 0 0
0.377712 -0.0319438 -1.69896 0 0
0.377371 -0.0341236 -0.217968 0 0
0.377038 -0.0334015 0.0721984 0 0
0.376714 -0.0323903 0.101093 0 0
0.376401 -0.0314328 0.0957232 0 0
0.376096 -0.0305524 0.0880273 0 0
0.375799 -0.029718 0.0834554 0 0
0.375511 -0.0289067 0.0812037 0 0
0.375231 -0.0281148 0.0793146 0 0
0.374958 -0.0273351 0.0781881 0 0
0.374693 -0.0265538 0.0784403 0 0
0.374436 -0.0257598 0.0798211 0 0
0.374188 -0.024948 0.0817267 0 0
0.373947 -0.0241144 0.0840215 0 0
0.373713 -0.0234685 0.0653423 0 0
0.373497 -0.0216546 0.182407 0 0
0.373582 0.00851912 3.01953 0 0
0.373682 0.00998142 0.147184 0 0
0.373796 0.0113847 0.141308 0 0
0.373925 0.0128501 0.14758 0 0
0.374068 0.0143496 0.151016 0 0
0.374226 0.0158641 0.152514 0 0
0.3744 0.0173744 0.152068 0 0
0.374588 0.0188725 0.150814 0 0
0.374791 0.020345 0.148196 0 0
0.375008 0.02175 0.141375 0 0
0.375238 0.0230463 0.130427 0 0
0.375479 0.0241952 0.115569 0 0
0.37573 0.0251445 0.0954937 0 0
0.375968 0.0238108 -0.133359 0 0
0.376047 0.00801058 -1.57976 0 0
0.376091 0.00446627 -0.35405 0 0
0.376127 0.00364109 -0.0822546 0 0
0.376159 0.00325321 -0.0385719 0 0
0.376188 0.00294486 -0.0306527 0 0
0.376214 0.00264927 -0.0294068 0 0
0.376238 0.00235304 -0.0295018 0 0
0.376258 0.00205303 -0.0299102 0 0
0.376275 0.00175062 -0.0301791 0 0
0.37629 0.00144606 -0.0304204 0 0
0.376301 0.00113939 -0.0306536 0 0
0.376309 0.000831606 -0.0307844 0 0
0.376315 0.000519731 -0.0312105 0 0
0.376317 0.000202215 -0.0317868 0 0
0.376316 -0.00012372 -0.0326335 0 0
0.376312 -0.000453405 -0.0330066 0 0
0.375328 -0.0985073 -9.80537 0 0
0.375349 0.00207773 10.0584 0 0
0.376428 0.107795 10.5738 0 0
0.376207 -0.0221974 -12.9993 0 0
0.376029 -0.0178635 0.432337 0 0
0.375805 -0.022418 -0.455256 0 0
0.375586 -0.021947 0.0473353 0 0
0.375377 -0.0209996 0.0950543 0 0
0.37518 -0.0197343 0.126905 0 0
0.374994 -0.0186745 0.106437 0 0
0.374815 -0.0179406 0.073887 0 0
0.374643 -0.0173109 0.0634556 0 0
0.374477 -0.0166869 0.0628582 0 0
0.374317 -0.0160228 0.0668079 0 0
0.374165 -0.0152677 0.0758035 0 0
0.374022 -0.0143734 0.0895928 0 0
0.373889 -0.0133019 0.107158 0 0
0.37377 -0.0120282 0.127203 0 0
0.373665 -0.0105427 0.148196 0 0
0.373577 -0.00885295 0.168426 0 0
0.373509 -0.0069834 0.186205 0 0
0.37346 -0.00497585 0.199809 0 0
0.373432 -0.00290793 0.20566 0 0
0.373695 0.0261986 2.91043 0 0
0.373973 0.0276655 0.145598 0 0
0.374263 0.0288912 0.121515 0 0
0.374564 0.029995 0.109382 0 0
0.374875 0.0309449 0.0940473 0 0
0.375193 0.031717 0.076349 0 0
0.375517 0.0322787 0.0554204 0 0
0.375844 0.0325951 0.0310119 0 0
0.376172 0.0326159 0.0015832 0 0
0.376496 0.0322589 -0.0360601 0 0
0.377081 0.0584623 2.62187 0 0
0.377288 0.0206181 -3.78495 0 0
0.377415 0.0126703 -0.794863 0 0
0.377508 0.00924228 -0.342793 0 0
0.377578 0.00692015 -0.232185 0 0
0.377626 0.00482571 -0.209412 0 0
0.377654 0.0028063 -0.201913 0 0
0.377662 0.000832313 -0.197376 0 0
0.377657 -0.00053205 -0.136414 0 0
0.377638 -0.00177521 -0.124309 0 0
0.377608 -0.00298388 -0.120873 0 0
0.377566 -0.00417213 -0.118845 0 0
0.377512 -0.00535079 -0.117901 0 0
0.377446 -0.00652141 -0.117114 0 0
0.377368 -0.00768455 -0.116385 0 0
0.377279 -0.00884022 -0.11566 0 0
0.377178 -0.00999088 -0.115183 0 0
0.377065 -0.0111354 -0.114599 0 0
0.376941 -0.0122747 -0.114094 0 0
0.376399 -0.0540871 -4.17949 0 0
0.376252 -0.0145694 3.94993 0 0
0.375984 -0.0266349 -1.20724 0 0
0.375703 -0.0279574 -0.132892 0 0
0.375429 -0.0272855 0.0663629 0 0
0.375163 -0.0265095 0.0766139 0 0
0.374903 -0.0258865 0.0612066 0 0
0.374647 -0.025439 0.0435659 0 0
0.374394 -0.0251687 0.0257953 0 0
0.374142 -0.0251536 0.0002607 0 0
0.374106 -0.00347888 2.16704 0 0
0.374076 -0.00294865 0.0521699 0 0
0.374051 -0.00249451 0.0447063 0 0
0.373057 -0.0993434 -9.68526 0 0
0.373055 -0.000111927 9.92282 0 0
0.373061 0.000694118 0.0801853 0 0
0.373078 0.00170609 0.101033 0 0
0.373108 0.00297534 0.126886 0 0
0.373152 0.00442727 0.145246 0 0
0.373212 0.00604353 0.161756 0 0
0.373289 0.00779198 0.175034 0 0
0.373385 0.00963452 0.184486 0 0
0.3735 0.0115299 0.189798 0 0
0.373634 0.0134356 0.190835 0 0
0.373787 0.0153079 0.187503 0 0
0.373958 0.0171019 0.179655 0 0
0.374145 0.0187697 0.167016 0 0
0.374347 0.0202589 0.149121 0 0
0.374562 0.0215088 0.125141 0 0
0.374786 0.022442 0.0934395 0 0
0.375016 0.0229463 0.0505048 0 0
0.375479 0.0463932 2.34447 0 0
0.375555 0.00753857 -3.88529 0 0
0.375579 0.00241223 -0.512571 0 0
0.375593 0.00143532 -0.097679 0 0
0.375606 0.00126081 -0.0174443 0 0
0.375619 0.001295 0.00342422 0 0
0.375631 0.00128379 -0.00112067 0 0
0.375644 0.00125102 -0.00328536 0 0
0.375656 0.00119778 -0.00534132 0 0
0.375667 0.00114413 -0.00539348 0 0
0.375678 0.00109199 -0.00525566 0 0
0.375689 0.00103607 -0.0056486 0 0
0.375699 0.000968794 -0.00679639 0 0
0.375708 0.000889577 -0.00800292 0 0
0.375716 0.000799121 -0.00913828 0 0
0.375723 0.000699109 -0.0101072 0 0
0.375729 0.000585073 -0.0115217 0 0
0.375734 0.000457789 -0.0128564 0 0
0.375738 0.000315566 -0.0143579 0 0
0.375747 0.000918558 0.061973 0 0
0.375726 -0.00213576 -0.306805 0 0
0.375524 -0.0203156 -1.81809 0 0
0.375304 -0.0220402 -0.172449 0 0
0.375094 -0.0210105 0.103073 0 0
0.374897 -0.0197962 0.121615 0 0
0.37471 -0.0187574 0.10413 0 0
0.374532 -0.0178977 0.0862724 0 0
0.374361 -0.0171685 0.0732525 0 0
0.374196 -0.0165138 0.0657918 0 0
0.374038 -0.0158776 0.0639238 0 0
0.373887 -0.0152058 0.0674232 0 0
0.373743 -0.0144497 0.0757612 0 0
0.373608 -0.0135707 0.0879468 0 0
0.373483 -0.0125491 0.10207 0 0
0.37337 -0.0114283 0.111824 0 0
0.373315 -0.00557271 0.585281 0 0
0.373461 0.0145282 2.01031 0 0
0.373621 0.0158657 0.133263 0 0
0.373793 0.0171169 0.124573 0 0
0.373977 0.0183573 0.12344 0 0
0.374173 0.0195557 0.119218 0 0
0.374381 0.0206877 0.112573 0 0
0.374599 0.0217289 0.103509 0 0
0.374826 0.0226552 0.0920464 0 0
0.375061 0.0234392 0.0778672 0 0
0.375303 0.024047 0.0603028 0 0
0.375547 0.0244345 0.038323 0 0
0.375793 0.0245454 0.0107075 0 0
0.375073 -0.0720724 -9.66188 0 0
0.375318 0.0244037 9.64706 0 0
0.375927 0.0609268 3.65253 0 0
0.376107 0.0179208 -4.30081 0 0
0.376196 0.00893888 -0.898288 0 0
0.37625 0.00536334 -0.357588 0 0
0.376283 0.00326654 -0.209684 0 0
0.376305 0.00223682 -0.102965 0 0
0.376324 0.0019521 -0.0284645 0 0
0.376342 0.00173701 -0.0215015 0 0
0.376358 0.00161299 -0.0123961 0 0
0.376373 0.00151916 -0.00938098 0 0
0.376387 0.00144773 -0.00714379 0 0
0.376401 0.00139159 -0.00561883 0 0
0.376414 0.00134693 -0.00447589 0 0
0.376427 0.00131097 -0.0036081 0 0
0.37644 0.00129863 -0.00125139 0 0
0.376453 0.00129604 -0.000281799 0 0
0.376466 0.00129821 0.00019189 0 0
0.376479 0.00130719 0.000869362 0 0
0.376492 0.00132422 0.0016726 0 0
0.375302 -0.11902 -12.0345 0 0
0.3751 -0.0202203 9.87997 0 0
0.374892 -0.0207206 -0.0501137 0 0
0.3747 -0.0192372 0.14825 0 0
0.374525 -0.0174442 0.1792 0 0
0.374367 -0.0158228 0.162028 0 0
0.374223 -0.0143659 0.145577 0 0
0.374092 -0.0130434 0.132145 0 0
0.373974 -0.0118155 0.122686 0 0
0.373868 -0.0106395 0.117495 0 0
0.373773 -0.0094705 0.116794 0 0
0.37369 -0.00826366 0.120574 0 0
0.37362 -0.00698357 0.127891 0 0
0.373563 -0.00567061 0.131167 0 0
0.373521 -0.00425638 0.141281 0 0
0.373494 -0.00267333 0.158155 0 0
0.373485 -0.000934765 0.173702 0 0
0.373494 0.000942754 0.187595 0 0
0.373523 0.00293646 0.199215 0 0
0.373573 0.00498694 0.204896 0 0
0.373644 0.00706851 0.208013 0 0
0.373735 0.0091519 0.208202 0 0
0.373847 0.0112036 0.205044 0 0
0.373979 0.013193 0.198815 0 0
0.37413 0.0150892 0.189508 0 0
0.374299 0.0168581 0.176788 0 0
0.374483 0.018459 0.159988 0 0
0.374681 0.0198409 0.138093 0 0
0.374891 0.0209383 0.109628 0 0
0.375107 0.0216597 0.0719978 0 0
0.375326 0.021859 0.0197707 0 0
0.375882 0.0556379 3.3776 0 0
0.376024 0.0142223 -4.1416 0 0
0.376078 0.00540372 -0.881838 0 0
0.376096 0.00182982 -0.357396 0 0
0.376093 -0.000322218 -0.215181 0 0
0.37607 -0.00219157 -0.186877 0 0
0.37603 -0.00400991 -0.181743 0 0
0.375971 -0.0058291 -0.181798 0 0
0.375897 -0.00735329 -0.152247 0 0
0.375809 -0.00866865 -0.131379 0 0
0.375707 -0.0100636 -0.139323 0 0
0.375591 -0.0115784 -0.151294 0 0
0.375456 -0.0133346 -0.175426 0 0
0.375297 -0.0157284 -0.239207 0 0
0.374158 -0.113815 -9.80744 0 0
0.374199 0.00427327 11.8093 0 0
0.374236 0.00379778 -0.0475174 0 0
0.37427 0.00340315 -0.0393289 0 0
0.374304 0.00344517 0.00431931 0 0
0.374553 0.0250006 2.15596 0 0
0.374595 0.00416827 -2.08337 0 0
0.374428 -0.0167025 -2.08713 0 0
0.374243 -0.0184566 -0.17542 0 0
0.374068 -0.0175401 0.0916606 0 0
0.373903 -0.0164469 0.10938 0 0
0.373749 -0.0154281 0.101987 0 0
0.373606 -0.0143478 0.108138 0 0
0.373473 -0.0132834 0.106543 0 0
0.37335 -0.0122817 0.100262 0 0
0.373238 -0.0112938 0.0988736 0 0
0.373135 -0.010257 0.10376 0 0
0.373044 -0.0091525 0.110506 0 0
0.372964 -0.00795066 0.120227 0 0
0.372898 -0.0065901 0.136085 0 0
0.372848 -0.00506219 0.152809 0 0
0.372814 -0.00336924 0.169307 0 0
0.372799 -0.00152061 0.184874 0 0
0.372803 0.000456577 0.197731 0 0
0.372829 0.00252872 0.207229 0 0
0.372876 0.00470585 0.217733 0 0
0.372945 0.00690774 0.220215 0 0
0.373036 0.0091038 0.219636 0 0
0.373148 0.0112656 0.216209 0 0
0.373282 0.0133561 0.209091 0 0
0.373435 0.0153359 0.198006 0 0
0.373607 0.0171606 0.182502 0 0
0.373794 0.0187782 0.161783 0 0
0.373996 0.0201239 0.134593 0 0
0.374207 0.0211102 0.0986375 0 0
0.374423 0.0216007 0.0490641 0 0
0.374924 0.0501337 2.85362 0 0
0.375023 0.00989287 -4.02411 0 0
0.375052 0.00290695 -0.698578 0 0
0.375068 0.00152067 -0.138638 0 0
0.375082 0.001404 -0.0116897 0 0
0.375097 0.0014911 0.00867591 0 0
0.375113 0.00158209 0.00905246 0 0
0.375129 0.00161252 0.00298437 0 0
0.375146 0.00161658 0.000335656 0 0
0.375162 0.00159384 -0.00235787 0 0
0.375178 0.00154003 -0.00548575 0 0
0.375192 0.00141269 -0.0128596 0 0
0.375196 0.000342066 -0.107235 0 0
0.375187 -0.000957891 -0.130196 0 0
0.375266 0.00783287 0.879201 0 0
0.375327 0.00601917 -0.181423 0 0
0.375371 0.00444679 -0.157281 0 0
0.375398 0.00265939 -0.178772 0 0
0.375408 0.000998666 -0.1661 0 0
0.375351 -0.00568295 -0.668184 0 0
0.374136 -0.12142 -11.5738 0 0
0.373969 -0.0167065 10.4714 0 0
0.373786 -0.0182727 -0.156663 0 0
0.373617 -0.0169269 0.134524 0 0
0.373464 -0.0153475 0.157882 0 0
0.373324 -0.0139161 0.143097 0 0
0.373198 -0.0126262 0.12895 0 0
0.373084 -0.0114422 0.118345 0 0
0.37298 -0.0103214 0.112025 0 0
0.372888 -0.00921679 0.110382 0 0
0.372807 -0.00808195 0.113387 0 0
0.372738 -0.00687595 0.120483 0 0
0.372683 -0.00556214 0.131246 0 0
0.372642 -0.00411251 0.144814 0 0
0.372616 -0.00251405 0.159686 0 0
0.372609 -0.000769467 0.174293 0 0
0.37262 0.0011195 0.188728 0 0
0.372651 0.00313043 0.200924 0 0
0.372703 0.00523541 0.210332 0 0
0.372777 0.00740295 0.216591 0 0
0.372873 0.00959965 0.219507 0 0
0.372991 0.0117903 0.218904 0 0
0.373131 0.0139412 0.21492 0 0
0.373291 0.016017 0.207414 0 0
0.373471 0.0179779 0.195913 0 0
0.373669 0.0197755 0.179572 0 0
0.373882 0.0213491 0.157159 0 0
0.374109 0.022619 0.126766 0 0
0.374344 0.0234709 0.08496 0 0
0.374581 0.0237193 0.0245788 0 0
0.375207 0.0625169 3.88034 0 0
0.375398 0.0191426 -4.33774 0 0
0.375494 0.00954755 -0.959611 0 0
0.375555 0.00606586 -0.348221 0 0
0.375596 0.00409979 -0.19663 0 0
0.375621 0.00256441 -0.153536 0 0
0.375638 0.00166127 -0.0902933 0 0
0.375652 0.00142821 -0.0232813 0 0
0.375665 0.00129285 -0.0135151 0 0
0.375677 0.00121706 -0.00755788 0 0
0.375689 0.00120427 -0.00125847 0 0
0.375701 0.00121104 0.000696959 0 0
0.375713 0.00122445 0.00135938 0 0
0.375725 0.0012439 0.00196093 0 0
0.375738 0.001272 0.00282426 0 0
0.375751 0.00131289 0.00410072 0 0
0.375765 0.0013628 0.00500025 0 0
0.375779 0.00140762 0.0044869 0 0
0.375793 0.00141106 0.000345972 0 0
0.374626 -0.116643 -11.8053 0 0
0.374438 -0.0188429 9.77981 0 0
0.374233 -0.0204711 -0.162823 0 0
0.374038 -0.0194908 0.0979893 0 0
0.373859 -0.0178912 0.159926 0 0
0.373695 -0.0163773 0.151364 0 0
0.373545 -0.01504 0.133716 0 0
0.373406 -0.0138516 0.118823 0 0
0.373278 -0.0127672 0.108422 0 0
0.373161 -0.0117265 0.10405 0 0
0.373054 -0.0106906 0.103564 0 0
0.372958 -0.00962132 0.106898 0 0
0.372873 -0.00847692 0.114403 0 0
0.372801 -0.00722089 0.125561 0 0
0.372743 -0.00582684 0.139361 0 0
0.3727 -0.00428451 0.154191 0 0
0.372674 -0.00258705 0.169708 0 0
0.372666 -0.000744981 0.184175 0 0
0.372678 0.0012148 0.195956 0 0
0.372711 0.00327093 0.205601 0 0
0.372765 0.00539052 0.211956 0 0
0.37284 0.00753984 0.214937 0 0
0.372937 0.00968529 0.214555 0 0
0.373055 0.0118519 0.216684 0 0
0.373195 0.0139682 0.211652 0 0
0.373355 0.0159816 0.201373 0 0
0.373533 0.0178415 0.18602 0 0
0.373728 0.0194835 0.164228 0 0
0.373936 0.0208228 0.133955 0 0
0.374153 0.0217222 0.0899643 0 0
0.374373 0.0220257 0.0303506 0 0
0.374642 0.0268599 0.483506 0 0
0.374731 0.00893543 -1.79242 0 0
0.374763 0.00314545 -0.578998 0 0
0.374781 0.00183624 -0.130918 0 0
0.374797 0.00157258 -0.0263655 0 0
0.374812 0.0015337 -0.00388733 0 0
0.374828 0.00155785 0.0024149 0 0
0.374844 0.0015918 0.00339478 0 0
0.37486 0.00161716 0.00253452 0 0
0.374876 0.00164391 0.00267393 0 0
0.374893 0.00167925 0.00353151 0 0
0.37491 0.00171893 0.0039674 0 0
0.374928 0.00175842 0.0039494 0 0
0.374946 0.00179591 0.00375194 0 0
0.374965 0.00183043 0.00345826 0 0
0.374983 0.00186098 0.00306677 0 0
0.375002 0.00188703 0.00262494 0 0
0.375022 0.00190658 0.00198285 0 0
0.375041 0.00191806 0.00118717 0 0
0.375982 0.094059 9.21398 0 0
0.375634 -0.0347865 -12.8843 0 0
0.374263 -0.137117 -10.2328 0 0
0.374064 -0.0198906 11.7227 0 0
0.37388 -0.0184501 0.144068 0 0
0.373714 -0.0165992 0.185128 0 0
0.373562 -0.0151866 0.141321 0 0
0.373423 -0.0138841 0.130307 0 0
0.373297 -0.0126847 0.119994 0 0
0.373181 -0.0115592 0.112597 0 0
0.373077 -0.0104521 0.110739 0 0
0.372983 -0.00931334 0.113887 0 0
0.372902 -0.00810292 0.121036 0 0
0.372835 -0.00678458 0.13181 0 0
0.372781 -0.00533074 0.145344 0 0
0.372744 -0.00372965 0.160057 0 0
0.372724 -0.00198158 0.174749 0 0
0.372723 -8.66859e-05 0.189426 0 0
0.372742 0.00192995 0.2016 0 0
0.372783 0.00403965 0.210908 0 0
0.372845 0.0062115 0.217126 0 0
0.372929 0.00841324 0.220115 0 0
0.373035 0.0106095 0.219564 0 0
0.373163 0.0127663 0.215623 0 0
0.373311 0.014848 0.20811 0 0
0.373479 0.0168139 0.196523 0 0
0.373665 0.0186146 0.179994 0 0
0.373867 0.020187 0.157149 0 0
0.374082 0.0214478 0.125975 0 0
0.374305 0.022277 0.0828131 0 0
0.37453 0.0224789 0.0200614 0 0
0.375123 0.0593557 3.68814 0 0
0.37528 0.0156693 -4.36875 0 0
0.375337 0.0056773 -0.99921 0 0
0.375362 0.00246092 -0.321617 0 0
0.375377 0.00156017 -0.0900467 0 0
0.375389 0.00123491 -0.0325005 0 0
0.3754 0.00109234 -0.0142286 0 0
0.375411 0.00103237 -0.00596545 0 0
0.375421 0.00101808 -0.00139683 0 0
0.375431 0.00104386 0.00260525 0 0
0.375442 0.00108702 0.00434228 0 0
0.375453 0.00114167 0.0054894 0 0
0.375465 0.00118743 0.00459867 0 0
0.375477 0.00123 0.00427723 0 0
0.37549 0.00126983 0.00399969 0 0
0.375503 0.00131212 0.00424277 0 0
0.375516 0.00135266 0.00406446 0 0
0.37553 0.00139971 0.00471316 0 0
0.375544 0.00145547 0.00558077 0 0
0.37449 -0.105476 -10.6931 0 0
0.374326 -0.0163855 8.90898 0 0
0.374124 -0.0201744 -0.378897 0 0
0.373929 -0.01943 0.0744181 0 0
0.373751 -0.0178817 0.154814 0 0
0.373587 -0.0163853 0.149634 0 0
0.373436 -0.0150513 0.133402 0 0
0.373298 -0.0138655 0.118586 0 0
0.37317 -0.0127845 0.108097 0 0
0.373052 -0.0117619 0.102261 0 0
0.372945 -0.0107346 0.102724 0 0
0.372848 -0.00967377 0.106071 0 0
0.372763 -0.008538 0.113554 0 0
0.37269 -0.00728933 0.124839 0 0
0.372631 -0.00590048 0.138853 0 0
0.372587 -0.00435676 0.15434 0 0
0.372561 -0.00265641 0.170005 0 0
0.372552 -0.000810124 0.184603 0 0
0.372564 0.00116103 0.197097 0 0
0.372596 0.00322868 0.206755 0 0
0.37265 0.00536041 0.21317 0 0
0.372725 0.00752235 0.216198 0 0
0.372822 0.00968801 0.216574 0 0
0.37294 0.0118261 0.213819 0 0
0.373079 0.0138956 0.206966 0 0
0.373237 0.0158718 0.197628 0 0
0.373414 0.017701 0.182933 0 0
0.373607 0.0193 0.159906 0 0
0.373813 0.0206155 0.13154 0 0
0.374029 0.0215617 0.0945992 0 0
0.374249 0.0219948 0.0432896 0 0
0.37452 0.0271024 0.510791 0 0
0.374608 0.00874828 -1.83542 0 0
0.374639 0.00317906 -0.556943 0 0
0.374659 0.00197056 -0.120859 0 0
0.374675 0.00161962 -0.0351039 0 0
0.374691 0.00154578 -0.00739271 0 0
0.374707 0.00157503 0.00291788 0 0
0.374723 0.00161202 0.00369425 0 0
0.374739 0.00164483 0.00327639 0 0
0.374756 0.00167413 0.00292738 0 0
0.374773 0.0017023 0.00281531 0 0
0.374791 0.00173949 0.00371881 0 0
0.374808 0.00178314 0.00436597 0 0
0.374827 0.00183123 0.00481318 0 0
0.374846 0.00188334 0.00521789 0 0
0.374865 0.00193853 0.00553135 0 0
0.374885 0.00199678 0.0058444 0 0
0.374906 0.00205566 0.00591706 0 0
0.374928 0.00211331 0.00580445 0 0
0.375807 0.0879171 8.5803 0 0
0.375407 -0.0400685 -12.7983 0 0
0.375239 -0.0167446 2.33246 0 0
0.375034 -0.0205188 -0.377305 0 0
0.374839 -0.0195738 0.0946251 0 0
0.374659 -0.0180639 0.151128 0 0
0.374492 -0.0166541 0.141128 0 0
0.374339 -0.0153461 0.130949 0 0
0.374198 -0.0141185 0.122918 0 0
0.374069 -0.0129482 0.117198 0 0
0.373951 -0.0117945 0.115542 0 0
0.373845 -0.0106139 0.118224 0 0
0.373752 -0.00936947 0.124598 0 0
0.373672 -0.00802847 0.134243 0 0
0.373606 -0.00656779 0.14619 0 0
0.373556 -0.00498018 0.158855 0 0
0.373524 -0.0032884 0.16924 0 0
0.373506 -0.00178578 0.150276 0 0
0.373541 0.0035039 0.529065 0 0
0.373592 0.00504241 0.153847 0 0
0.373657 0.00653999 0.149744 0 0
0.373738 0.00800877 0.146873 0 0
0.373832 0.00942295 0.14143 0 0
0.373941 0.0109228 0.150024 0 0
0.374065 0.0123983 0.147602 0 0
0.374202 0.0137087 0.131117 0 0
0.374349 0.0147977 0.108996 0 0
0.374505 0.0155778 0.0781098 0 0
0.374663 0.0158947 0.0317971 0 0
0.373856 -0.0807161 -9.6606 0 0
0.374086 0.0230499 10.3766 0 0
0.374643 0.0557273 3.26751 0 0
0.374764 0.0121276 -4.35988 0 0
0.374804 0.00394331 -0.818353 0 0
0.37482 0.00167921 -0.226372 0 0
0.374832 0.00112565 -0.055324 0 0
0.374842 0.00106914 -0.00562673 0 0
0.374853 0.0011322 0.00632714 0 0
0.374865 0.00119542 0.00634558 0 0
0.374878 0.00123656 0.00413721 0 0
0.37489 0.00126411 0.00277803 0 0
0.374903 0.00130458 0.00407009 0 0
0.374917 0.00135547 0.00510923 0 0
0.374931 0.00140452 0.00492322 0 0
0.374945 0.00144965 0.00452897 0 0
0.37496 0.0014934 0.00438804 0 0
0.374975 0.00153603 0.0042734 0 0
0.374991 0.0015859 0.00499401 0 0
0.375007 0.00163411 0.0048259 0 0
0.375024 0.00167417 0.00400722 0 0
0.37463 -0.0394294 -4.11028 0 0
0.374562 -0.00677512 3.26555 0 0
0.374369 -0.0192461 -1.24708 0 0
0.374175 -0.019442 -0.0196022 0 0
0.373995 -0.0180154 0.142663 0 0
0.373829 -0.0165778 0.143781 0 0
0.373677 -0.0152601 0.131807 0 0
0.373536 -0.0140816 0.117884 0 0
0.373406 -0.013009 0.107311 0 0
0.373286 -0.0119943 0.101504 0 0
0.373176 -0.0109904 0.100427 0 0
0.373077 -0.00993757 0.105304 0 0
0.372989 -0.00880396 0.113373 0 0
0.372913 -0.00755732 0.124667 0 0
0.372852 -0.00617128 0.138599 0 0
0.372805 -0.00463493 0.153627 0 0
0.372776 -0.00294279 0.169205 0 0
0.372765 -0.00110342 0.183929 0 0
0.372773 0.000862718 0.196611 0 0
0.372802 0.00292748 0.206479 0 0
0.372853 0.005057 0.212962 0 0
0.372925 0.00721492 0.215807 0 0
0.373019 0.0094322 0.221751 0 0
0.373135 0.0115815 0.21496 0 0
0.373271 0.0136447 0.206346 0 0
0.373427 0.0155989 0.195442 0 0
0.373601 0.0173973 0.17987 0 0
0.373791 0.0189848 0.158771 0 0
0.373994 0.0202937 0.130901 0 0
0.374206 0.021231 0.0937355 0 0
0.374423 0.0216506 0.0419519 0 0
0.374691 0.0268353 0.518558 0 0
0.374803 0.0111411 -1.56938 0 0
0.374836 0.0032908 -0.785029 0 0
0.374852 0.00163257 -0.165823 0 0
0.374865 0.00125798 -0.0374593 0 0
0.374876 0.00114709 -0.0110914 0 0
0.374888 0.00115049 0.000337359 0 0
0.374899 0.0011851 0.0034609 0 0
0.374912 0.00128504 0.00999579 0 0
0.374926 0.00133513 0.00501219 0 0
0.374939 0.00137182 0.0036733 0 0
0.374954 0.00141298 0.00412256 0 0
0.374968 0.00144794 0.00350437 0 0
0.374983 0.00151369 0.00658318 0 0
0.374999 0.00159818 0.00845315 0 0
0.375016 0.00162822 0.00301136 0 0
0.375033 0.00168497 0.0056865 0 0
0.37505 0.0017563 0.00714966 0 0
0.375069 0.00182778 0.00717264 0 0
0.375429 0.0359987 3.41714 0 0
0.374579 -0.08502 -12.1018 0 0
0.3744 -0.01795 6.70703 0 0
0.374203 -0.0196584 -0.170838 0 0
0.374021 -0.0182135 0.144515 0 0
0.373854 -0.0167086 0.150529 0 0
0.373701 -0.0153043 0.140479 0 0
0.373561 -0.0140451 0.125978 0 0
0.373432 -0.0128963 0.114923 0 0
0.373314 -0.0118099 0.108679 0 0
0.373206 -0.0107377 0.107253 0 0
0.37311 -0.00963204 0.110577 0 0
0.373026 -0.00845349 0.117848 0 0
0.372954 -0.00716607 0.128718 0 0
0.372897 -0.00574227 0.142343 0 0
0.372855 -0.00416627 0.157552 0 0
0.37283 -0.00243466 0.173108 0 0
0.372825 -0.00055607 0.187804 0 0
0.372839 0.00144542 0.200095 0 0
0.372875 0.00354125 0.209531 0 0
0.372932 0.00570029 0.215858 0 0
0.373011 0.0078906 0.218987 0 0
0.373111 0.0100766 0.218559 0 0
0.373234 0.0122244 0.214735 0 0
0.373377 0.0142983 0.207351 0 0
0.373539 0.0162579 0.19591 0 0
0.37372 0.0180539 0.179544 0 0
0.373916 0.0196227 0.156823 0 0
0.374125 0.020882 0.125855 0 0
0.374342 0.0217128 0.0829975 0 0
0.374561 0.0219203 0.0206509 0 0
0.375141 0.0579919 3.60759 0 0
0.375284 0.0142853 -4.37072 0 0
0.375332 0.00480261 -0.948256 0 0
0.375348 0.00157116 -0.323114 0 0
0.375356 0.000827126 -0.0743538 0 0
0.375363 0.000666759 -0.0160057 0 0
0.375369 0.000675401 0.000891466 0 0
0.375377 0.000724712 0.00495681 0 0
0.375384 0.000771278 0.0046825 0 0
0.375392 0.000812338 0.00413096 0 0
0.375401 0.000857623 0.00455266 0 0
0.37541 0.000903669 0.00462756 0 0
0.375419 0.000945457 0.00419987 0 0
0.375429 0.000983327 0.00380578 0 0
0.375439 0.00101875 0.00355854 0 0
0.375449 0.00105321 0.0034586 0 0
0.37546 0.00108621 0.0033088 0 0
0.375471 0.001117 0.0030847 0 0
0.375483 0.00114489 0.00279214 0 0
0.375019 -0.0464012 -4.75453 0 0
0.374938 -0.00808518 3.8317 0 0
0.374743 -0.0194804 -1.13951 0 0
0.374546 -0.0196677 -0.018732 0 0
0.374364 -0.0182568 0.14111 0 0
0.374195 -0.016882 0.137524 0 0
0.374039 -0.0156218 0.126081 0 0
0.373895 -0.0144514 0.117106 0 0
0.373761 -0.0133676 0.108444 0 0
0.373638 -0.0123433 0.102497 0 0
0.373526 -0.0111523 0.119159 0 0
0.373425 -0.0101647 0.0988151 0 0
0.373334 -0.00906382 0.11013 0 0
0.373256 -0.00782263 0.124146 0 0
0.373191 -0.00643875 0.138406 0 0
0.373142 -0.00489754 0.154129 0 0
0.373111 -0.00318791 0.170968 0 0
0.373097 -0.0013254 0.186257 0 0
0.373104 0.000664045 0.198955 0 0
0.373131 0.00275117 0.208729 0 0
0.37318 0.004903 0.215206 0 0
0.373251 0.00708493 0.218222 0 0
0.373344 0.00926284 0.217826 0 0
0.373458 0.0114026 0.214009 0 0
0.373592 0.0134686 0.206641 0 0
0.373746 0.0154217 0.195356 0 0
0.373919 0.0172165 0.17951 0 0
0.374106 0.0187959 0.157969 0 0
0.374307 0.020089 0.129334 0 0
0.374517 0.021001 0.0912134 0 0
0.374731 0.0213791 0.03782 0 0
0.375 0.0268383 0.546021 0 0
0.375085 0.00852886 -1.83093 0 0
0.37511 0.00251884 -0.601038 0 0
0.375121 0.00109556 -0.142368 0 0
0.37513 0.000849066 -0.0246951 0 0
0.375138 0.000754039 -0.00955243 0 0
0.375145 0.000711169 -0.00433931 0 0
0.375152 0.000670034 -0.00416629 0 0
0.375158 0.000607405 -0.00631424 0 0
0.375164 0.000518409 -0.00894677 0 0
0.375168 0.000401735 -0.0117067 0 0
0.375171 0.000246065 -0.0155952 0 0
0.375172 3.47198e-05 -0.0211496 0 0
0.37517 -0.00025538 -0.0290101 0 0
0.375164 -0.000672607 -0.041706 0 0
0.375152 -0.0013607 -0.0687725 0 0
0.374159 -0.0993546 -9.79881 0 0
0.37428 0.0121369 11.1495 0 0
0.374383 0.0102098 -0.192658 0 0
0.374297 -0.00862351 -1.88342 0 0
0.374285 -0.00120402 0.742135 0 0
0.374105 -0.0179994 -1.67948 0 0
0.373908 -0.0196845 -0.16848 0 0
0.373725 -0.0183264 0.135822 0 0
0.373559 -0.0165885 0.173832 0 0
0.373408 -0.0151358 0.145309 0 0
0.37327 -0.0138729 0.126332 0 0
0.373142 -0.0127232 0.115004 0 0
0.373026 -0.011637 0.108659 0 0
0.37292 -0.0105643 0.107288 0 0
0.372826 -0.00945735 0.110699 0 0
0.372743 -0.00827726 0.117997 0 0
0.372673 -0.00698859 0.128838 0 0
0.372618 -0.00556418 0.1424 0 0
0.372578 -0.00398849 0.157519 0 0
0.372555 -0.0022582 0.172975 0 0
0.372551 -0.000381705 0.187595 0 0
0.372567 0.00161656 0.199774 0 0
0.372604 0.00370794 0.20909 0 0
0.372663 0.00586161 0.215324 0 0
0.372743 0.00804614 0.218415 0 0
0.372846 0.0102261 0.217959 0 0
0.372969 0.0123678 0.214132 0 0
0.373114 0.014436 0.206789 0 0
0.373278 0.016391 0.195453 0 0
0.373459 0.0181844 0.179296 0 0
0.373657 0.0197543 0.156938 0 0
0.373867 0.0210212 0.126628 0 0
0.374086 0.0218717 0.0849688 0 0
0.374307 0.0221209 0.0248306 0 0
0.374875 0.056779 3.4662 0 0
0.375009 0.0133927 -4.33868 0 0
0.375051 0.00416183 -0.923069 0 0
0.375067 0.00164843 -0.251317 0 0
0.375077 0.000953799 -0.0694421 0 0
0.375085 0.000794542 -0.0159081 0 0
0.375093 0.000823313 0.00289168 0 0
0.375102 0.000870369 0.00471985 0 0
0.375111 0.000922781 0.00525496 0 0
0.37512 0.000966511 0.00438607 0 0
0.37513 0.00101659 0.0050202 0 0
0.375141 0.00106858 0.00521134 0 0
0.375152 0.00113462 0.00661411 0 0
0.375164 0.00120246 0.00679158 0 0
0.375177 0.00124755 0.00451579 0 0
0.37519 0.00128448 0.00369881 0 0
0.375203 0.00131627 0.00318315 0 0
0.375216 0.00134726 0.00310272 0 0
0.37523 0.0013679 0.00206629 0 0
0.375129 -0.0100376 -1.14039 0 0
0.375102 -0.00271967 0.731936 0 0
0.374913 -0.0189396 -1.62196 0 0
0.374712 -0.0201296 -0.119 0 0
0.374525 -0.0187051 0.142474 0 0
0.374353 -0.0172306 0.147489 0 0
0.374194 -0.0158276 0.140358 0 0
0.374048 -0.0146676 0.116072 0 0
0.373912 -0.0135872 0.108109 0 0
0.373786 -0.0125676 0.102035 0 0
0.373671 -0.011546 0.10222 0 0
0.373566 -0.0104848 0.106175 0 0
0.373473 -0.00934621 0.113891 0 0
0.373392 -0.00809874 0.124769 0 0
0.373325 -0.00670759 0.139124 0 0
0.373273 -0.00515714 0.155045 0 0
0.373239 -0.00344715 0.170992 0 0
0.373223 -0.0015899 0.185716 0 0
0.373227 0.000391709 0.198152 0 0
0.373251 0.00246729 0.20755 0 0
0.373297 0.00460215 0.213479 0 0
0.373365 0.00675983 0.21576 0 0
0.373454 0.00890338 0.214343 0 0
0.373564 0.0109938 0.209027 0 0
0.373694 0.0129878 0.199363 0 0
0.373842 0.0148311 0.184289 0 0
0.374006 0.0164453 0.161347 0 0
0.374183 0.0176732 0.122689 0 0
0.373395 -0.0788483 -9.65192 0 0
0.373622 0.022676 10.1522 0 0
0.37385 0.0228829 0.0206289 0 0
0.374385 0.0534744 3.05944 0 0
0.374502 0.011632 -4.1842 0 0
0.374536 0.00346231 -0.816905 0 0
0.374552 0.00157306 -0.188887 0 0
0.374564 0.00122926 -0.034372 0 0
0.374577 0.00129697 0.00677459 0 0
0.374591 0.00142551 0.0128572 0 0
0.374606 0.00148602 0.00605437 0 0
0.374621 0.00152535 0.00393603 0 0
0.374637 0.00155665 0.00313253 0 0
0.374653 0.00159834 0.00417157 0 0
0.374669 0.00163849 0.00401655 0 0
0.374686 0.00167275 0.00342654 0 0
0.374703 0.0017005 0.00277655 0 0
0.37472 0.00172512 0.00246271 0 0
0.374738 0.00174958 0.00244624 0 0
0.374755 0.00176877 0.0019201 0 0
0.374773 0.00178427 0.00155117 0 0
0.374791 0.00179551 0.00112427 0 0
0.3748 0.000894569 -0.0899539 0 0
0.374795 -0.000458082 -0.13537 0 0
0.374614 -0.0181591 -1.77011 0 0
0.374418 -0.0196291 -0.147009 0 0
0.374235 -0.018265 0.136398 0 0
0.374068 -0.0167345 0.153065 0 0
0.373914 -0.0153307 0.140397 0 0
0.373774 -0.0140639 0.126698 0 0
0.373645 -0.0129036 0.116046 0 0
0.373527 -0.0118051 0.109857 0 0
0.37342 -0.0107205 0.108458 0 0
0.373324 -0.00960214 0.111809 0 0
0.37324 -0.00841097 0.119076 0 0
0.373168 -0.00711123 0.129915 0 0
0.373112 -0.00567564 0.143488 0 0
0.373071 -0.00408863 0.15862 0 0
0.373047 -0.00234702 0.174076 0 0
0.373043 -0.000459557 0.18866 0 0
0.373058 0.00154932 0.200803 0 0
0.373095 0.00365094 0.210081 0 0
0.373153 0.00581431 0.21626 0 0
0.373233 0.00800764 0.21926 0 0
0.373335 0.0101955 0.218711 0 0
0.373458 0.0123441 0.214791 0 0
0.373602 0.0144182 0.207335 0 0
0.373766 0.0163775 0.19585 0 0
0.373948 0.018173 0.179465 0 0
0.374145 0.0197417 0.156773 0 0
0.374355 0.0210015 0.125878 0 0
0.374574 0.0218335 0.0830861 0 0
0.374794 0.0220434 0.0208481 0 0
0.375384 0.0589395 3.69007 0 0
0.375537 0.0152637 -4.3677 0 0
0.375591 0.00546676 -0.979709 0 0
0.375612 0.00207378 -0.339281 0 0
0.375619 0.000716738 -0.135668 0 0
0.375623 0.000381217 -0.0335075 0 0
0.375625 0.000211206 -0.0169604 0 0
0.375626 0.000110043 -0.0100745 0 0
0.375626 6.10977e-05 -0.00485218 0 0
0.375626 1.31977e-05 -0.00474701 0 0
0.375626 -2.28389e-05 -0.00355652 0 0
0.375627 0.000115996 0.0139369 0 0
0.37563 0.00033299 0.0217448 0 0
0.375634 0.000407631 0.00748752 0 0
0.375637 0.000343847 -0.00637131 0 0
0.37564 0.000256209 -0.00876367 0 0
0.375641 0.00017076 -0.00855127 0 0
0.375642 5.46431e-05 -0.0116256 0 0
0.37564 -0.000102671 -0.0157527 0 0
0.375216 -0.042471 -4.23697 0 0
0.375153 -0.00628494 3.61886 0 0
0.374957 -0.0195946 -1.33095 0 0
0.374756 -0.020031 -0.0437215 0 0
0.37457 -0.0186253 0.140502 0 0
0.374397 -0.0172954 0.132924 0 0
0.374236 -0.0161163 0.117832 0 0
0.374085 -0.0150888 0.102664 0 0
0.373943 -0.0141926 0.0895123 0 0
0.373809 -0.0133965 0.079471 0 0
0.373682 -0.0126899 0.0704856 0 0
0.37356 -0.0121725 0.0515149 0 0
0.372472 -0.10879 -9.66142 0 0
0.372422 -0.00499514 10.3789 0 0
0.372387 -0.00351911 0.147381 0 0
0.372366 -0.00207962 0.143735 0 0
0.37236 -0.000552401 0.152522 0 0
0.372372 0.00114314 0.169374 0 0
0.372401 0.0029687 0.1824 0 0
0.37245 0.00488972 0.191969 0 0
0.372519 0.00687567 0.198488 0 0
0.372608 0.00889306 0.201657 0 0
0.372717 0.0109081 0.201441 0 0
0.372846 0.012887 0.197853 0 0
0.372993 0.0147945 0.190734 0 0
0.373159 0.0165913 0.179679 0 0
0.373342 0.0182312 0.164002 0 0
0.373538 0.0196579 0.142691 0 0
0.373746 0.0207996 0.114198 0 0
0.373962 0.0215565 0.0757337 0 0
0.374179 0.0217352 0.0179169 0 0
0.374705 0.052596 3.0864 0 0
0.374815 0.0109977 -4.15977 0 0
0.374843 0.0028254 -0.817128 0 0
0.374854 0.00115551 -0.166948 0 0
0.374864 0.000965606 -0.0189784 0 0
0.374874 0.00104712 0.00816005 0 0
0.374886 0.00116513 0.0118086 0 0
0.374898 0.0012197 0.00546432 0 0
0.374911 0.00126177 0.00421046 0 0
0.374924 0.00129832 0.00365788 0 0
0.374937 0.00134509 0.0046768 0 0
0.374951 0.00138859 0.00434749 0 0
0.374965 0.0014253 0.0036681 0 0
0.37498 0.00145489 0.00295461 0 0
0.374994 0.00148101 0.00260639 0 0
0.375009 0.00150697 0.00258931 0 0
0.375025 0.00152754 0.00204942 0 0
0.37504 0.00154391 0.00162973 0 0
0.375056 0.00155548 0.00114891 0 0
0.374758 -0.0297103 -3.12633 0 0
0.374707 -0.00510879 2.46008 0 0
0.374521 -0.0186592 -1.35508 0 0
0.374325 -0.0195855 -0.0926454 0 0
0.374143 -0.0181789 0.14064 0 0
0.373977 -0.0166437 0.15352 0 0
0.373824 -0.0152536 0.139015 0 0
0.373684 -0.0140038 0.124991 0 0
0.373556 -0.0128591 0.114484 0 0
0.373438 -0.0117752 0.108388 0 0
0.373331 -0.0107046 0.107052 0 0
0.373235 -0.00959955 0.110479 0 0
0.373151 -0.00842108 0.117804 0 0
0.373079 -0.0071338 0.12867 0 0
0.373022 -0.00571045 0.142264 0 0
0.372981 -0.00413542 0.157424 0 0
0.372957 -0.0024053 0.17293 0 0
0.372952 -0.00052847 0.187601 0 0
0.372966 0.00147054 0.199821 0 0
0.373002 0.00356304 0.209175 0 0
0.373059 0.00571815 0.215442 0 0
0.373138 0.00790434 0.218554 0 0
0.373239 0.010086 0.218107 0 0
0.373361 0.0122295 0.214282 0 0
0.373504 0.0142994 0.206929 0 0
0.373667 0.0162557 0.195568 0 0
0.373847 0.01805 0.179352 0 0
0.374043 0.0196197 0.156895 0 0
0.374252 0.0208845 0.126394 0 0
0.37447 0.0217288 0.0843243 0 0
0.37469 0.0219639 0.0233883 0 0
0.375266 0.0576631 3.57037 0 0
0.375408 0.0141773 -4.34868 0 0
0.375453 0.00451022 -0.966711 0 0
0.375471 0.00173177 -0.277827 0 0
0.375479 0.000799295 -0.0932262 0 0
0.375481 0.000287538 -0.0511475 0 0
0.37548 -8.0372e-05 -0.0367558 0 0
0.375476 -0.000471089 -0.0390314 0 0
0.375466 -0.000918714 -0.044719 0 0
0.375452 -0.00143466 -0.0515505 0 0
0.375431 -0.00202982 -0.0594725 0 0
0.375403 -0.00274343 -0.0713223 0 0
0.375367 -0.00365113 -0.0907421 0 0
0.375317 -0.00493138 -0.128014 0 0
0.374286 -0.103049 -9.8113 0 0
0.374307 0.00211565 10.5165 0 0
0.374326 0.00196115 -0.0154678 0 0
0.374342 0.0015443 -0.0416821 0 0
0.37436 0.0018375 0.0293244 0 0
0.374449 0.00888061 0.704584 0 0
0.374456 0.0007591 -0.812035 0 0
0.374275 -0.0181002 -1.88591 0 0
0.374082 -0.0193265 -0.122632 0 0
0.373901 -0.018089 0.123787 0 0
0.373735 -0.0166569 0.143256 0 0
0.373582 -0.0153249 0.13327 0 0
0.373441 -0.0141306 0.119501 0 0
0.37331 -0.013041 0.109036 0 0
0.37319 -0.0120091 0.103264 0 0
0.373081 -0.010988 0.10217 0 0
0.372981 -0.00993167 0.10569 0 0
0.372893 -0.00879681 0.113525 0 0
0.372818 -0.00754681 0.125027 0 0
0.372756 -0.00615469 0.139228 0 0
0.37271 -0.00460559 0.15492 0 0
0.372681 -0.00289787 0.170779 0 0
0.372671 -0.00104257 0.185539 0 0
0.37268 0.000938723 0.198144 0 0
0.37271 0.00301706 0.207856 0 0
0.372762 0.00515948 0.214271 0 0
0.372835 0.00733174 0.217263 0 0
0.37293 0.00949978 0.216846 0 0
0.373046 0.0116296 0.213027 0 0
0.373183 0.0136857 0.205662 0 0
0.373339 0.0156289 0.194368 0 0
0.373513 0.0174133 0.178484 0 0
0.373703 0.0189832 0.157027 0 0
0.373906 0.0202678 0.128489 0 0
0.374117 0.021169 0.0901459 0 0
0.374333 0.0215314 0.0362641 0 0
0.374853 0.0520107 3.04823 0 0
0.374959 0.0106291 -4.13811 0 0
0.374985 0.0026312 -0.799718 0 0
0.374995 0.0009978 -0.163316 0 0
0.375003 0.000800801 -0.0196951 0 0
0.375012 0.000881031 0.00802649 0 0
0.375022 0.000996509 0.0115516 0 0
0.375032 0.00105101 0.0054535 0 0
0.375043 0.00109229 0.0041308 0 0
0.375055 0.00112874 0.00364733 0 0
0.375066 0.00117546 0.00467415 0 0
0.375079 0.00122026 0.00448189 0 0
0.375091 0.00125885 0.00386064 0 0
0.375104 0.00129093 0.003209 0 0
0.375117 0.00131989 0.00289648 0 0
0.375131 0.00134867 0.00287862 0 0
0.375144 0.00137221 0.00235545 0 0
0.375158 0.00139212 0.0019921 0 0
0.375172 0.00140772 0.00156098 0 0
0.375187 0.00146045 0.00541628 0 0
0.37518 -0.000700797 -0.216233 0 0
0.374995 -0.0185238 -1.78231 0 0
0.374795 -0.0200051 -0.148151 0 0
0.374608 -0.0186381 0.136701 0 0
0.374438 -0.0170426 0.159558 0 0
0.373299 -0.113896 -9.68538 0 0
0.373164 -0.0135383 10.0359 0 0
0.373041 -0.0122866 0.125178 0 0
0.372929 -0.01117 0.111673 0 0
0.372828 -0.0101032 0.106674 0 0
0.372738 -0.00898858 0.111438 0 0
0.37266 -0.00780023 0.118794 0 0
0.372595 -0.00650426 0.129539 0 0
0.372545 -0.00507242 0.143112 0 0
0.37251 -0.00348911 0.158251 0 0
0.372492 -0.00175118 0.173708 0 0
0.372494 0.000132642 0.188295 0 0
0.372515 0.00213798 0.200447 0 0
0.372557 0.00423621 0.209741 0 0
0.372621 0.00639637 0.215938 0 0
0.372707 0.0085867 0.218958 0 0
0.372815 0.0107717 0.218425 0 0
0.372944 0.0129176 0.214519 0 0
0.373094 0.0149891 0.207077 0 0
0.373263 0.0169461 0.195616 0 0
0.373451 0.0187399 0.179289 0 0
0.373654 0.0203082 0.156731 0 0
0.37387 0.0215699 0.126069 0 0
0.374094 0.0224084 0.083727 0 0
0.37432 0.0226335 0.0223632 0 0
0.374913 0.0592664 3.66376 0 0
0.37507 0.0157279 -4.35398 0 0
0.375131 0.0060068 -0.972123 0 0
0.375157 0.00264747 -0.33592 0 0
0.37517 0.00130539 -0.134176 0 0
0.37518 0.0010595 -0.0245522 0 0
0.375191 0.00102211 -0.00371227 0 0
0.375201 0.0010427 0.00208262 0 0
0.375212 0.00107811 0.00356505 0 0
0.375223 0.00111592 0.00380339 0 0
0.375234 0.0011583 0.00426018 0 0
0.375246 0.00120012 0.00420384 0 0
0.375258 0.0012375 0.00375773 0 0
0.375271 0.00127078 0.00334486 0 0
0.375284 0.00130155 0.00309247 0 0
0.375297 0.00133142 0.00299932 0 0
0.375311 0.00135933 0.00279952 0 0
0.375325 0.00138473 0.00254635 0 0
0.375339 0.00140705 0.00223621 0 0
0.374839 -0.0500032 -5.1409 0 0
0.374752 -0.00860344 4.14007 0 0
0.374555 -0.0197158 -1.11123 0 0
0.374359 -0.0196111 0.010456 0 0
0.374177 -0.018184 0.142707 0 0
0.37401 -0.0167511 0.143305 0 0
0.373856 -0.015426 0.132536 0 0
0.373713 -0.0142415 0.118478 0 0
0.373582 -0.0131631 0.107873 0 0
0.37346 -0.0121421 0.102128 0 0
0.373349 -0.0111314 0.101093 0 0
0.373248 -0.0100699 0.106167 0 0
0.373159 -0.00892921 0.114073 0 0
0.373082 -0.00767616 0.125301 0 0
0.373019 -0.00628432 0.139174 0 0
0.372972 -0.00473914 0.154506 0 0
0.372942 -0.00303893 0.170009 0 0
0.37293 -0.0011944 0.184445 0 0
0.372937 0.000773551 0.196792 0 0
0.372966 0.00283671 0.206319 0 0
0.373015 0.00497441 0.213781 0 0
0.373087 0.00714826 0.217404 0 0
0.37318 0.00932169 0.217366 0 0
0.373294 0.0114611 0.213972 0 0
0.37343 0.0135317 0.207092 0 0
0.373585 0.0154948 0.196337 0 0
0.373758 0.0173048 0.181033 0 0
0.373946 0.0189066 0.160197 0 0
0.374149 0.0202297 0.132335 0 0
0.37436 0.0211773 0.0947689 0 0
0.374576 0.021583 0.0405717 0 0
0.374843 0.0266249 0.504289 0 0
0.374931 0.00877768 -1.7847 0 0
0.37496 0.00291334 -0.586448 0 0
0.374974 0.00141992 -0.149349 0 0
0.374986 0.00119532 -0.0224634 0 0
0.374997 0.00112299 -0.00723568 0 0
0.375008 0.00112145 -0.000157279 0 0
0.37502 0.00115141 0.00299214 0 0
0.375033 0.00129602 0.0144535 0 0
0.375046 0.00131563 0.00195427 0 0
0.37506 0.0013598 0.00440996 0 0
0.375074 0.00140561 0.00457662 0 0
0.375089 0.00144037 0.00347495 0 0
0.375103 0.00146217 0.00218392 0 0
0.375118 0.00146791 0.00058538 0 0
0.375133 0.0014531 -0.00145834 0 0
0.375148 0.00141223 -0.00405062 0 0
0.375161 0.00133607 -0.00756299 0 0
0.375174 0.00121232 -0.0123037 0 0
0.375398 0.0223593 2.11458 0 0
0.374424 -0.0974562 -11.9812 0 0
0.374251 -0.0173544 8.01052 0 0
0.374057 -0.0193655 -0.201042 0 0
0.373874 -0.0183429 0.102328 0 0
0.373702 -0.0172195 0.112402 0 0
0.373546 -0.0155746 0.164545 0 0
0.373404 -0.014188 0.13873 0 0
0.373274 -0.0130229 0.116564 0 0
0.373155 -0.0119279 0.109557 0 0
0.373047 -0.0108522 0.107616 0 0
0.372949 -0.00974352 0.11089 0 0
0.372864 -0.0085616 0.1182 0 0
0.372791 -0.00727088 0.129064 0 0
0.372733 -0.00584415 0.142651 0 0
0.37269 -0.00426589 0.157796 0 0
0.372664 -0.00253283 0.17327 0 0
0.372658 -0.000653665 0.18788 0 0
0.372671 0.00134734 0.200066 0 0
0.372706 0.00344138 0.209373 0 0
0.372762 0.00559741 0.215577 0 0
0.372839 0.00778378 0.218615 0 0
0.372939 0.0099651 0.218112 0 0
0.37306 0.0121076 0.214235 0 0
0.373202 0.0141762 0.206832 0 0
0.373363 0.0161304 0.1954 0 0
0.373542 0.0179214 0.179069 0 0
0.373737 0.0194854 0.156363 0 0
0.373945 0.0207398 0.125391 0 0
0.37416 0.0215661 0.0825669 0 0
0.374378 0.0217692 0.0202433 0 0
0.374947 0.0568633 3.50978 0 0
0.375079 0.0131719 -4.36915 0 0
0.375118 0.00392446 -0.924715 0 0
0.375133 0.00151289 -0.241124 0 0
0.375142 0.000873482 -0.0639162 0 0
0.37515 0.000800818 -0.00725182 0 0
0.375158 0.000854285 0.00536189 0 0
0.375167 0.00090812 0.00539947 0 0
0.375177 0.000950254 0.00422963 0 0
0.375186 0.000989583 0.00394843 0 0
0.375197 0.00103372 0.00442956 0 0
0.375207 0.00107972 0.0046147 0 0
0.375219 0.00112043 0.00408471 0 0
0.37523 0.00115465 0.00343385 0 0
0.375242 0.0011862 0.00316612 0 0
0.375254 0.00121742 0.00313106 0 0
0.375266 0.00124727 0.00299204 0 0
0.375279 0.00127728 0.0030061 0 0
0.375292 0.00130035 0.00231031 0 0
0.375085 -0.020745 -2.2044 0 0
0.375041 -0.0043489 1.63977 0 0
0.37485 -0.0190828 -1.47335 0 0
0.374649 -0.0201226 -0.10398 0 0
0.374463 -0.0186298 0.149282 0 0
0.374292 -0.0171023 0.152786 0 0
0.374135 -0.0156873 0.141557 0 0
0.373989 -0.0145996 0.108841 0 0
0.373854 -0.013549 0.105126 0 0
0.373729 -0.0125105 0.10392 0 0
0.373615 -0.011409 0.110216 0 0
0.373511 -0.0103913 0.101824 0 0
0.373419 -0.00926686 0.112482 0 0
0.373338 -0.00800604 0.126107 0 0
0.373272 -0.00660446 0.140172 0 0
0.373222 -0.00504689 0.155764 0 0
0.373189 -0.00333046 0.171648 0 0
0.373174 -0.00146661 0.186391 0 0
0.373179 0.00052271 0.198942 0 0
0.373205 0.0026084 0.208586 0 0
0.373253 0.00475744 0.214929 0 0
0.373322 0.00693561 0.217848 0 0
0.373413 0.00910786 0.217262 0 0
0.373525 0.0112398 0.213236 0 0
0.373658 0.0132969 0.20575 0 0
0.373811 0.0152397 0.194311 0 0
0.373981 0.0170212 0.178183 0 0
0.374167 0.0185841 0.156315 0 0
0.374365 0.019855 0.127103 0 0
0.374572 0.0207319 0.0876861 0 0
0.374783 0.021053 0.0320868 0 0
0.375051 0.0268198 0.576753 0 0
0.375134 0.00829495 -1.8525 0 0
0.375155 0.0020712 -0.622452 0 0
0.375161 0.000509384 -0.156263 0 0
0.375162 9.52525e-05 -0.041502 0 0
0.37516 -0.000199366 -0.029557 0 0
0.375155 -0.000517661 -0.0319293 0 0
0.375146 -0.00100194 -0.0485332 0 0
0.374156 -0.0990179 -9.80128 0 0
0.374222 0.0065948 10.5613 0 0
0.374268 0.00455012 -0.204475 0 0
0.374298 0.00303541 -0.151469 0 0
0.374321 0.00229138 -0.0743987 0 0
0.374342 0.00210759 -0.0183776 0 0
0.374362 0.00206695 -0.00406356 0 0
0.374383 0.00210612 0.00391732 0 0
0.374405 0.0021322 0.00260915 0 0
0.374426 0.00214985 0.00176526 0 0
0.374448 0.00215593 0.000608592 0 0
0.37444 -0.000742827 -0.289733 0 0
0.374437 -0.000384086 0.0357716 0 0
0.374258 -0.0178447 -1.74608 0 0
0.374065 -0.0192912 -0.144659 0 0
0.373886 -0.0179311 0.136 0 0
0.373722 -0.0164068 0.152443 0 0
0.373572 -0.0150088 0.139823 0 0
0.373435 -0.0137472 0.126179 0 0
0.373309 -0.0125915 0.115586 0 0
0.373194 -0.0114971 0.109451 0 0
0.37309 -0.0104161 0.108099 0 0
0.372997 -0.00930097 0.111488 0 0
0.372915 -0.00811285 0.118774 0 0
0.372847 -0.00681617 0.129613 0 0
0.372793 -0.00538383 0.143166 0 0
0.372755 -0.00380046 0.158261 0 0
0.372735 -0.00206296 0.173669 0 0
0.372733 -0.000180128 0.188201 0 0
0.372751 0.00182359 0.200292 0 0
0.37279 0.0039196 0.209524 0 0
0.372851 0.00607701 0.215671 0 0
0.372934 0.00826427 0.218658 0 0
0.373038 0.010446 0.21811 0 0
0.373164 0.0125887 0.214201 0 0
0.373311 0.014657 0.206758 0 0
0.373477 0.0166104 0.195275 0 0
0.373661 0.0183998 0.178862 0 0
0.37386 0.0199616 0.156087 0 0
0.374073 0.0212129 0.125034 0 0
0.374293 0.0220336 0.0819591 0 0
0.374515 0.0222269 0.0192083 0 0
0.375107 0.0591029 3.68805 0 0
0.37526 0.0153293 -4.37746 0 0
0.375315 0.0054589 -0.987051 0 0
0.375335 0.00205784 -0.340083 0 0
0.375344 0.000936007 -0.112144 0 0
0.375351 0.000667424 -0.0268216 0 0
0.375357 0.000606571 -0.00605299 0 0
0.375363 0.000650434 0.00441287 0 0
0.37537 0.00070638 0.00562051 0 0
0.375378 0.000757924 0.00517935 0 0
0.375386 0.000806315 0.00486389 0 0
0.375394 0.000849707 0.0043631 0 0
0.375403 0.000885137 0.00356532 0 0
0.375412 0.000918086 0.00331493 0 0
0.375421 0.000951375 0.00334601 0 0
0.375431 0.000987 0.00357604 0 0
0.375441 0.00102278 0.00358818 0 0
0.375452 0.00106557 0.00428737 0 0
0.375463 0.00110498 0.00394439 0 0
0.374982 -0.0480414 -4.91449 0 0
0.374911 -0.00714077 4.09018 0 0
0.374715 -0.0196143 -1.24735 0 0
0.374517 -0.0197997 -0.0185576 0 0
0.374333 -0.0183778 0.142191 0 0
0.374164 -0.0169465 0.143149 0 0
0.374008 -0.015614 0.133278 0 0
0.373864 -0.0143555 0.125893 0 0
0.373732 -0.0131728 0.118327 0 0
0.373611 -0.0121601 0.101329 0 0
0.373498 -0.0112554 0.0905374 0 0
0.373396 -0.010232 0.102387 0 0
0.373305 -0.0090941 0.113818 0 0
0.373227 -0.00784246 0.125183 0 0
0.373162 -0.00644868 0.139386 0 0
0.373113 -0.00489669 0.1552 0 0
0.373082 -0.00318506 0.171161 0 0
0.373068 -0.0013251 0.185997 0 0
0.373075 0.000661411 0.198656 0 0
0.373103 0.00284682 0.218559 0 0
0.373153 0.00493799 0.209142 0 0
0.373224 0.00709527 0.215759 0 0
0.373316 0.0092755 0.218059 0 0
0.37343 0.0114136 0.213855 0 0
0.373565 0.0134762 0.206293 0 0
0.373719 0.0154263 0.19506 0 0
0.373891 0.0172183 0.179229 0 0
0.374079 0.0187963 0.157841 0 0
0.37428 0.0200905 0.12944 0 0
0.37449 0.0210037 0.0913471 0 0
0.374704 0.0213828 0.0379212 0 0
0.374973 0.0269315 0.55498 0 0
0.37506 0.00867897 -1.82522 0 0
0.375087 0.00269529 -0.598382 0 0
0.375099 0.00118287 -0.151258 0 0
0.375109 0.000960577 -0.0222491 0 0
0.375118 0.000888703 -0.00721161 0 0
0.375127 0.000874317 -0.00146582 0 0
0.375135 0.000868496 -0.000610716 0 0
0.375144 0.000846766 -0.00220154 0 0
0.375152 0.000803963 -0.00430659 0 0
0.37516 0.000739355 -0.00648155 0 0
0.375167 0.000643342 -0.00961392 0 0
0.375172 0.000503059 -0.0140308 0 0
0.375176 0.000303598 -0.0199367 0 0
0.375176 1.98913e-05 -0.0283469 0 0
0.375173 -0.000404279 -0.0423739 0 0
0.375162 -0.00114929 -0.0744391 0 0
0.374171 -0.0991454 -9.79906 0 0
0.374282 0.0110091 11.0157 0 0
0.374251 -0.00312601 -1.41372 0 0
0.374248 -0.000279861 0.284816 0 0
0.37407 -0.0177929 -1.75123 0 0
0.373875 -0.0195727 -0.177939 0 0
0.373691 -0.0183905 0.118239 0 0
0.373525 -0.0165849 0.180597 0 0
0.373374 -0.0150945 0.149076 0 0
0.373236 -0.0138271 0.126785 0 0
0.373109 -0.0126744 0.11531 0 0
0.372994 -0.0115868 0.10879 0 0
0.372889 -0.0105132 0.107377 0 0
0.372794 -0.0094056 0.110767 0 0
0.372712 -0.00822499 0.118048 0 0
0.372643 -0.00693589 0.12888 0 0
0.372588 -0.00551107 0.14244 0 0
0.372548 -0.00393494 0.157562 0 0
0.372526 -0.00220415 0.173024 0 0
0.372523 -0.000327098 0.187649 0 0
0.37254 0.00167181 0.199837 0 0
0.372577 0.00376393 0.209163 0 0
0.372636 0.00591843 0.215406 0 0
0.372717 0.00810405 0.218521 0 0
0.37282 0.010285 0.218057 0 0
0.372945 0.0124276 0.214225 0 0
0.37309 0.0144968 0.206877 0 0
0.373254 0.0164526 0.195539 0 0
0.373436 0.018247 0.17939 0 0
0.373635 0.0198182 0.157063 0 0
0.373846 0.0210871 0.126819 0 0
0.374065 0.0219407 0.0852789 0 0
0.374287 0.0221952 0.0253639 0 0
0.374856 0.0568977 3.47064 0 0
0.374992 0.0135429 -4.33553 0 0
0.375035 0.00432362 -0.921915 0 0
0.375052 0.0017198 -0.260361 0 0
0.375062 0.00101309 -0.0706496 0 0
0.37507 0.000828412 -0.0184475 0 0
0.375079 0.000849344 0.0021095 0 0
0.375088 0.000888665 0.00394812 0 0
0.375097 0.000942023 0.00535086 0 0
0.375107 0.000985319 0.00434412 0 0
0.375117 0.00103563 0.00504532 0 0
0.375128 0.0011004 0.0064892 0 0
0.37514 0.00118151 0.00812112 0 0
0.375152 0.00124938 0.00679575 0 0
0.375165 0.00129143 0.00421282 0 0
0.375178 0.00132423 0.00328642 0 0
0.375192 0.00135042 0.00262374 0 0
0.375206 0.00137291 0.00225295 0 0
0.37522 0.00139258 0.00196919 0 0
0.375079 -0.0140357 -1.54266 0 0
0.375046 -0.00329993 1.07373 0 0
0.374857 -0.0188909 -1.55905 0 0
0.374657 -0.0200938 -0.120295 0 0
0.37447 -0.0186328 0.146121 0 0
0.374299 -0.017154 0.147915 0 0
0.374141 -0.0158289 0.132558 0 0
0.373994 -0.0146351 0.119438 0 0
0.373859 -0.0135444 0.109132 0 0
0.373734 -0.0125121 0.103285 0 0
0.37362 -0.0114278 0.108485 0 0
0.373516 -0.010364 0.10643 0 0
0.373423 -0.00927286 0.109152 0 0
0.373343 -0.00803872 0.123437 0 0
0.373277 -0.00664357 0.139527 0 0
0.373226 -0.00509034 0.155328 0 0
0.373192 -0.00337874 0.171163 0 0
0.373177 -0.00151906 0.185973 0 0
0.373182 0.000498007 0.201718 0 0
0.373207 0.00256534 0.206752 0 0
0.373254 0.00470773 0.214265 0 0
0.373323 0.00688815 0.218075 0 0
0.373414 0.00906336 0.21756 0 0
0.373526 0.0111998 0.21369 0 0
0.373658 0.0132629 0.206347 0 0
0.37381 0.0152132 0.19508 0 0
0.37398 0.0170053 0.17925 0 0
0.374166 0.018584 0.157909 0 0
0.374365 0.0198796 0.129584 0 0
0.374573 0.0207907 0.0911303 0 0
0.374784 0.0211605 0.0369963 0 0
0.375051 0.0266315 0.547197 0 0
0.375134 0.00830948 -1.8322 0 0
0.375156 0.00224011 -0.606979 0 0
0.375163 0.000634856 -0.160575 0 0
0.375165 0.000243691 -0.0391756 0 0
0.375165 -5.44877e-05 -0.0298864 0 0
0.375161 -0.000402883 -0.0349159 0 0
0.375153 -0.000885486 -0.0483554 0 0
0.374164 -0.0989119 -9.80238 0 0
0.374219 0.00546804 10.438 0 0
0.374253 0.00344177 -0.202623 0 0
0.374279 0.00254481 -0.0896871 0 0
0.3743 0.00209799 -0.0446784 0 0
0.37432 0.00207505 -0.00229359 0 0
0.374341 0.0020927 0.00176565 0 0
0.374363 0.00214554 0.00528518 0 0
0.374384 0.00216138 0.00158461 0 0
0.374406 0.00217369 0.00123128 0 0
0.374428 0.00217662 0.000294335 0 0
0.374427 -6.0082e-05 -0.223528 0 0
0.374424 -0.000289209 -0.0230115 0 0
0.374246 -0.0177964 -1.75073 0 0
0.374054 -0.0192498 -0.14536 0 0
0.373875 -0.0178876 0.136223 0 0
0.373711 -0.0163601 0.152755 0 0
0.373562 -0.0149608 0.139949 0 0
0.373425 -0.013699 0.126196 0 0
0.3733 -0.0125438 0.115537 0 0
0.373185 -0.0114506 0.109329 0 0
0.373081 -0.0103715 0.107903 0 0
0.372989 -0.00925907 0.111225 0 0
0.372908 -0.00807404 0.118463 0 0
0.37284 -0.00678067 0.12928 0 0
0.372787 -0.00535158 0.14284 0 0
0.372749 -0.00377106 0.157973 0 0
0.372729 -0.00203575 0.173448 0 0
0.372727 -0.00015423 0.188068 0 0
0.372745 0.0018492 0.20026 0 0
0.372785 0.00394594 0.209596 0 0
0.372846 0.00610502 0.215834 0 0
0.372929 0.00829465 0.218893 0 0
0.373034 0.0104793 0.218395 0 0
0.37316 0.0126252 0.214521 0 0
0.373307 0.014697 0.207111 0 0
0.373473 0.0166546 0.195688 0 0
0.373658 0.0184496 0.17941 0 0
0.373858 0.0200196 0.156913 0 0
0.374071 0.0212843 0.126374 0 0
0.374292 0.0221277 0.0842241 0 0
0.374516 0.0223607 0.0231689 0 0
0.375104 0.0587748 3.64186 0 0
0.375257 0.0152593 -4.35166 0 0
0.375313 0.00556992 -0.968953 0 0
0.375335 0.00223037 -0.333935 0 0
0.375345 0.000977105 -0.125289 0 0
0.375351 0.000708266 -0.026843 0 0
0.375358 0.000653305 -0.00546471 0 0
0.375365 0.000689594 0.00365596 0 0
0.375372 0.000740302 0.00509679 0 0
0.37538 0.000784384 0.00443357 0 0
0.375388 0.000830284 0.00461507 0 0
0.375397 0.000876989 0.00469439 0 0
0.375406 0.000918889 0.00421203 0 0
0.375415 0.00095662 0.00379274 0 0
0.375425 0.000991846 0.00353953 0 0
0.375435 0.00102617 0.00344604 0 0
0.375446 0.00105807 0.00320015 0 0
0.375457 0.0010873 0.00292981 0 0
0.375468 0.00111498 0.0027724 0 0
0.374954 -0.0513281 -5.24417 0 0
0.374879 -0.00757331 4.37559 0 0
0.374682 -0.0196123 -1.2039 0 0
0.374485 -0.0197446 -0.0132389 0 0
0.374302 -0.0183215 0.142305 0 0
0.374133 -0.0168912 0.143051 0 0
0.373977 -0.0155658 0.132567 0 0
0.373833 -0.0143786 0.118757 0 0
0.373701 -0.0132723 0.110668 0 0
0.373579 -0.0121714 0.11013 0 0
0.373468 -0.0110836 0.108832 0 0
0.373368 -0.0100911 0.0992895 0 0
0.373277 -0.00904035 0.105114 0 0
0.373199 -0.00781187 0.122867 0 0
0.373135 -0.00641873 0.139322 0 0
0.373086 -0.00486927 0.154948 0 0
0.373055 -0.00316174 0.170752 0 0
0.373042 -0.00130465 0.18571 0 0
0.373048 0.000680913 0.198562 0 0
0.373076 0.0027645 0.208372 0 0
0.373125 0.00491298 0.214868 0 0
0.373196 0.00709199 0.217928 0 0
0.373288 0.0092672 0.217554 0 0
0.373402 0.0114044 0.21376 0 0
0.373538 0.0135699 0.216587 0 0
0.373693 0.0154656 0.189618 0 0
0.373865 0.0172395 0.177423 0 0
0.374053 0.0188277 0.158857 0 0
0.374254 0.020131 0.130352 0 0
0.374465 0.0210564 0.0925679 0 0
0.374679 0.0214571 0.040084 0 0
0.374948 0.0268276 0.537159 0 0
0.375035 0.00866555 -1.81617 0 0
0.375062 0.00275714 -0.590848 0 0
0.375075 0.0012451 -0.151211 0 0
0.375085 0.00104195 -0.0203258 0 0
0.375095 0.000983536 -0.00585563 0 0
0.375105 0.000984691 9.78699e-05 0 0
0.375115 0.000999732 0.00148465 0 0
0.375125 0.00100468 0.000475102 0 0
0.375135 0.00099505 -0.000981969 0 0
0.375145 0.000971279 -0.00239161 0 0
0.375155 0.000926148 -0.00452112 0 0
0.375164 0.000850717 -0.00754232 0 0
0.375171 0.000737303 -0.0113302 0 0
0.375178 0.00057565 -0.016141 0 0
0.375182 0.000348323 -0.0226897 0 0
0.375182 2.126e-05 -0.0326421 0 0
0.375178 -0.000490157 -0.051056 0 0
0.375163 -0.00153017 -0.103902 0 0
0.375247 0.00830066 0.983107 0 0
0.375261 0.00133864 -0.695737 0 0
0.375085 -0.0176375 -1.89743 0 0
0.374888 -0.0196829 -0.204375 0 0
0.373724 -0.116431 -9.67453 0 0
0.373557 -0.0167826 9.96496 0 0
0.373401 -0.0155346 0.124869 0 0
0.373258 -0.0143469 0.118826 0 0
0.373128 -0.0129487 0.139879 0 0
0.373011 -0.0117772 0.117196 0 0
0.372904 -0.0106947 0.108285 0 0
0.372808 -0.00958662 0.110823 0 0
0.372724 -0.00840838 0.117824 0 0
0.372653 -0.00712188 0.128635 0 0
0.372596 -0.00569946 0.142213 0 0
0.372555 -0.00412539 0.15737 0 0
0.372531 -0.00239615 0.172882 0 0
0.372525 -0.000519976 0.187574 0 0
0.37254 0.00147875 0.199832 0 0
0.372576 0.00357129 0.209219 0 0
0.372633 0.00572675 0.215515 0 0
0.372712 0.0079136 0.218658 0 0
0.372813 0.0100962 0.21824 0 0
0.372935 0.0122409 0.214438 0 0
0.373078 0.0143124 0.207126 0 0
0.373241 0.0162711 0.195846 0 0
0.373422 0.0180695 0.179808 0 0
0.373618 0.0196467 0.157675 0 0
0.373828 0.0209251 0.127781 0 0
0.374046 0.0217947 0.086902 0 0
0.374266 0.0220775 0.0281966 0 0
0.374824 0.0557781 3.37042 0 0
0.374951 0.0126189 -4.31594 0 0
0.374989 0.00387958 -0.873922 0 0
0.375005 0.00160523 -0.227419 0 0
0.375015 0.000957273 -0.0647797 0 0
0.375023 0.000851236 -0.0105917 0 0
0.375032 0.000882664 0.00315321 0 0
0.375042 0.000934882 0.00523197 0 0
0.375051 0.000982154 0.00473707 0 0
0.375062 0.00102432 0.00422619 0 0
0.375072 0.00107185 0.00476124 0 0
0.375083 0.00112022 0.00484535 0 0
0.375095 0.00116322 0.00430648 0 0
0.375107 0.00120125 0.00380986 0 0
0.375119 0.00123653 0.00353261 0 0
0.375132 0.00127128 0.003479 0 0
0.375145 0.00130305 0.00317993 0 0
0.375158 0.00133906 0.0036025 0 0
0.375172 0.0013843 0.00452643 0 0
0.37517 -0.000185816 -0.15679 0 0
0.375158 -0.00122003 -0.10329 0 0
0.374969 -0.0188986 -1.76783 0 0
0.374768 -0.0200881 -0.118952 0 0
0.374581 -0.0187678 0.132064 0 0
0.374408 -0.0173111 0.145718 0 0
0.374248 -0.0159768 0.133485 0 0
0.3741 -0.0148275 0.114993 0 0
0.373961 -0.0139366 0.0891541 0 0
0.373829 -0.0132211 0.0715869 0 0
0.372728 -0.110028 -9.6807 0 0
0.372635 -0.00934364 10.0685 0 0
0.372555 -0.00804379 0.129983 0 0
0.372486 -0.00686217 0.118179 0 0
0.372429 -0.00566388 0.119847 0 0
0.372387 -0.00423682 0.142716 0 0
0.372362 -0.00254875 0.168812 0 0
0.372355 -0.000692744 0.185608 0 0
0.372367 0.00128225 0.197513 0 0
0.372401 0.00335431 0.207226 0 0
0.372456 0.00549219 0.213817 0 0
0.372532 0.0076607 0.216887 0 0
0.37263 0.00982551 0.216522 0 0
0.37275 0.0119526 0.212756 0 0
0.37289 0.0140066 0.205448 0 0
0.373049 0.0159485 0.194233 0 0
0.373227 0.017733 0.17849 0 0
0.37342 0.0193055 0.157293 0 0
0.373625 0.0205974 0.129222 0 0
0.373841 0.0215142 0.0917024 0 0
0.37406 0.021907 0.0392973 0 0
0.374578 0.0518245 2.99204 0 0
0.374685 0.0107122 -4.11119 0 0
0.374713 0.00285849 -0.785298 0 0
0.374726 0.00128441 -0.157387 0 0
0.374737 0.00109926 -0.0185102 0 0
0.374749 0.00117339 0.00741548 0 0
0.374762 0.00128185 0.01085 0 0
0.374775 0.00133037 0.00485555 0 0
0.374789 0.00136694 0.00365897 0 0
0.374803 0.00139897 0.00320537 0 0
0.374817 0.00144077 0.00418247 0 0
0.374832 0.00148061 0.00398568 0 0
0.374847 0.00151468 0.0034083 0 0
0.374862 0.00154263 0.00279689 0 0
0.374878 0.00156764 0.00250266 0 0
0.374894 0.00159234 0.00247089 0 0
0.37491 0.00161187 0.00195427 0 0
0.374926 0.00162783 0.00159777 0 0
0.374943 0.00163957 0.00117666 0 0
0.374977 0.00341998 0.178177 0 0
0.374975 -0.000233544 -0.365456 0 0
0.374792 -0.0182619 -1.80285 0 0
0.374594 -0.01978 -0.151822 0 0
0.37441 -0.0184171 0.136293 0 0
0.374241 -0.0168824 0.153476 0 0
0.374087 -0.0154749 0.140763 0 0
0.373945 -0.014205 0.127016 0 0
0.373814 -0.013042 0.116307 0 0
0.373695 -0.0119416 0.110055 0 0
0.373586 -0.0108556 0.108593 0 0
0.373489 -0.00973646 0.111885 0 0
0.373404 -0.00854492 0.119111 0 0
0.373331 -0.007245 0.129932 0 0
0.373273 -0.00580917 0.143509 0 0
0.373231 -0.00422164 0.15867 0 0
0.373206 -0.002479 0.174177 0 0
0.3732 -0.00058988 0.188823 0 0
0.373214 0.00142139 0.201039 0 0
0.373249 0.00352614 0.210391 0 0
0.373306 0.00569326 0.216633 0 0
0.373385 0.00789079 0.219677 0 0
0.373486 0.0100831 0.219155 0 0
0.373608 0.0122364 0.215251 0 0
0.373751 0.0143152 0.207808 0 0
0.373914 0.0162796 0.196356 0 0
0.374095 0.0180811 0.18006 0 0
0.374292 0.0196577 0.157567 0 0
0.374501 0.0209292 0.127036 0 0
0.374719 0.0217795 0.0849069 0 0
0.374939 0.0220198 0.0238877 0 0
0.375526 0.0586632 3.66481 0 0
0.375678 0.0151766 -4.34879 0 0
0.375733 0.00551229 -0.966446 0 0
0.375756 0.00231352 -0.319868 0 0
0.37577 0.00137566 -0.0937678 0 0
0.37578 0.000995364 -0.0380091 0 0
0.375788 0.000769568 -0.022555 0 0
0.375793 0.000591875 -0.0177409 0 0
0.375797 0.000404823 -0.0186742 0 0
0.375799 0.000203886 -0.0200612 0 0
0.375799 -4.35043e-06 -0.0207908 0 0
0.375797 -0.000226402 -0.0221735 0 0
0.375792 -0.000471352 -0.0244661 0 0
0.375784 -0.000741201 -0.0269604 0 0
0.375773 -0.00103519 -0.029381 0 0
0.37576 -0.00135167 -0.0316413 0 0
0.375742 -0.00169556 -0.0343966 0 0
0.375721 -0.00206936 -0.0374014 0 0
0.375696 -0.00247836 -0.0409371 0 0
0.375266 -0.0429871 -4.0512 0 0
0.375197 -0.00687771 3.61125 0 0
0.374995 -0.0201921 -1.33145 0 0
0.374785 -0.0209435 -0.0753174 0 0
0.374587 -0.019811 0.113047 0 0
0.374398 -0.0188955 0.0913189 0 0
0.374212 -0.0185463 0.0346352 0 0
0.373058 -0.115373 -9.68222 0 0
0.372961 -0.0097093 10.5658 0 0
0.372873 -0.00870201 0.1005 0 0
0.372795 -0.00781245 0.0887243 0 0
0.372726 -0.00691429 0.0895843 0 0
0.372666 -0.00593156 0.0980415 0 0
0.372618 -0.00483502 0.109423 0 0
0.372582 -0.00359875 0.123402 0 0
0.37256 -0.00220651 0.139009 0 0
0.372553 -0.00065612 0.154839 0 0
0.372564 0.00104183 0.169614 0 0
0.372592 0.00286632 0.18229 0 0
0.37264 0.00478891 0.192125 0 0
0.372708 0.00677712 0.198712 0 0
0.372796 0.00879711 0.201915 0 0
0.372904 0.0108151 0.201737 0 0
0.373032 0.0127972 0.19817 0 0
0.373179 0.014708 0.191058 0 0
0.373344 0.016508 0.179998 0 0
0.373525 0.018151 0.164308 0 0
0.373721 0.0195806 0.142979 0 0
0.373928 0.0207249 0.114458 0 0
0.374143 0.0214839 0.0759433 0 0
0.37436 0.0216988 0.0215379 0 0
0.374886 0.0526137 3.09182 0 0
0.374996 0.0109655 -4.16476 0 0
0.375024 0.00288082 -0.808358 0 0
0.375039 0.00142642 -0.145395 0 0
0.375049 0.00100295 -0.0423284 0 0
0.37506 0.00111722 0.0114333 0 0
0.375072 0.0012866 0.0169418 0 0
0.375086 0.00135588 0.00693335 0 0
0.3751 0.0013916 0.00357428 0 0
0.375114 0.0014224 0.00308006 0 0
0.375129 0.00145989 0.00374739 0 0
0.375143 0.00149579 0.00358716 0 0
0.375159 0.00152495 0.00291052 0 0
0.375174 0.00154747 0.00224488 0 0
0.37519 0.00156562 0.00180728 0 0
0.375206 0.00158193 0.00162081 0 0
0.375221 0.00158744 0.000539673 0 0
0.375237 0.00159198 0.000442041 0 0
0.375253 0.00159514 0.000303378 0 0
0.374678 -0.0575262 -5.91181 0 0
0.374584 -0.00936465 4.81613 0 0
0.374392 -0.019229 -0.986482 0 0
0.374195 -0.0196529 -0.0424019 0 0
0.374013 -0.0182023 0.145048 0 0
0.373847 -0.0166578 0.154452 0 0
0.373694 -0.0152747 0.138326 0 0
0.373554 -0.014035 0.123986 0 0
0.373425 -0.0128995 0.113565 0 0
0.373307 -0.0118245 0.107506 0 0
0.373199 -0.0107627 0.106176 0 0
0.373102 -0.00966637 0.109617 0 0
0.373018 -0.00849553 0.11705 0 0
0.372945 -0.00721531 0.127973 0 0
0.372887 -0.00579868 0.141602 0 0
0.372845 -0.00422998 0.156802 0 0
0.37282 -0.00250558 0.172369 0 0
0.372814 -0.000633516 0.187135 0 0
0.372827 0.00136162 0.199446 0 0
0.372862 0.00345096 0.20887 0 0
0.372918 0.00560358 0.215205 0 0
0.372996 0.00778806 0.218395 0 0
0.373095 0.00996865 0.218009 0 0
0.373216 0.0121115 0.214233 0 0
0.373358 0.0141814 0.206942 0 0
0.37352 0.0161387 0.195678 0 0
0.373699 0.0179356 0.179636 0 0
0.373894 0.0195108 0.157457 0 0
0.374102 0.020786 0.127442 0 0
0.374319 0.0216498 0.0862937 0 0
0.374538 0.0219211 0.0270344 0 0
0.374826 0.0287738 0.68532 0 0
0.374982 0.0155827 -1.31908 0 0
0.375041 0.00589133 -0.969174 0 0
0.375066 0.00249264 -0.33987 0 0
0.375079 0.00129969 -0.119286 0 0
0.375088 0.000953426 -0.0346159 0 0
0.375097 0.000840953 -0.0112374 0 0
0.375105 0.000872738 0.00318568 0 0
0.375114 0.000904818 0.00321476 0 0
0.375124 0.000956836 0.00520797 0 0
0.375134 0.00100641 0.00496383 0 0
0.375145 0.00105803 0.00516789 0 0
0.375156 0.00110163 0.00436473 0 0
0.375167 0.00114097 0.00393833 0 0
0.375179 0.00117718 0.00362467 0 0
0.375191 0.00121293 0.00357843 0 0
0.375203 0.0012461 0.00331926 0 0
0.375213 0.000987318 -0.0258885 0 0
0.37522 0.000708319 -0.0279079 0 0
0.37526 0.00392308 0.321927 0 0
0.374125 -0.113502 -11.7428 0 0
0.373946 -0.0179209 9.5583 0 0
0.373754 -0.0191891 -0.126807 0 0
0.373573 -0.018155 0.103449 0 0
0.373408 -0.0164506 0.170483 0 0
0.373259 -0.0149272 0.152405 0 0
0.373122 -0.0137324 0.119553 0 0
0.372996 -0.0126478 0.108527 0 0
0.37288 -0.011608 0.104046 0 0
0.372774 -0.0105906 0.1018 0 0
0.372679 -0.00953681 0.10543 0 0
0.372595 -0.00840256 0.113461 0 0
0.372523 -0.00716325 0.123955 0 0
0.372465 -0.00578877 0.137461 0 0
0.372423 -0.00425072 0.153812 0 0
0.372397 -0.00255165 0.169912 0 0
0.37239 -0.000710738 0.184097 0 0
0.372402 0.00125173 0.196257 0 0
0.372436 0.00333127 0.207972 0 0
0.37249 0.0054755 0.214448 0 0
0.372567 0.00764464 0.216947 0 0
0.372665 0.00981018 0.216593 0 0
0.372784 0.011939 0.212929 0 0
0.372924 0.0139953 0.205672 0 0
0.373083 0.0159401 0.194522 0 0
0.37326 0.0177286 0.178896 0 0
0.373453 0.0193074 0.157918 0 0
0.373659 0.0206096 0.130247 0 0
0.373875 0.0215439 0.0934532 0 0
0.374094 0.0219676 0.042378 0 0
0.374608 0.0513728 2.9408 0 0
0.374713 0.0104531 -4.09193 0 0
0.374741 0.00279466 -0.765774 0 0
0.374753 0.0012746 -0.151989 0 0
0.374764 0.00109378 -0.0180794 0 0
0.374776 0.00117194 0.00781734 0 0
0.374789 0.00127443 0.0102519 0 0
0.374802 0.00132063 0.00462165 0 0
0.374816 0.00135473 0.00341173 0 0
0.374829 0.00138539 0.00306723 0 0
0.374844 0.0014248 0.0039424 0 0
0.374858 0.00146247 0.00376796 0 0
0.374873 0.00149467 0.00322067 0 0
0.374888 0.00152124 0.00265834 0 0
0.374904 0.00154496 0.00237369 0 0
0.374919 0.0015681 0.00231522 0 0
0.374935 0.00158635 0.0018267 0 0
0.374951 0.00160237 0.0016039 0 0
0.374967 0.00161192 0.000958012 0 0
0.375052 0.00848088 0.687021 0 0
0.375057 0.000467416 -0.801457 0 0
0.374875 -0.0182191 -1.86866 0 0
0.374677 -0.0198273 -0.160832 0 0
0.374492 -0.0184696 0.135774 0 0
0.374323 -0.0169326 0.153711 0 0
0.374167 -0.0155222 0.141064 0 0
0.374025 -0.0142497 0.127271 0 0
0.373894 -0.013085 0.11648 0 0
0.373774 -0.0119836 0.110149 0 0
0.373665 -0.0108974 0.108615 0 0
0.373568 -0.0097787 0.111842 0 0
0.373482 -0.00858795 0.11903 0 0
0.373409 -0.00728889 0.129844 0 0
0.37335 -0.00585368 0.143445 0 0
0.373308 -0.00426621 0.158662 0 0
0.373282 -0.00252279 0.174252 0 0
0.373276 -0.000631921 0.188995 0 0
0.37329 0.00138224 0.201324 0 0
0.373325 0.00349102 0.21079 0 0
0.373381 0.00566317 0.217132 0 0
0.37346 0.00786649 0.22025 0 0
0.373561 0.0100651 0.219777 0 0
0.373683 0.0122249 0.215899 0 0
0.373826 0.0143105 0.208478 0 0
0.373989 0.0162821 0.197071 0 0
0.37417 0.0180919 0.18089 0 0
0.374367 0.0196796 0.158658 0 0
0.374576 0.0209668 0.128604 0 0
0.374795 0.0218417 0.0873553 0 0
0.375016 0.0221229 0.0279733 0 0
0.375601 0.0584458 3.63275 0 0
0.375753 0.0152178 -4.32294 0 0
0.375811 0.00573999 -0.947807 0 0
0.375835 0.00240827 -0.333166 0 0
0.375849 0.00140681 -0.100124 0 0
0.375859 0.000995449 -0.0411141 0 0
0.375866 0.000719246 -0.0275939 0 0
0.375871 0.000504699 -0.0214243 0 0
0.375873 0.000283797 -0.0220571 0 0
0.375874 5.04761e-05 -0.0232978 0 0
0.375872 -0.000189289 -0.0239423 0 0
0.375867 -0.000441577 -0.0251961 0 0
0.37586 -0.000714946 -0.0273076 0 0
0.375849 -0.00101126 -0.0296073 0 0
0.375836 -0.00132967 -0.0318243 0 0
0.375819 -0.00166837 -0.0338658 0 0
0.375798 -0.0020485 -0.0380229 0 0
0.375773 -0.00250629 -0.0458002 0 0
0.375743 -0.00297783 -0.0471918 0 0
0.375272 -0.0469901 -4.40163 0 0
0.375196 -0.0075788 3.94149 0 0
0.374993 -0.0203518 -1.27729 0 0
0.374782 -0.0210098 -0.065982 0 0
0.374584 -0.0198183 0.11895 0 0
0.374395 -0.0187971 0.101896 0 0
0.374214 -0.0181657 0.0628833 0 0
0.373063 -0.115006 -9.6835 0 0
0.372964 -0.00990547 10.5094 0 0
0.372875 -0.00888058 0.102254 0 0
0.372795 -0.00799808 0.0880144 0 0
0.372724 -0.00710765 0.0888065 0 0
0.372662 -0.00612559 0.0979665 0 0
0.372612 -0.0050254 0.109781 0 0
0.372574 -0.00378235 0.124072 0 0
0.37255 -0.00238058 0.139952 0 0
0.372542 -0.000818911 0.155957 0 0
0.372551 0.00089077 0.170777 0 0
0.372578 0.00272606 0.18336 0 0
0.372625 0.00465728 0.192978 0 0
0.372691 0.00665102 0.199255 0 0
0.372778 0.00867293 0.202095 0 0
0.372885 0.0106891 0.201544 0 0
0.373011 0.0126657 0.197612 0 0
0.373157 0.0145672 0.190111 0 0
0.37332 0.0163526 0.178529 0 0
0.3735 0.0179721 0.161944 0 0
0.373694 0.0193612 0.138924 0 0
0.373898 0.0204331 0.107207 0 0
0.374109 0.0210601 0.0627281 0 0
0.374319 0.02103 -0.00296646 0 0
0.374875 0.0556051 3.45789 0 0
0.374999 0.0124534 -4.31512 0 0
0.375032 0.00324162 -0.921067 0 0
0.375046 0.00143314 -0.180782 0 0
0.375055 0.000920984 -0.0511856 0 0
0.375063 0.000779064 -0.0141793 0 0
0.375073 0.00109164 0.031261 0 0
0.375085 0.00120198 0.0110404 0 0
0.375098 0.00126145 0.00595165 0 0
0.375111 0.00129573 0.00343182 0 0
0.375124 0.00134461 0.00488898 0 0
0.375138 0.00139232 0.00476968 0 0
0.375152 0.00143172 0.00393771 0 0
0.375167 0.00146234 0.0030567 0 0
0.375182 0.00148795 0.002554 0 0
0.375197 0.00151255 0.00245164 0 0
0.375212 0.00153359 0.00209294 0 0
0.375228 0.00154173 0.000802773 0 0
0.375243 0.00155393 0.00120608 0 0
0.374664 -0.0578806 -5.94311 0 0
0.374567 -0.00975331 4.81269 0 0
0.374373 -0.0193651 -0.96123 0 0
0.374175 -0.0197965 -0.0431597 0 0
0.373992 -0.0183512 0.144506 0 0
0.373824 -0.0168011 0.155013 0 0
0.37367 -0.0154058 0.139536 0 0
0.373528 -0.0141498 0.125611 0 0
0.373398 -0.012994 0.115585 0 0
0.373279 -0.0118945 0.109952 0 0
0.373171 -0.0108039 0.109056 0 0
0.373075 -0.00967475 0.112891 0 0
0.37299 -0.00846839 0.120597 0 0
0.372918 -0.0071516 0.131624 0 0
0.372861 -0.00569936 0.145158 0 0
0.37282 -0.00409825 0.160037 0 0
0.372797 -0.00234687 0.17506 0 0
0.372792 -0.000455046 0.189104 0 0
0.372808 0.00155146 0.200574 0 0
0.372844 0.00364352 0.209134 0 0
0.372902 0.00579083 0.214664 0 0
0.372982 0.00796324 0.217177 0 0
0.373083 0.0101265 0.216263 0 0
0.373205 0.0122479 0.212084 0 0
0.373348 0.0142925 0.204399 0 0
0.373511 0.0162183 0.192513 0 0
0.37369 0.0179712 0.175227 0 0
0.373885 0.0194777 0.150567 0 0
0.374092 0.0206371 0.115862 0 0
0.374305 0.0212988 0.066073 0 0
0.374517 0.0212064 -0.00935198 0 0
0.374827 0.0309618 0.975658 0 0
0.375011 0.0183546 -1.26068 0 0
0.375081 0.00706484 -1.12903 0 0
0.375111 0.00297898 -0.408591 0 0
0.375124 0.00133558 -0.164332 0 0
0.375133 0.000865319 -0.0470125 0 0
0.37514 0.000724472 -0.0140716 0 0
0.375147 0.000731594 0.000723138 0 0
0.375155 0.000773639 0.00421444 0 0
0.375163 0.000830044 0.00564999 0 0
0.375172 0.000895127 0.00651765 0 0
0.375182 0.000959042 0.00640066 0 0
0.375192 0.00101319 0.00542313 0 0
0.375202 0.00104865 0.00355401 0 0
0.375214 0.00111525 0.00665951 0 0
0.374244 -0.0969622 -9.80772 0 0
0.374265 0.00212569 9.90878 0 0
0.374288 0.00228761 0.0161966 0 0
0.374311 0.00224887 -0.00387194 0 0
0.374379 0.00689273 0.464624 0 0
0.374384 0.000475598 -0.641548 0 0
0.374202 -0.0182339 -1.87092 0 0
0.374006 -0.0195787 -0.134465 0 0
0.373823 -0.018332 0.12471 0 0
0.373654 -0.0169072 0.142532 0 0
0.373498 -0.0155851 0.132286 0 0
0.373355 -0.0143928 0.119312 0 0
0.373222 -0.0132991 0.10946 0 0
0.373099 -0.0122568 0.104306 0 0
0.372987 -0.0112186 0.103891 0 0
0.372886 -0.0101383 0.108084 0 0
0.372796 -0.00897352 0.116521 0 0
0.372719 -0.00768903 0.128476 0 0
0.372657 -0.0062601 0.142907 0 0
0.37261 -0.00467462 0.158555 0 0
0.37258 -0.0029339 0.174076 0 0
0.37257 -0.00105175 0.18822 0 0
0.372579 0.000948046 0.199989 0 0
0.37261 0.00303521 0.208731 0 0
0.372661 0.0051765 0.214152 0 0
0.372735 0.00733837 0.216216 0 0
0.37283 0.009488 0.214996 0 0
0.372945 0.0115925 0.210491 0 0
0.373082 0.0136165 0.202431 0 0
0.373237 0.0155174 0.190132 0 0
0.373409 0.0172408 0.172376 0 0
0.373596 0.0187131 0.147263 0 0
0.373794 0.0198307 0.111782 0 0
0.373999 0.0204357 0.0605266 0 0
0.374201 0.0202577 -0.0177828 0 0
0.374786 0.0584868 3.82333 0 0
0.374926 0.0140206 -4.44659 0 0
0.374963 0.00371676 -1.0303 0 0
0.374977 0.00132904 -0.238711 0 0
0.374982 0.000502283 -0.0826615 0 0
0.374988 0.00060654 0.0104301 0 0
0.374995 0.000795825 0.018934 0 0
0.375005 0.000925139 0.0129383 0 0
0.375015 0.00098658 0.00615123 0 0
0.375025 0.00103667 0.00501595 0 0
0.375036 0.00109937 0.00627561 0 0
0.375047 0.00116396 0.00646561 0 0
0.37506 0.00121616 0.00522594 0 0
0.375072 0.00125781 0.00416925 0 0
0.375085 0.00129396 0.00361944 0 0
0.375098 0.00133125 0.00373288 0 0
0.375112 0.00136509 0.00338663 0 0
0.375126 0.00139609 0.00310219 0 0
0.37514 0.00142416 0.00280966 0 0
0.375197 0.00569737 0.427448 0 0
0.374086 -0.111151 -11.6849 0 0
0.373909 -0.0176561 9.3494 0 0
0.373716 -0.0193014 -0.164544 0 0
0.373537 -0.0179404 0.136094 0 0
0.373373 -0.0163803 0.15601 0 0
0.373224 -0.0149361 0.144431 0 0
0.373087 -0.0136198 0.131643 0 0
0.372963 -0.012422 0.119796 0 0
0.372851 -0.0112834 0.113859 0 0
0.372749 -0.0101498 0.113352 0 0
0.372659 -0.00897665 0.117288 0 0
0.372582 -0.00772683 0.124934 0 0
0.372518 -0.00636712 0.135905 0 0
0.37247 -0.00487369 0.149263 0 0
0.372437 -0.00323484 0.163794 0 0
0.372423 -0.00145108 0.178279 0 0
0.372427 0.000465777 0.191584 0 0
0.372452 0.00248941 0.202262 0 0
0.372498 0.00459073 0.210031 0 0
0.372565 0.00673962 0.214792 0 0
0.372654 0.00890627 0.216569 0 0
0.372765 0.0110576 0.215034 0 0
0.372897 0.0131617 0.210317 0 0
0.373048 0.0151831 0.202039 0 0
0.373219 0.0170768 0.189264 0 0
0.373407 0.0187813 0.170338 0 0
0.373609 0.0202082 0.142576 0 0
0.373822 0.0212284 0.101883 0 0
0.374038 0.0216361 0.040634 0 0
0.374249 0.0210662 -0.0571569 0 0
0.374935 0.0686058 4.75465 0 0
0.375152 0.0216778 -4.69297 0 0
0.375238 0.00864185 -1.30362 0 0
0.375275 0.00366209 -0.49797 0 0
0.375288 0.00134445 -0.231729 0 0
0.375297 0.000831561 -0.0512321 0 0
0.375303 0.000672693 -0.0158384 0 0
0.37531 0.000661917 -0.00103669 0 0
0.375317 0.000739613 0.00780795 0 0
0.375325 0.000803378 0.00641612 0 0
0.375333 0.000861031 0.00580603 0 0
0.375343 0.000915368 0.00547414 0 0
0.375352 0.000965981 0.00509993 0 0
0.375362 0.00100311 0.00374925 0 0
0.375372 0.00104149 0.00386976 0 0
0.375383 0.00108161 0.00404003 0 0
0.375394 0.00112553 0.00441513 0 0
0.375406 0.00117068 0.00453284 0 0
0.375418 0.00120768 0.00371328 0 0
0.374866 -0.05518 -5.63861 0 0
0.374767 -0.0098691 4.53118 0 0
0.374565 -0.0201895 -1.03204 0 0
0.374366 -0.0198839 0.0305452 0 0
0.374182 -0.018415 0.146885 0 0
0.374012 -0.0169833 0.143176 0 0
0.373856 -0.015642 0.134151 0 0
0.373712 -0.0144179 0.122425 0 0
0.37358 -0.0132186 0.119965 0 0
0.373459 -0.0120629 0.115604 0 0
0.37335 -0.0109453 0.11182 0 0
0.373249 -0.0100316 0.0914197 0 0
0.37316 -0.00891312 0.111878 0 0
0.373084 -0.0076084 0.130489 0 0
0.373023 -0.00616736 0.144111 0 0
0.372977 -0.00457795 0.158939 0 0
0.372949 -0.00283356 0.174433 0 0
0.372939 -0.000950713 0.18828 0 0
0.372949 0.00104743 0.199813 0 0
0.372981 0.00313217 0.208479 0 0
0.373033 0.00527146 0.213939 0 0
0.373109 0.00757827 0.230705 0 0
0.373205 0.00964885 0.207086 0 0
0.373323 0.0117279 0.207935 0 0
0.37346 0.0137682 0.204061 0 0
0.373617 0.0156847 0.191686 0 0
0.373791 0.0174271 0.17427 0 0
0.373981 0.0189305 0.150363 0 0
0.374181 0.0201021 0.117189 0 0
0.37439 0.0208069 0.0704903 0 0
0.374598 0.0208208 0.00140128 0 0
0.374893 0.0294806 0.866159 0 0
0.374995 0.010247 -1.92332 0 0
0.375027 0.00321174 -0.703539 0 0
0.375041 0.00135503 -0.185681 0 0
0.375051 0.00100718 -0.034797 0 0
0.37506 0.000916241 -0.00911052 0 0
0.37507 0.000928661 0.00122314 0 0
0.375079 0.000965208 0.00363423 0 0
0.375089 0.000992741 0.0027325 0 0
0.3751 0.00100754 0.00146056 0 0
0.37511 0.00101435 0.000665143 0 0
0.37512 0.00100514 -0.000930444 0 0
0.37513 0.000970717 -0.00344281 0 0
0.37514 0.00090648 -0.00641472 0 0
0.375148 0.000807888 -0.00983742 0 0
0.375156 0.00066838 -0.013911 0 0
0.375161 0.000475464 -0.0192304 0 0
0.375164 0.000206405 -0.026822 0 0
0.375162 -0.000181789 -0.0387117 0 0
0.375283 0.0119733 1.2151 0 0
0.374212 -0.107126 -11.9093 0 0
0.374048 -0.0165171 9.0616 0 0
0.373864 -0.0184202 -0.190178 0 0
0.37369 -0.0173784 0.104361 0 0
0.373528 -0.01624 0.114022 0 0
0.373377 -0.0151844 0.105706 0 0
0.373234 -0.0142548 0.0930816 0 0
0.3731 -0.0134277 0.0827817 0 0
0.372978 -0.0121612 0.126712 0 0
0.372869 -0.0109065 0.125512 0 0
0.372772 -0.00974344 0.116338 0 0
0.372687 -0.00852552 0.121805 0 0
0.372615 -0.00720255 0.132294 0 0
0.372557 -0.00574618 0.145621 0 0
0.372516 -0.0041424 0.160352 0 0
0.372492 -0.00238989 0.17522 0 0
0.372487 -0.000498678 0.189088 0 0
0.372502 0.00150612 0.20045 0 0
0.372538 0.00359548 0.208909 0 0
0.372595 0.00573915 0.214345 0 0
0.372674 0.00790712 0.216778 0 0
0.372775 0.0100656 0.215831 0 0
0.372897 0.0121821 0.211637 0 0
0.373039 0.0142218 0.203949 0 0
0.3732 0.0161425 0.19206 0 0
0.373379 0.0178904 0.174757 0 0
0.373573 0.0193906 0.149994 0 0
0.373778 0.0205417 0.115072 0 0
0.37399 0.0211924 0.0650174 0 0
0.374201 0.0210852 -0.0107778 0 0
0.374801 0.0599738 3.88929 0 0
0.374948 0.0147213 -4.52525 0 0
0.374994 0.00456523 -1.01558 0 0
0.37501 0.00158622 -0.297876 0 0
0.375018 0.000775696 -0.081032 0 0
0.375024 0.000689096 -0.00865012 0 0
0.375032 0.000739005 0.00500114 0 0
0.37504 0.000828543 0.00896448 0 0
0.375049 0.000887109 0.00586773 0 0
0.375058 0.000940076 0.00530755 0 0
0.375068 0.000998207 0.00582378 0 0
0.375079 0.00105919 0.0061081 0 0
0.37509 0.00111173 0.00526359 0 0
0.375101 0.00115762 0.00459825 0 0
0.375113 0.00119989 0.0042341 0 0
0.375126 0.00124225 0.00424194 0 0
0.375139 0.0012812 0.00389953 0 0
0.375152 0.00132077 0.00395974 0 0
0.375165 0.00136683 0.0046085 0 0
0.375234 0.00681552 0.545147 0 0
0.374128 -0.110537 -11.7353 0 0
0.37395 -0.0178589 9.26777 0 0
0.373759 -0.0190452 -0.118628 0 0
0.373581 -0.0178234 0.122212 0 0
0.373417 -0.016383 0.144092 0 0
0.373267 -0.0150456 0.133808 0 0
0.373129 -0.0138542 0.119217 0 0
0.373001 -0.0127536 0.11013 0 0
0.372884 -0.0117056 0.104882 0 0
0.372778 -0.0106666 0.103964 0 0
0.372682 -0.00959014 0.1077 0 0
0.372598 -0.00843371 0.115683 0 0
0.372526 -0.00716196 0.127201 0 0
0.372468 -0.00574942 0.14127 0 0
0.372427 -0.00418277 0.156674 0 0
0.372402 -0.00246172 0.17211 0 0
0.372396 -0.000598259 0.186352 0 0
0.37241 0.00138564 0.198402 0 0
0.372444 0.00346126 0.207579 0 0
0.3725 0.00559639 0.213538 0 0
0.372578 0.00775789 0.216181 0 0
0.372677 0.00991283 0.215531 0 0
0.372797 0.0120281 0.211563 0 0
0.372938 0.0140683 0.204068 0 0
0.373097 0.0159934 0.192548 0 0
0.373275 0.0177548 0.17618 0 0
0.373468 0.0192921 0.153769 0 0
0.373673 0.020527 0.123512 0 0
0.373886 0.0213487 0.0821997 0 0
0.374102 0.0215794 0.0230829 0 0
0.374643 0.0541233 3.25473 0 0
0.374761 0.0117716 -4.23513 0 0
0.374792 0.00310545 -0.866542 0 0
0.374805 0.00126326 -0.18419 0 0
0.374814 0.00091561 -0.0347593 0 0
0.374824 0.00102121 0.0105629 0 0
0.374835 0.00114709 0.0125905 0 0
0.374848 0.00121901 0.0071958 0 0
0.37486 0.0012627 0.00437128 0 0
0.374873 0.0013027 0.0040028 0 0
0.374887 0.00135215 0.00494599 0 0
0.374901 0.00140051 0.00483729 0 0
0.374915 0.00144124 0.00407467 0 0
0.37493 0.00147481 0.00335776 0 0
0.374945 0.00150466 0.00298619 0 0
0.37496 0.00153446 0.00298066 0 0
0.374976 0.00155889 0.00244324 0 0
0.374992 0.00157932 0.00204361 0 0
0.375008 0.00159527 0.00159631 0 0
0.375047 0.00394649 0.235284 0 0
0.375046 -0.000113313 -0.406103 0 0
0.374863 -0.0183361 -1.82229 0 0
0.374664 -0.0199033 -0.156725 0 0
0.374478 -0.0185542 0.134903 0 0
0.374308 -0.0170256 0.152875 0 0
0.374152 -0.0156183 0.140752 0 0
0.374008 -0.0143458 0.127272 0 0
0.373877 -0.0131785 0.116745 0 0
0.373756 -0.0120717 0.110689 0 0
0.373646 -0.0109775 0.109424 0 0
0.373548 -0.00984835 0.11289 0 0
0.373461 -0.00864564 0.120233 0 0
0.373388 -0.00733413 0.131096 0 0
0.373329 -0.00588719 0.144625 0 0
0.373286 -0.00428998 0.159643 0 0
0.373261 -0.00253993 0.174923 0 0
0.373254 -0.000646265 0.189281 0 0
0.373268 0.00136633 0.201176 0 0
0.373303 0.00346922 0.210209 0 0
0.373359 0.00563167 0.21617 0 0
0.373437 0.00782237 0.218997 0 0
0.373537 0.0100063 0.218326 0 0
0.373659 0.0121503 0.214322 0 0
0.373801 0.0142188 0.206784 0 0
0.373962 0.0161711 0.195154 0 0
0.374142 0.0179566 0.178458 0 0
0.374337 0.0195088 0.155136 0 0
0.374545 0.0207406 0.12307 0 0
0.37476 0.0215234 0.0781716 0 0
0.374977 0.0216454 0.0120613 0 0
0.375575 0.0597987 3.81583 0 0
0.375731 0.0155692 -4.42307 0 0
0.375784 0.00535111 -1.02182 0 0
0.375806 0.0021662 -0.318481 0 0
0.375817 0.00111322 -0.105281 0 0
0.375822 0.000564466 -0.0548492 0 0
0.375824 0.000192969 -0.0371164 0 0
0.375822 -0.000165837 -0.0358416 0 0
0.375817 -0.000546123 -0.0379861 0 0
0.375807 -0.000949586 -0.0403024 0 0
0.375793 -0.00136892 -0.04189 0 0
0.375775 -0.0018135 -0.0444168 0 0
0.375752 -0.0022963 -0.048245 0 0
0.375723 -0.00282346 -0.0526887 0 0
0.375689 -0.00339997 -0.0576348 0 0
0.375648 -0.00403255 -0.0632618 0 0
0.3756 -0.00473956 -0.0707287 0 0
0.375544 -0.00554881 -0.0809792 0 0
0.375478 -0.00651626 -0.0968281 0 0
0.375235 -0.0243194 -1.78106 0 0
0.373851 -0.138316 -11.399 0 0
0.373699 -0.0151381 12.3176 0 0
0.373539 -0.0159425 -0.0805904 0 0
0.373392 -0.0147319 0.120872 0 0
0.373258 -0.0133653 0.136461 0 0
0.373136 -0.0121197 0.124369 0 0
0.373026 -0.0110263 0.109153 0 0
0.372925 -0.010044 0.0980435 0 0
0.372834 -0.00912526 0.0916988 0 0
0.372752 -0.00822229 0.0901183 0 0
0.372679 -0.00728812 0.0932362 0 0
0.372616 -0.00627915 0.100715 0 0
0.372564 -0.00515843 0.111891 0 0
0.372525 -0.00389876 0.125792 0 0
0.3725 -0.002485 0.14121 0 0
0.372491 -0.000915114 0.156836 0 0
0.372499 0.000800427 0.171421 0 0
0.372525 0.0026408 0.183926 0 0
0.372571 0.00457792 0.193625 0 0
0.372637 0.00657974 0.200119 0 0
0.372723 0.00861276 0.203264 0 0
0.372829 0.0106422 0.202929 0 0
0.372956 0.0126307 0.198856 0 0
0.373101 0.0145407 0.191021 0 0
0.373264 0.0163417 0.180136 0 0
0.373444 0.0179849 0.164379 0 0
0.373638 0.0194131 0.142879 0 0
0.373844 0.0205535 0.114118 0 0
0.374056 0.0212609 0.0708228 0 0
0.374271 0.0215281 0.0267902 0 0
0.3748 0.0529025 3.13778 0 0
0.374911 0.0111291 -4.17727 0 0
0.374943 0.00316163 -0.796624 0 0
0.374959 0.00161499 -0.154618 0 0
0.37497 0.00112192 -0.0492903 0 0
0.374983 0.00126436 0.0142487 0 0
0.374997 0.00143712 0.0172784 0 0
0.375012 0.00152832 0.00912236 0 0
0.375028 0.00156334 0.00350376 0 0
0.375044 0.00159061 0.00272687 0 0
0.37506 0.00162482 0.00341895 0 0
0.375077 0.0016595 0.00346413 0 0
0.375093 0.00168629 0.00267446 0 0
0.37511 0.00171144 0.00250857 0 0
0.375128 0.00172971 0.00182084 0 0
0.375145 0.00174608 0.0016278 0 0
0.375163 0.00175859 0.00124219 0 0
0.37518 0.00176648 0.000777816 0 0
0.375198 0.00177013 0.000354156 0 0
0.374523 -0.067483 -6.92491 0 0
0.374416 -0.0107472 5.67358 0 0
0.374223 -0.0192911 -0.854433 0 0
0.374028 -0.0195249 -0.023389 0 0
0.373847 -0.0180994 0.142551 0 0
0.373681 -0.016568 0.153142 0 0
0.373529 -0.015188 0.13802 0 0
0.37339 -0.013954 0.123419 0 0
0.373261 -0.0128242 0.113001 0 0
0.373144 -0.0117548 0.106961 0 0
0.373037 -0.0106989 0.105592 0 0
0.372941 -0.00960915 0.108965 0 0
0.372856 -0.00844462 0.116427 0 0
0.372785 -0.00716991 0.12743 0 0
0.372727 -0.00575879 0.141059 0 0
0.372685 -0.00419578 0.156241 0 0
0.37266 -0.00247716 0.1718 0 0
0.372654 -0.000610729 0.18658 0 0
0.372668 0.0013792 0.198933 0 0
0.372703 0.00346366 0.208392 0 0
0.372759 0.00561176 0.214763 0 0
0.372837 0.00779219 0.218 0 0
0.372936 0.0099692 0.217661 0 0
0.373057 0.0121088 0.213925 0 0
0.373199 0.0141761 0.206685 0 0
0.373361 0.0161313 0.195488 0 0
0.37354 0.0179273 0.179554 0 0
0.373735 0.019503 0.157512 0 0
0.373943 0.0207808 0.127718 0 0
0.374159 0.0216521 0.0870582 0 0
0.374379 0.02194 0.0286991 0 0
0.374665 0.0286309 0.669158 0 0
0.374815 0.0149703 -1.36604 0 0
0.374871 0.00561209 -0.935852 0 0
0.374895 0.00234668 -0.326541 0 0
0.374908 0.00127904 -0.106753 0 0
0.374918 0.00103266 -0.0246316 0 0
0.374928 0.000999796 -0.00328343 0 0
0.374938 0.00104375 0.00439783 0 0
0.374949 0.00109347 0.0049759 0 0
0.374961 0.00113691 0.00434644 0 0
0.374973 0.00118351 0.00466297 0 0
0.374985 0.0012306 0.0047121 0 0
0.374998 0.00127276 0.00421872 0 0
0.375011 0.00131021 0.0037478 0 0
0.375024 0.00134449 0.00342989 0 0
0.375038 0.00137702 0.003255 0 0
0.375052 0.00140602 0.00290246 0 0
0.375066 0.00143222 0.00262189 0 0
0.375081 0.00145457 0.00223722 0 0
0.375309 0.0228379 2.13869 0 0
0.374343 -0.0966182 -11.9457 0 0
0.374168 -0.0174578 7.91606 0 0
0.373978 -0.0190354 -0.157745 0 0
0.373799 -0.0178858 0.115 0 0
0.373635 -0.0164753 0.141113 0 0
0.373483 -0.0151493 0.132665 0 0
0.373344 -0.0139564 0.119371 0 0
0.373215 -0.0128696 0.108775 0 0
0.373097 -0.0118422 0.102813 0 0
0.372989 -0.0108268 0.101618 0 0
0.372891 -0.009777 0.10504 0 0
0.372805 -0.00864976 0.112771 0 0
0.372731 -0.00740819 0.124191 0 0
0.37267 -0.00602496 0.138346 0 0
0.372626 -0.00448475 0.154038 0 0
0.372598 -0.00278538 0.169951 0 0
0.372588 -0.000937354 0.184818 0 0
0.372599 0.00103819 0.197576 0 0
0.37263 0.00311259 0.207468 0 0
0.372682 0.00525297 0.214074 0 0
0.372756 0.00742503 0.217249 0 0
0.372852 0.00959444 0.21699 0 0
0.372969 0.0117269 0.213301 0 0
0.373107 0.0137869 0.206056 0 0
0.373265 0.0157356 0.194919 0 0
0.37344 0.0175281 0.179305 0 0
0.373631 0.0191113 0.158358 0 0
0.373835 0.0204184 0.130757 0 0
0.374048 0.0213591 0.0940979 0 0
0.374266 0.0217917 0.0432775 0 0
0.374778 0.0511637 2.93749 0 0
0.374881 0.0103086 -4.08546 0 0
0.374907 0.00262296 -0.768489 0 0
0.374918 0.00111795 -0.150476 0 0
0.374928 0.000942805 -0.0175076 0 0
0.374938 0.00102082 0.0078064 0 0
0.374949 0.00112456 0.010379 0 0
0.374961 0.00117234 0.00478166 0 0
0.374973 0.0012083 0.00359881 0 0
0.374985 0.0012406 0.00323196 0 0
0.374998 0.00128142 0.00408326 0 0
0.375011 0.00132005 0.00386385 0 0
0.375025 0.00135316 0.00331093 0 0
0.375039 0.00138059 0.0027418 0 0
0.375053 0.00140517 0.00245682 0 0
0.375067 0.00142923 0.00240512 0 0
0.375081 0.00144796 0.00187168 0 0
0.375096 0.00146317 0.0015192 0 0
0.375111 0.00147418 0.0011003 0 0
0.375047 -0.00633602 -0.780794 0 0
0.375029 -0.00179692 0.453814 0 0
0.374845 -0.0184465 -1.66498 0 0
0.374647 -0.0198022 -0.135585 0 0
0.374463 -0.018427 0.137517 0 0
0.374294 -0.0168847 0.154229 0 0
0.374139 -0.0154796 0.14053 0 0
0.373997 -0.0142147 0.126503 0 0
0.373866 -0.0130573 0.115754 0 0
0.373747 -0.0119629 0.109435 0 0
0.373638 -0.0108838 0.107905 0 0
0.37354 -0.00977199 0.11115 0 0
0.373454 -0.00858803 0.118348 0 0
0.373381 -0.00729565 0.129173 0 0
0.373323 -0.00586688 0.142798 0 0
0.37328 -0.00428547 0.158054 0 0
0.373254 -0.00254754 0.173701 0 0
0.373248 -0.000661331 0.188527 0 0
0.373261 0.00134893 0.200934 0 0
