-0.00185191 0 0 0 0
-0.00191493 -0.00640632 -0.651128 0 0
-0.00201345 -0.0102174 -0.396548 0 0
-0.00222958 -0.0223531 -1.23185 0 0
-0.00271711 -0.0491388 -2.66597 0 0
-0.00317148 -0.0456857 0.341285 0 0
-0.00359276 -0.0421704 0.351048 0 0
-0.0039583 -0.0364633 0.562514 0 0
-0.00428134 -0.0322583 0.404558 0 0
-0.00457918 -0.0297207 0.252944 0 0
-0.00392466 0.0655835 9.53381 0 0
-0.00151582 0.241064 17.5473 0 0
0.00471759 0.62214 37.9615 0 0
0.00958135 0.485564 -13.6612 0 0
0.0143132 0.472867 -1.23649 0 0
0.0188591 0.454599 -1.80275 0 0
0.0221494 0.328978 -12.5673 0 0
0.0246517 0.250224 -7.87533 0 0
0.0264532 0.18015 -7.00956 0 0
0.0275523 0.109856 -7.03342 0 0
0.0280573 0.0504371 -5.94512 0 0
0.0282355 0.0177011 -3.27883 0 0
0.02766 -0.057632 -7.53282 0 0
0.0275233 -0.0136549 4.39939 0 0
0.0280518 0.052827 6.64681 0 0
0.0282475 0.0195644 -3.32471 0 0
0.0281373 -0.0110128 -3.05773 0 0
0.0278441 -0.029316 -1.8302 0 0
0.0274857 -0.0358298 -0.651382 0 0
0.0271166 -0.0369118 -0.10817 0 0
0.0267316 -0.0384959 -0.158412 0 0
0.0263383 -0.0393236 -0.0827496 0 0
0.0259331 -0.0405165 -0.119287 0 0
0.0255179 -0.0415154 -0.0998806 0 0
0.0250941 -0.042383 -0.0867482 0 0
0.0246615 -0.0432582 -0.0875052 0 0
0.0242214 -0.0440075 -0.0749148 0 0
0.0237736 -0.0447739 -0.0766219 0 0
0.023319 -0.0454625 -0.068849 0 0
0.0228574 -0.0461632 -0.0700447 0 0
0.0223895 -0.0467828 -0.061945 0 0
0.0219163 -0.0473212 -0.0538056 0 0
0.0214382 -0.0478067 -0.0485195 0 0
0.0209559 -0.048222 -0.0415003 0 0
0.0204704 -0.0485488 -0.0326362 0 0
0.0199826 -0.0487733 -0.0224079 0 0
0.0194936 -0.0488886 -0.0114854 0 0
0.0190045 -0.0489102 -0.00212867 0 0
0.0185166 -0.048773 0.013766 0 0
0.0180311 -0.0485435 0.0230085 0 0
0.017549 -0.0482024 0.0341493 0 0
0.0172799 -0.0268868 2.13211 0 0
0.0168281 -0.0451691 -1.82832 0 0
0.0163316 -0.0496143 -0.442591 0 0
0.0158365 -0.0494634 0.0153395 0 0
0.0153416 -0.0494544 0.000802751 0 0
0.0148448 -0.049638 -0.0185036 0 0
0.014346 -0.0498294 -0.0192805 0 0
0.0138467 -0.049889 -0.00609721 0 0
0.013349 -0.0497246 0.0162993 0 0
0.0128559 -0.0492636 0.0459589 0 0
0.0123712 -0.0484322 0.0829896 0 0
0.0118993 -0.0471393 0.129137 0 0
0.0114456 -0.0453303 0.180745 0 0
0.0110152 -0.0429862 0.234237 0 0
0.0106137 -0.0401023 0.28821 0 0
0.0102464 -0.0366912 0.340919 0 0
0.00991717 -0.0328735 0.381605 0 0
0.00963629 -0.0280438 0.482567 0 0
0.00946219 -0.0174296 1.05521 0 0
0.0093368 -0.0125605 0.4866 0 0
0.00926336 -0.00736743 0.519025 0 0
0.00924671 -0.00169077 0.567382 0 0
0.00929027 0.00432862 0.601663 0 0
0.00939644 0.010589 0.625772 0 0
0.00956652 0.0169776 0.638609 0 0
0.00980076 0.0233932 0.641318 0 0
0.0100988 0.0297763 0.638091 0 0
0.0104592 0.0360009 0.62226 0 0
0.0108785 0.0419046 0.590198 0 0
0.011352 0.0473153 0.540926 0 0
0.0118728 0.0520548 0.473837 0 0
0.0123952 0.0522077 0.0154293 0 0
0.0129453 0.0550047 0.281228 0 0
0.0135388 0.0593459 0.434438 0 0
0.0141656 0.0626777 0.333244 0 0
0.0148232 0.0657544 0.307701 0 0
0.0155106 0.0687414 0.298719 0 0
0.0162272 0.0716556 0.29144 0 0
0.0169719 0.0744708 0.28153 0 0
0.0177435 0.0771545 0.268386 0 0
0.0185404 0.0796889 0.253446 0 0
0.0193614 0.0820974 0.240854 0 0
0.020205 0.0843684 0.227107 0 0
0.0210698 0.0864805 0.211204 0 0
0.0219541 0.088427 0.194644 0 0
0.022856 0.0901872 0.176012 0 0
0.0237732 0.0917202 0.153295 0 0
0.0247033 0.0930139 0.129353 0 0
0.0256298 0.0926101 -0.0444613 0 0
0.0265885 0.0958685 0.331303 0 0
0.0272483 0.0660644 -2.97208 0 0
0.0279176 0.0669082 0.0740696 0 0
0.0287515 0.0833773 1.64721 0 0
0.0295654 0.081376 -0.200513 0 0
0.0303518 0.0786239 -0.275181 0 0
0.0311003 0.0748354 -0.378771 0 0
0.0318091 0.0708545 -0.397959 0 0
0.0324718 0.0662512 -0.460214 0 0
0.0330878 0.0615814 -0.4669 0 0
0.0336595 0.0571472 -0.443337 0 0
0.0341916 0.0531873 -0.395917 0 0
0.0346907 0.0498875 -0.329891 0 0
0.035165 0.0474057 -0.248067 0 0
0.0356238 0.0458654 -0.153906 0 0
0.0360776 0.0453514 -0.05123 0 0
0.0365369 0.0459118 0.0562474 0 0
0.0370127 0.0475595 0.165026 0 0
0.0375156 0.0502755 0.2719 0 0
0.0380558 0.0540126 0.374052 0 0
0.0386429 0.0587 0.469124 0 0
0.0392855 0.0642537 0.555781 0 0
0.0399363 0.0651212 0.0919944 0 0
0.0406478 0.0711959 0.607733 0 0
0.0414217 0.0774349 0.624106 0 0
0.0422588 0.0837614 0.632823 0 0
0.0431594 0.0900977 0.633772 0 0
0.0441224 0.0963456 0.624896 0 0
0.0451444 0.102235 0.589042 0 0
0.0462192 0.107513 0.527808 0 0
0.0473383 0.111946 0.443282 0 0
0.0484915 0.115349 0.340345 0 0
0.0494686 0.0977622 -1.75644 0 0
0.0505248 0.105634 0.784451 0 0
0.0516009 0.107616 0.197643 0 0
0.0526815 0.108062 0.0444513 0 0
0.0537642 0.108279 0.02166 0 0
0.0548482 0.108395 0.0114489 0 0
0.0559325 0.108428 0.00332619 0 0
0.0570162 0.108365 -0.00635644 0 0
0.0581078 0.109162 0.0797679 0 0
0.0591993 0.109146 -0.00163317 0 0
0.0602891 0.108986 -0.0159693 0 0
0.0613766 0.108745 -0.0240611 0 0
0.0624607 0.108408 -0.0335745 0 0
0.0635403 0.107969 -0.0438503 0 0
0.0646145 0.10742 -0.0548959 0 0
0.0656819 0.106742 -0.0677147 0 0
0.0667411 0.105928 -0.0812939 0 0
0.0677908 0.104977 -0.0949726 0 0
0.0688296 0.103893 -0.108289 0 0
0.0700775 0.124841 2.09907 0 0
0.071135 0.105767 -1.91161 0 0
0.0721356 0.10009 -0.566387 0 0
0.0730905 0.0955241 -0.456381 0 0
0.0739874 0.0897193 -0.580559 0 0
0.074817 0.0829955 -0.672472 0 0
0.0755734 0.0756758 -0.732052 0 0
0.0762535 0.0680527 -0.762382 0 0
0.076857 0.0603859 -0.766723 0 0
0.0773855 0.0528911 -0.749487 0 0
0.0778919 0.0506417 -0.228096 0 0
0.0783432 0.0451382 -0.550438 0 0
0.0787472 0.0404057 -0.473321 0 0
0.079122 0.0376025 -0.267797 0 0
0.0794825 0.0360548 -0.166398 0 0
0.079812 0.0329466 -0.310919 0 0
0.0801327 0.0320696 -0.0878176 0 0
0.0804564 0.0323641 0.0293168 0 0
0.0807927 0.0336259 0.126027 0 0
0.0811507 0.0357936 0.216629 0 0
0.0815385 0.0387752 0.298012 0 0
0.0819632 0.0424623 0.368564 0 0
0.0824306 0.0467319 0.426823 0 0
0.0829451 0.0514482 0.471498 0 0
0.0835099 0.0564631 0.501377 0 0
0.0841261 0.0616165 0.515249 0 0
0.0847936 0.0667354 0.511805 0 0
0.08551 0.0716316 0.489566 0 0
0.0862711 0.076101 0.446896 0 0
0.0870704 0.0799234 0.382215 0 0
0.0878991 0.0828693 0.294592 0 0
0.0885633 0.0664168 -1.64554 0 0
0.0893043 0.074089 0.767735 0 0
0.0900921 0.0787863 0.469767 0 0
0.0908966 0.0804435 0.165726 0 0
0.0917215 0.0824906 0.204709 0 0
0.0925711 0.084967 0.247637 0 0
0.0934513 0.0880197 0.305271 0 0
0.0943645 0.0913164 0.329669 0 0
0.0953121 0.0947624 0.344599 0 0
0.096295 0.098286 0.352367 0 0
0.0973149 0.101993 0.370718 0 0
0.0983731 0.105814 0.382118 0 0
0.0994694 0.109638 0.382384 0 0
0.100603 0.113366 0.372739 0 0
0.101772 0.116941 0.357581 0 0
0.102976 0.120358 0.341632 0 0
0.104212 0.123579 0.322135 0 0
0.105477 0.12655 0.297049 0 0
0.10677 0.129235 0.268523 0 0
0.107813 0.104362 -2.48724 0 0
0.109058 0.124431 2.00673 0 0
0.110303 0.124564 0.0122348 0 0
0.11153 0.122633 -0.193205 0 0
0.112721 0.119155 -0.347746 0 0
0.113866 0.114477 -0.467674 0 0
0.114957 0.109033 -0.544342 0 0
0.115989 0.103178 -0.585458 0 0
0.116961 0.097226 -0.595165 0 0
0.117876 0.0914533 -0.577219 0 0
0.118737 0.0860998 -0.5353 0 0
0.119551 0.0813678 -0.473141 0 0
0.120325 0.0774214 -0.394556 0 0
0.121069 0.0743864 -0.303406 0 0
0.121793 0.0723499 -0.203538 0 0
0.122507 0.0713597 -0.0988743 0 0
0.123221 0.0714746 0.0123088 0 0
0.123895 0.0673595 -0.408917 0 0
0.124581 0.0686082 0.125022 0 0
0.125287 0.0706206 0.201358 0 0
0.12602 0.0733385 0.271895 0 0
0.126787 0.0767109 0.337324 0 0
0.127593 0.0806086 0.389842 0 0
0.128442 0.0848956 0.428743 0 0
0.129336 0.089425 0.452972 0 0
0.130276 0.0940413 0.461641 0 0
0.131262 0.0985803 0.453892 0 0
0.132291 0.102868 0.428803 0 0
0.133358 0.106725 0.385604 0 0
0.134462 0.110399 0.366027 0 0
0.135562 0.110005 -0.0395994 0 0
0.136518 0.0955596 -1.44416 0 0
0.13753 0.101184 0.562358 0 0
0.138592 0.106273 0.508902 0 0
0.13967 0.10777 0.149665 0 0
0.140758 0.108759 0.0989774 0 0
0.141859 0.110174 0.141404 0 0
0.142977 0.111781 0.160723 0 0
0.144113 0.113539 0.175828 0 0
0.145266 0.115313 0.177379 0 0
0.146437 0.117102 0.178931 0 0
0.147626 0.118976 0.187435 0 0
0.148835 0.120889 0.191228 0 0
0.150063 0.122754 0.186538 0 0
0.151308 0.124467 0.171309 0 0
0.152568 0.126092 0.162477 0 0
0.153845 0.127609 0.151669 0 0
0.155134 0.128941 0.133191 0 0
0.156435 0.130063 0.112202 0 0
0.157744 0.130965 0.0901855 28 0
0.15912 0.137607 0.663897 28 0
0.160431 0.13105 -0.656232 28 0
0.161718 0.12868 -0.237037 28 0
0.162968 0.125016 -0.366397 28 0
0.16417 0.120188 -0.482747 28 0
0.165313 0.114314 -0.587375 28 0
0.166391 0.107781 -0.653387 28 0
0.1674 0.100909 -0.687182 28 0
0.16834 0.093989 -0.691963 28 0
0.169212 0.0872779 -0.671095 28 0
0.170022 0.0809979 -0.62799 28 0
0.170776 0.075336 -0.566176 28 0
0.17148 0.0704437 -0.489222 28 0
0.172141 0.066071 -0.437255 28 0
0.172768 0.0626996 -0.337128 28 0
0.173374 0.0606122 -0.208728 28 0
0.17397 0.0596099 -0.100219 28 0
0.174566 0.0596327 0.00228854 28 0
0.175173 0.0606445 0.101192 28 0
0.175797 0.0624097 0.176524 28 0
0.176446 0.064937 0.252729 28 0
0.177128 0.0681374 0.320049 28 0
0.177847 0.0718892 0.375179 28 0
0.178607 0.0760576 0.416838 28 0
0.179412 0.0804969 0.443939 28 0
0.180263 0.085052 0.455514 28 0
0.181158 0.0895581 0.450617 28 0
0.182097 0.0938404 0.428238 28 0
0.183074 0.097713 0.387285 28 0
0.184084 0.100981 0.326884 28 0
0.185118 0.103454 0.24732 28 0
0.185928 0.0809967 -2.24656 28 0
0.186816 0.0888234 0.783949 28 0
0.187734 0.0918013 0.298102 28 0
0.188662 0.0927635 0.0963797 28 0
0.189598 0.0936449 0.0882504 28 0
0.190546 0.0947708 0.112691 28 0
0.191507 0.0961446 0.137486 28 0
0.192485 0.0978136 0.167001 28 0
0.193478 0.0992271 0.141459 28 0
0.194487 0.10091 0.168381 28 0
0.195516 0.102918 0.200946 28 0
0.196566 0.104993 0.207603 28 0
0.197636 0.107032 0.204019 28 0
0.198724 0.108827 0.179758 28 0
0.199899 0.117575 0.884027 28 0
0.201133 0.123397 0.573461 28 0
0.202374 0.124136 0.0738648 28 0
0.203641 0.126689 0.255355 28 0
0.204934 0.129334 0.264548 28 0
0.206334 0.139981 1.06402 28 0
0.207659 0.132489 -0.748839 28 0
0.20895 0.129077 -0.34093 28 0
0.210222 0.127172 -0.190445 28 0
0.211454 0.123286 -0.388589 28 0
0.212635 0.11806 -0.522636 28 0
0.213736 0.11011 -0.794947 28 0
0.214762 0.102582 -0.752753 28 0
0.215718 0.0955724 -0.700987 28 0
0.216604 0.0886603 -0.691197 28 0
0.217425 0.0821 -0.656013 28 0
0.218187 0.0761658 -0.593411 28 0
0.218897 0.0709576 -0.520812 28 0
0.219562 0.0665878 -0.43697 28 0
0.220195 0.063229 -0.33588 28 0
0.220804 0.06091 -0.231889 28 0
0.2214 0.0596408 -0.126925 28 0
0.221994 0.0594078 -0.0233014 28 0
0.222596 0.0601476 0.0739769 28 0
0.223214 0.0617754 0.162777 28 0
0.223857 0.0643029 0.252742 28 0
0.224532 0.0674959 0.319287 28 0
0.225244 0.0712525 0.375649 28 0
0.225999 0.0754492 0.419664 28 0
0.226798 0.0799351 0.448576 28 0
0.227643 0.0845523 0.461717 28 0
0.228535 0.0891346 0.458216 28 0
0.22947 0.0935036 0.436896 28 0
0.230445 0.0974678 0.396421 28 0
0.231453 0.100823 0.335546 28 0
0.232486 0.103363 0.253951 28 0
0.233339 0.0852463 -1.81117 28 0
0.234259 0.0920358 0.678425 28 0
0.235219 0.0959341 0.38971 28 0
0.236198 0.097987 0.205273 28 0
0.237195 0.0996995 0.171245 28 0
0.238214 0.101843 0.214402 28 0
0.239258 0.104382 0.253852 28 0
0.24033 0.107204 0.282244 28 0
0.241432 0.110191 0.298625 28 0
0.242565 0.113312 0.312127 28 0
0.243731 0.116657 0.334513 28 0
0.244933 0.12019 0.353337 28 0
0.246176 0.124242 0.405145 28 0
0.247459 0.128332 0.408928 28 0
0.248712 0.125358 -0.297032 28 0
0.249985 0.127212 0.185274 28 0
0.251274 0.128943 0.173146 28 0
0.252578 0.1304 0.145629 28 0
0.253894 0.131632 0.12318 28 0
0.255131 0.123618 -0.801372 28 0
0.256436 0.130582 0.696947 28 0
0.257746 0.130987 0.0408045 28 0
0.259011 0.126514 -0.447236 28 0
0.260231 0.121987 -0.452728 28 0
0.261394 0.116285 -0.570159 28 0
0.26249 0.109618 -0.666715 28 0
0.263516 0.102536 -0.708171 28 0
0.264469 0.0953498 -0.718649 28 0
0.265352 0.0883181 -0.703162 28 0
0.266169 0.0816771 -0.664096 28 0
0.266925 0.0756271 -0.604994 28 0
0.267629 0.0703325 -0.52946 28 0
0.268288 0.0659224 -0.441011 28 0
0.268913 0.0624895 -0.34329 28 0
0.269514 0.0600892 -0.240026 28 0
0.270101 0.05874 -0.134925 28 0
0.270685 0.0584249 -0.0315197 28 0
0.271276 0.0590949 0.0669992 28 0
0.271883 0.0606751 0.158004 28 0
0.272514 0.0630685 0.239331 28 0
0.273175 0.0661613 0.309262 28 0
0.273874 0.0698257 0.366428 28 0
0.274613 0.0739238 0.409791 28 0
0.275396 0.0783082 0.438427 28 0
0.276224 0.0828237 0.451536 28 0
0.277097 0.0873073 0.448348 28 0
0.278013 0.0915879 0.428058 28 0
0.278968 0.0954862 0.389826 28 0
0.279956 0.0988179 0.333164 28 0
0.28097 0.101409 0.259126 28 0
0.281781 0.081023 -2.03802 28 0
0.282638 0.0857891 0.476396 28 0
0.283537 0.0899007 0.411159 28 0
0.284464 0.0926789 0.277817 28 0
0.285409 0.0944506 0.177173 28 0
0.286374 0.0965363 0.208572 28 0
0.287359 0.098497 0.196073 28 0
0.288375 0.101631 0.313417 28 0
0.289422 0.104629 0.299787 28 0
0.290498 0.107632 0.300309 28 0
0.291607 0.110868 0.323545 28 0
0.292749 0.114251 0.338306 28 0
0.293926 0.117638 0.338722 28 0
0.295135 0.120927 0.3289 28 0
0.296375 0.12406 0.31335 28 0
0.297646 0.127037 0.297676 28 0
0.298944 0.129815 0.277769 28 0
0.300267 0.132339 0.252456 28 0
0.301613 0.13456 0.222065 28 0
0.303025 0.141247 0.668814 28 0
0.304376 0.135091 -0.616495 28 0
0.30574 0.136348 0.125716 28 0
0.307062 0.13224 -0.410848 28 0
0.308338 0.127552 -0.468805 28 0
0.309555 0.121686 -0.586583 28 0
0.310704 0.114947 -0.673901 28 0
0.311782 0.107768 -0.717865 28 0
0.312786 0.100461 -0.73074 28 0
0.31372 0.0933253 -0.713545 28 0
0.314585 0.0865807 -0.674457 28 0
0.31539 0.0804153 -0.616545 28 0
0.31614 0.0749929 -0.542237 28 0
0.316844 0.0704417 -0.455123 28 0
0.317513 0.0668566 -0.358522 28 0
0.318156 0.0643181 -0.25385 28 0
0.318784 0.0627915 -0.15268 28 0
0.319406 0.0622791 -0.0512522 28 0
0.320034 0.0627256 0.0446352 28 0
0.320675 0.0640875 0.13617 28 0
0.321337 0.0662579 0.217015 28 0
0.322028 0.069122 0.286383 28 0
0.322754 0.0725561 0.34338 28 0
0.323517 0.0763553 0.379889 28 0
0.324323 0.0805575 0.420191 28 0
0.325173 0.0849648 0.440711 28 0
0.326067 0.089408 0.444295 28 0
0.327004 0.0937415 0.433325 28 0
0.327982 0.0978087 0.406714 28 0
0.328994 0.101194 0.338565 28 0
0.330023 0.102906 0.171194 28 0
0.330983 0.0959898 -0.69158 28 0
0.331917 0.0933819 -0.260945 28 0
0.332868 0.0950773 0.169519 28 0
0.333842 0.0974043 0.232698 28 0
0.334837 0.0994615 0.205729 28 0
0.33585 0.101387 0.192505 28 0
0.336887 0.103699 0.231262 28 0
0.33795 0.106291 0.259142 28 0
0.339041 0.109025 0.273436 28 0
0.340159 0.111864 0.283947 28 0
0.341308 0.114913 0.304862 28 0
0.342489 0.118101 0.318798 28 0
0.343702 0.121292 0.319122 28 0
0.344946 0.124384 0.3092 28 0
0.346219 0.127323 0.293832 28 0
0.34752 0.130108 0.278513 28 0
0.348847 0.132698 0.258985 28 0
0.350198 0.135036 0.233822 28 0
0.351569 0.137081 0.20457 28 0
0.352842 0.127356 -0.973058 28 0
0.354167 0.132465 0.510876 28 0
0.355549 0.138268 0.580497 28 0
0.356853 0.130318 -0.794995 28 0
0.358118 0.126531 -0.378754 28 0
0.359332 0.121425 -0.510577 28 0
0.360471 0.113923 -0.750157 28 0
0.361538 0.106672 -0.725104 28 0
0.362533 0.0994415 -0.72303 28 0
0.363456 0.0922931 -0.714831 28 0
0.364311 0.0855162 -0.677685 28 0
0.365104 0.0793269 -0.618934 28 0
0.365843 0.0738869 -0.543994 28 0
0.366536 0.0693264 -0.456044 28 0
0.367194 0.0657397 -0.358665 28 0
0.367825 0.0631727 -0.256702 28 0
0.368442 0.061641 -0.153175 28 0
0.369053 0.0611607 -0.0480264 28 0
0.36967 0.0616671 0.0506327 28 0
0.370301 0.063082 0.14148 28 0
0.370954 0.0653108 0.222867 28 0
0.371636 0.0682401 0.292919 28 0
0.372354 0.071742 0.350178 28 0
0.373111 0.0756786 0.393649 28 0
0.37391 0.0799028 0.42241 28 0
0.374752 0.0842599 0.435697 28 0
0.375638 0.088588 0.432799 28 0
0.376565 0.0927177 0.412965 28 0
0.37753 0.0964725 0.375475 28 0
0.378527 0.0996724 0.319987 28 0
0.379548 0.102151 0.247844 28 0
0.380358 0.0809649 -2.11799 28 0
0.381216 0.085854 0.488655 28 0
0.382114 0.0897486 0.389462 28 0
0.383037 0.092305 0.255645 28 0
0.383981 0.0943677 0.206277 28 0
0.384946 0.0965632 0.219549 28 0
0.385938 0.0991591 0.259586 28 0
0.386958 0.102034 0.287499 28 0
0.388009 0.105074 0.303976 28 0
0.389091 0.108245 0.31711 28 0
0.390208 0.111633 0.338777 28 0
0.391359 0.115169 0.353623 28 0
0.392547 0.118732 0.356319 28 0
0.393769 0.122194 0.346195 28 0
0.395024 0.125501 0.330727 28 0
0.39631 0.128648 0.314692 28 0
0.397626 0.131593 0.294449 28 0
0.398969 0.134273 0.268043 28 0
0.400335 0.136645 0.237219 28 0
0.401781 0.144594 0.794879 28 0
0.403162 0.138081 -0.651828 28 0
0.404545 0.13827 0.0189757 28 0
0.405892 0.134731 -0.353904 28 0
0.407193 0.130107 -0.462382 28 0
0.408435 0.124194 -0.591352 28 0
0.409609 0.117424 -0.677024 28 0
0.410711 0.110205 -0.721861 28 0
0.41174 0.102845 -0.735959 28 0
0.412696 0.095617 -0.722826 28 0
0.413584 0.0887947 -0.682223 28 0
0.41441 0.0825824 -0.621235 28 0
0.415181 0.0770926 -0.548977 28 0
0.415905 0.0724622 -0.463045 28 0
0.416593 0.068794 -0.36682 28 0
0.417255 0.0661428 -0.265127 28 0
0.4179 0.0645272 -0.161573 28 0
0.418539 0.0639316 -0.0595679 28 0
0.419182 0.0643097 0.0377979 28 0
0.419838 0.065589 0.127909 28 0
0.420515 0.0676755 0.20863 28 0
0.42122 0.0704583 0.278248 28 0
0.421958 0.0738087 0.335014 28 0
0.422734 0.077599 0.379005 28 0
0.423551 0.0816924 0.409322 28 0
0.42441 0.0859653 0.427265 28 0
0.425313 0.0902311 0.426555 28 0
0.426255 0.0942403 0.4009 28 0
0.427234 0.0978521 0.361164 28 0
0.428242 0.100882 0.302956 28 0
0.429274 0.103163 0.228121 28 0
0.430239 0.0965092 -0.665312 28 0
0.431175 0.0935629 -0.294728 28 0
0.432134 0.0959616 0.239863 28 0
0.433116 0.0982025 0.224085 28 0
0.434119 0.100257 0.205413 28 0
0.435143 0.102401 0.21444 28 0
0.436192 0.104911 0.250939 28 0
0.437269 0.10766 0.274916 28 0
0.438374 0.110534 0.28744 28 0
0.439509 0.113475 0.294095 28 0
0.440675 0.116588 0.311317 28 0
0.441873 0.11986 0.327205 28 0
0.443105 0.123133 0.327258 28 0
0.444368 0.126295 0.316226 28 0
0.445661 0.129297 0.300183 28 0
0.446982 0.132141 0.284411 28 0
0.44833 0.134788 0.264657 28 0
0.449702 0.13718 0.239254 28 0
0.451094 0.139278 0.209801 28 0
0.452384 0.128936 -1.03433 28 0
0.453726 0.134224 0.52829 28 0
0.455077 0.135052 0.0829528 28 0
0.45639 0.131299 -0.375281 28 0
0.457656 0.126662 -0.463742 28 0
0.458866 0.120959 -0.570228 28 0
0.460009 0.114286 -0.667333 28 0
0.461082 0.107357 -0.692865 28 0
0.462086 0.100421 -0.69356 28 0
0.463023 0.0936502 -0.677093 28 0
0.463896 0.0872736 -0.637644 28 0
0.464711 0.0814944 -0.577902 28 0
0.465476 0.076476 -0.501809 28 0
0.466199 0.0723448 -0.413093 28 0
0.466891 0.069191 -0.315344 28 0
0.467562 0.0670736 -0.2117 28 0
0.468222 0.0660357 -0.103733 28 0
0.468885 0.0663266 0.0291475 28 0
0.469522 0.0636713 -0.265377 28 0
0.470168 0.0645783 0.0907422 28 0
0.470831 0.0663676 0.178956 28 0
0.471519 0.0687827 0.241541 28 0
0.472236 0.0717227 0.294009 28 0
0.472991 0.0754792 0.37566 28 0
0.473783 0.0792099 0.373071 28 0
0.474613 0.0829215 0.371164 28 0
0.475478 0.0865329 0.361146 28 0
0.476377 0.0898628 0.332994 28 0
0.477304 0.0926919 0.28294 28 0
0.478344 0.104078 1.14298 28 0
0.479403 0.105953 0.184508 28 0
0.480214 0.0810152 -2.49409 28 0
0.481089 0.0875851 0.657522 28 0
0.482012 0.0922574 0.467338 28 0
0.482955 0.094349 0.209189 28 0
0.483919 0.0963491 0.200019 28 0
0.484899 0.0980259 0.167681 28 0
0.485903 0.100346 0.232047 28 0
0.486935 0.103196 0.28496 28 0
0.487996 0.106183 0.298667 28 0
0.489089 0.10927 0.308758 28 0
0.490215 0.112582 0.331201 28 0
0.491376 0.116097 0.351464 28 0
0.492572 0.119591 0.349427 28 0
0.493802 0.122976 0.338483 28 0
0.495064 0.126203 0.322737 28 0
0.496356 0.129269 0.306589 28 0
0.497678 0.132147 0.287787 28 0
0.499026 0.134776 0.262917 28 0
0.500396 0.137069 0.229282 28 0
0.501979 0.158262 2.11931 28 0
0.503421 0.144254 -1.40051 28 0
0.504798 0.137648 -0.660624 28 0
0.506165 0.136737 -0.0911428 28 0
0.507491 0.132589 -0.414766 28 0
0.508756 0.126475 -0.611406 28 0
0.509953 0.119676 -0.67993 28 0
0.511077 0.112476 -0.719988 28 0
0.512129 0.105132 -0.734308 28 0
0.513108 0.0979293 -0.720303 28 0
0.514019 0.0911073 -0.682192 28 0
0.514868 0.0848964 -0.621082 28 0
0.515663 0.0794366 -0.545978 28 0
0.516411 0.0748517 -0.458488 28 0
0.517123 0.0712334 -0.361828 28 0
0.51781 0.0686279 -0.260549 28 0
0.51848 0.0670611 -0.156692 28 0
0.519145 0.0665217 -0.0539483 28 0
0.519815 0.0669652 0.0443423 28 0
0.520498 0.0683193 0.135398 28 0
0.521203 0.0704867 0.216718 28 0
0.521937 0.0733501 0.286322 28 0
0.522706 0.0769344 0.358403 28 0
0.523515 0.0808726 0.393802 28 0
0.524366 0.0850847 0.421191 28 0
0.52526 0.0894433 0.435841 28 0
0.526198 0.0937761 0.43327 28 0
0.527177 0.0979067 0.413049 28 0
0.528193 0.101648 0.374163 28 0
0.529242 0.104803 0.315481 28 0
0.530313 0.107173 0.236998 28 0
0.531321 0.10075 -0.642279 28 0
0.532302 0.0980853 -0.266665 28 0
0.533298 0.0996403 0.155423 28 0
0.534301 0.100333 0.0692283 28 0
0.535327 0.102589 0.225606 28 0
0.536375 0.104799 0.221054 28 0
0.537444 0.106907 0.210803 28 0
0.538536 0.109169 0.226125 28 0
0.539654 0.111802 0.263375 28 0
0.540798 0.114379 0.257664 28 0
0.541969 0.117113 0.273411 28 0
0.543169 0.119983 0.287009 28 0
0.544397 0.122863 0.287934 28 0
0.545656 0.125885 0.302273 28 0
0.546945 0.12884 0.295471 28 0
0.548256 0.131159 0.231891 28 0
0.549591 0.133495 0.233592 28 0
0.550948 0.13569 0.219499 28 0
0.552324 0.137601 0.191171 28 0
0.5535 0.117569 -2.00297 28 0
0.554748 0.124849 0.726761 28 0
0.556014 0.126551 0.170356 28 0
0.557274 0.126057 -0.0493701 28 0
0.558493 0.121848 -0.420841 28 0
0.559651 0.115824 -0.602397 28 0
0.560743 0.109181 -0.664352 28 0
0.561764 0.102107 -0.707317 28 0
0.562713 0.0948807 -0.722668 28 0
0.563591 0.0877897 -0.709095 28 0
0.564401 0.0810745 -0.671521 28 0
0.565151 0.0749365 -0.61379 28 0
0.565846 0.0695422 -0.539426 28 0
0.566497 0.0650227 -0.451953 28 0
0.567111 0.0614719 -0.355073 28 0
0.567701 0.0589465 -0.25254 28 0
0.568275 0.0574659 -0.148065 28 0
0.568846 0.057014 -0.0451923 28 0
0.569421 0.0575421 0.0528007 28 0
0.570011 0.0589755 0.143339 28 0
0.570623 0.0612182 0.224254 28 0
0.571264 0.0641564 0.293816 28 0
0.571941 0.0676624 0.350581 28 0
0.572657 0.0715979 0.393543 28 0
0.573415 0.0758159 0.421785 28 0
0.574217 0.0801613 0.434538 28 0
0.575062 0.0844726 0.431116 28 0
0.575947 0.0885803 0.410769 28 0
0.57687 0.0923086 0.372826 28 0
0.577825 0.095478 0.316941 28 0
0.578804 0.0979228 0.244477 28 0
0.579571 0.0766811 -2.12358 28 0
0.580387 0.0816138 0.493017 28 0
0.581245 0.0857868 0.417299 28 0
0.58212 0.0875063 0.171958 28 0
0.583025 0.0904506 0.29443 28 0
0.583954 0.092905 0.245446 28 0
0.584912 0.0957682 0.286318 28 0
0.5859 0.09883 0.306179 28 0
0.586921 0.102132 0.330194 28 0
0.587977 0.105577 0.344556 28 0
0.58907 0.109277 0.369936 28 0
0.590201 0.113142 0.386552 28 0
0.591371 0.117031 0.388911 28 0
0.59258 0.120826 0.379484 28 0
0.593824 0.124457 0.363075 28 0
0.595103 0.127905 0.344823 28 0
0.596415 0.131144 0.323854 28 0
0.597756 0.1341 0.295645 28 0
0.599123 0.13673 0.262951 28 0
0.600702 0.157856 2.11274 28 0
0.602143 0.144127 -1.37269 28 0
0.603537 0.139361 -0.476646 28 0
0.604912 0.137512 -0.184897 28 0
0.606245 0.133303 -0.420867 28 0
0.607518 0.127325 -0.597853 28 0
0.608725 0.120656 -0.666884 28 0
0.609859 0.113414 -0.72418 28 0
0.610919 0.106033 -0.738075 28 0
0.611907 0.0988072 -0.722573 28 0
0.61283 0.0923094 -0.649768 28 0
0.613687 0.0857221 -0.658723 28 0
0.614489 0.0801265 -0.55956 28 0
0.615244 0.0754872 -0.463924 28 0
0.615962 0.0717925 -0.369468 28 0
0.616653 0.0691303 -0.266218 28 0
0.617328 0.067511 -0.161928 28 0
0.617997 0.0669208 -0.0590319 28 0
0.61867 0.0673157 0.0394822 28 0
0.619357 0.0686219 0.130614 28 0
0.620064 0.0707435 0.212141 28 0
0.6208 0.0735673 0.282366 28 0
0.621569 0.0769678 0.340031 28 0
0.622377 0.0808074 0.383948 28 0
0.623227 0.0849395 0.413197 28 0
0.624119 0.0892091 0.426942 28 0
0.625053 0.0934524 0.424319 28 0
0.626028 0.0974994 0.40469 28 0
0.62704 0.101167 0.36676 28 0
0.628083 0.104259 0.309161 28 0
0.629149 0.106583 0.232414 28 0
0.630147 0.0998125 -0.676945 28 0
0.631115 0.0968347 -0.297974 28 0
0.632099 0.0984378 0.160285 28 0
0.633104 0.100483 0.20453 28 0
0.634132 0.102807 0.232409 28 0
0.635179 0.104724 0.191665 28 0
0.636249 0.106964 0.224015 28 0
0.637344 0.109504 0.254008 28 0
0.638466 0.112182 0.267777 28 0
0.639616 0.114962 0.27805 28 0
0.640795 0.117948 0.298544 28 0
0.642006 0.12107 0.312211 28 0
0.643248 0.124195 0.312463 28 0
0.64452 0.12722 0.302506 28 0
0.645821 0.130095 0.287484 28 0
0.647149 0.132797 0.270225 28 0
0.64856 0.141088 0.828125 28 0
0.649905 0.134473 -0.66156 28 0
0.651299 0.139492 0.501847 28 0
0.652501 0.120114 -1.93789 28 0
0.653842 0.134158 1.4044 28 0
0.655167 0.132515 -0.164388 28 0
0.656469 0.130159 -0.235603 28 0
0.657728 0.125872 -0.428677 28 0
0.658927 0.119938 -0.593392 28 0
0.660059 0.113198 -0.674017 28 0
0.661119 0.106031 -0.716622 28 0
0.662107 0.0987346 -0.72968 28 0
0.663023 0.0915787 -0.715585 28 0
0.663871 0.0848025 -0.677621 28 0
0.664657 0.0786079 -0.619459 28 0
0.665388 0.0731608 -0.544707 28 0
0.666074 0.0685917 -0.456902 28 0
0.666724 0.0649945 -0.359724 28 0
0.667348 0.0624253 -0.256921 28 0
0.667957 0.0609033 -0.152198 28 0
0.668562 0.0604125 -0.0490912 28 0
0.669171 0.060904 0.0491424 28 0
0.669794 0.0623034 0.139934 28 0
0.670439 0.0645147 0.221114 28 0
0.671113 0.0674244 0.290959 28 0
0.671822 0.0709049 0.348033 28 0
0.67257 0.0748182 0.39132 28 0
0.67336 0.0790174 0.419902 28 0
0.674194 0.0833476 0.433011 28 0
0.67507 0.0876469 0.429917 28 0
0.675988 0.0917453 0.409838 28 0
0.676943 0.0954655 0.372013 28 0
0.677929 0.0986251 0.315955 28 0
0.678939 0.101053 0.242745 28 0
0.67974 0.0800628 -2.09844 28 0
0.680589 0.0849541 0.488927 28 0
0.681479 0.0889898 0.403575 28 0
0.682396 0.0916629 0.267313 28 0
0.683333 0.0936581 0.19952 28 0
0.684292 0.0959012 0.224313 28 0
0.685277 0.0985609 0.265969 28 0
0.686292 0.10151 0.294866 28 0
0.687338 0.104618 0.31088 28 0
0.688417 0.107858 0.323996 28 0
0.68953 0.111331 0.347284 28 0
0.69068 0.114967 0.363604 28 0
0.691866 0.118631 0.366328 28 0
0.693088 0.122179 0.354801 28 0
0.694344 0.125573 0.339463 28 0
0.695632 0.128808 0.323472 28 0
0.69695 0.131834 0.302661 28 0
0.698296 0.134593 0.275825 28 0
0.699667 0.137038 0.244522 28 0
0.701254 0.158768 2.17305 28 0
0.702713 0.145847 -1.29198 28 0
0.704094 0.138083 -0.776499 28 0
0.705458 0.13642 -0.166307 28 0
0.706787 0.13289 -0.353016 28 0
0.708056 0.126917 -0.597299 28 0
0.709258 0.120234 -0.668286 28 0
0.710388 0.112974 -0.725947 28 0
0.711444 0.105611 -0.736289 28 0
0.712428 0.0983819 -0.722921 28 0
0.713343 0.0915535 -0.682839 28 0
0.714197 0.0853058 -0.624756 28 0
0.714995 0.0798027 -0.550307 28 0
0.715746 0.0751837 -0.461903 28 0
0.716462 0.0715393 -0.364431 28 0
0.717151 0.068926 -0.261337 28 0
0.717825 0.0673629 -0.156311 28 0
0.718493 0.0668349 -0.0528098 28 0
0.719166 0.0672948 0.0459814 28 0
0.719853 0.0686686 0.137372 28 0
0.720561 0.0708609 0.219215 28 0
0.721299 0.0737592 0.289815 28 0
0.722071 0.0772376 0.347825 28 0
0.722883 0.0811594 0.392161 28 0
0.723737 0.0853796 0.422002 28 0
0.724634 0.0897445 0.436479 28 0
0.725575 0.0940943 0.434975 28 0
0.726558 0.0982654 0.417101 28 0
0.72766 0.110229 1.19697 28 0
0.728724 0.106438 -0.379576 28 0
0.729818 0.109332 0.289383 28 0
0.730712 0.0894386 -1.98893 28 0
0.731653 0.0941064 0.466585 28 0
0.732635 0.0981974 0.409101 28 0
0.733641 0.100543 0.234566 28 0
0.73466 0.10194 0.139707 28 0
0.735698 0.103785 0.184477 28 0
0.736758 0.106009 0.22237 28 0
0.737842 0.108448 0.243982 28 0
0.738953 0.111017 0.25685 28 0
0.740089 0.113689 0.267231 28 0
0.741255 0.116559 0.286954 28 0
0.742451 0.11956 0.300105 28 0
0.743676 0.122562 0.300174 28 0
0.744931 0.125466 0.290407 28 0
0.746213 0.128221 0.275515 28 0
0.747521 0.130828 0.260703 28 0
0.748854 0.133246 0.241776 28 0
0.750208 0.13542 0.217415 28 0
0.751581 0.137311 0.189078 28 0
0.752738 0.115709 -2.16017 28 0
0.754064 0.132595 1.68856 28 0
0.755364 0.129988 -0.260692 28 0
0.756642 0.12776 -0.222849 28 0
0.757878 0.123612 -0.414753 28 0
0.759055 0.117721 -0.589099 28 0
0.760165 0.111022 -0.669921 28 0
0.761204 0.103904 -0.711808 28 0
0.762171 0.0966457 -0.725789 28 0
0.763066 0.0895232 -0.712245 28 0
0.763894 0.0827769 -0.674623 28 0
0.76466 0.0766093 -0.616756 28 0
0.765372 0.0711866 -0.542273 28 0
0.766038 0.0666396 -0.454698 28 0
0.766669 0.0630623 -0.357724 28 0
0.767274 0.0605112 -0.255108 28 0
0.767864 0.0590056 -0.150562 28 0
0.768449 0.0585295 -0.0476253 28 0
0.76904 0.0590338 0.0504305 28 0
0.769644 0.0604443 0.141035 28 0
0.770271 0.0626647 0.222029 28 0
0.770926 0.0655817 0.291686 28 0
0.771617 0.0690675 0.348566 28 0
0.772347 0.0729843 0.391661 28 0
0.773119 0.0771849 0.42005 28 0
0.773934 0.0815148 0.432978 28 0
0.774792 0.0858123 0.42974 28 0
0.775691 0.0899084 0.409607 28 0
0.776628 0.0936274 0.371893 28 0
0.777595 0.0967899 0.316251 28 0
0.778588 0.0992304 0.244053 28 0
0.779367 0.077933 -2.12917 28 0
0.780196 0.0828705 0.493533 28 0
0.781067 0.0871113 0.424078 28 0
0.781962 0.0895061 0.239485 28 0
0.782871 0.0908982 0.139215 28 0
0.783809 0.093817 0.291888 28 0
0.784776 0.0966741 0.285709 28 0
0.785773 0.0996952 0.302105 28 0
0.786802 0.102933 0.323785 28 0
0.787863 0.106059 0.312552 28 0
0.788955 0.109224 0.31652 28 0
0.790087 0.113195 0.397148 28 0
0.791267 0.117972 0.47766 28 0
0.79249 0.122305 0.433356 28 0
0.793748 0.125834 0.352815 28 0
0.795033 0.12851 0.267672 28 0
0.79635 0.131692 0.318128 28 0
0.797697 0.134675 0.298395 28 0
0.79907 0.137278 0.2603 28 0
0.800668 0.159826 2.25482 28 0
0.802136 0.146806 -1.30155 28 0
0.803527 0.139074 -0.773271 28 0
0.804908 0.138096 -0.0978557 28 0
0.806249 0.134162 -0.393343 28 0
0.807531 0.128129 -0.603285 28 0
0.808744 0.121371 -0.675848 28 0
0.809886 0.114208 -0.716249 28 0
0.810955 0.106894 -0.731395 28 0
0.811952 0.0997108 -0.7183 28 0
0.812881 0.0929069 -0.680385 28 0
0.813748 0.0866848 -0.622203 28 0
0.814661 0.0912039 0.45079 28 0
0.815419 0.0758549 -1.53459 28 0
0.816163 0.0743965 -0.14584 28 0
0.816882 0.0719435 -0.245307 28 0
0.817583 0.0700966 -0.184689 28 0
0.818278 0.0694898 -0.0606856 28 0
0.818977 0.0698985 0.0408508 28 0
0.819689 0.0712113 0.131268 28 0
0.820423 0.073348 0.213657 28 0
0.821185 0.0761963 0.284816 28 0
0.821981 0.0796279 0.34314 28 0
0.822816 0.0835049 0.387681 28 0
0.823693 0.0876803 0.417528 28 0
0.824613 0.0919988 0.431841 28 0
0.825576 0.0962968 0.429785 28 0
0.82658 0.100401 0.410408 28 0
0.827621 0.104127 0.372628 28 0
0.828694 0.107283 0.315552 28 0
0.829791 0.109681 0.239786 28 0
0.830687 0.0896447 -2.00317 28 0
0.831632 0.0944739 0.482741 28 0
0.832618 0.0986083 0.413447 28 0
0.833629 0.101062 0.245315 28 0
0.834654 0.102523 0.146158 28 0
0.835698 0.104368 0.184537 28 0
0.836764 0.106578 0.22093 28 0
0.837854 0.108999 0.242098 28 0
0.838969 0.111543 0.254376 28 0
0.840111 0.114183 0.264035 28 0
0.841281 0.117012 0.282939 28 0
0.842481 0.119966 0.2954 28 0
0.84371 0.122916 0.294996 28 0
0.844967 0.125766 0.284957 28 0
0.846252 0.128465 0.269956 28 0
0.847562 0.131016 0.255097 28 0
0.848896 0.133378 0.236187 28 0
0.850251 0.135497 0.211919 28 0
0.851624 0.137335 0.183743 28 0
0.852777 0.115261 -2.20764 28 0
0.854084 0.130663 1.54025 28 0
0.855392 0.130875 0.0211336 28 0
0.85667 0.127796 -0.307919 28 0
0.857904 0.123402 -0.439405 28 0
0.85908 0.11756 -0.584137 28 0
0.860189 0.110865 -0.669493 28 0
0.861226 0.103741 -0.712468 28 0
0.862191 0.0964844 -0.725626 28 0
0.863085 0.0893669 -0.711748 28 0
0.863911 0.0826272 -0.67396 28 0
0.864676 0.0764679 -0.615932 28 0
0.865386 0.0710547 -0.54132 28 0
0.866051 0.0665181 -0.453652 28 0
0.866681 0.0629521 -0.356605 28 0
0.867285 0.0604127 -0.253933 28 0
0.867874 0.0589194 -0.149341 28 0
0.868459 0.0584557 -0.0463664 28 0
0.869048 0.058973 0.0517181 28 0
0.869652 0.0603966 0.142345 28 0
0.870279 0.0626302 0.223356 28 0
0.870934 0.0655606 0.293024 28 0
0.871625 0.0690598 0.349909 28 0
0.872355 0.07299 0.393002 28 0
0.873127 0.077204 0.421385 28 0
0.873942 0.081547 0.434292 28 0
0.874801 0.0858571 0.431004 28 0
0.875701 0.0899648 0.41076 28 0
0.876637 0.0936932 0.372833 28 0
0.877606 0.0968611 0.316791 28 0
0.878599 0.0992995 0.243836 28 0
0.879381 0.078223 -2.1071 28 0
0.880213 0.0831287 0.490356 28 0
0.881086 0.0873559 0.422725 28 0
0.881988 0.0901576 0.280169 28 0
0.882908 0.0920531 0.189551 28 0
0.883852 0.094343 0.22899 28 0
0.884823 0.0970996 0.275663 28 0
0.885824 0.10014 0.304009 28 0
0.886858 0.103348 0.320873 28 0
0.887924 0.106692 0.334317 28 0
0.889027 0.110276 0.358405 28 0
0.890167 0.114028 0.375221 28 0
0.891345 0.117802 0.377374 28 0
0.89256 0.121485 0.36831 28 0
0.89386 0.129955 0.84711 28 0
0.89515 0.128967 -0.0989491 28 0
0.896474 0.132485 0.351786 28 0
0.897827 0.135306 0.28214 28 0
0.899205 0.137783 0.247658 28 0
0.900808 0.16032 2.25368 28 0
0.902273 0.146493 -1.38279 28 0
0.903662 0.138866 -0.762749 28 0
0.905042 0.138035 -0.0831131 28 0
0.906381 0.133836 -0.419835 28 0
0.907659 0.12777 -0.606578 28 0
0.908868 0.120989 -0.678124 28 0
0.910006 0.113787 -0.720203 28 0
0.911071 0.106436 -0.73509 28 0
0.912063 0.0992201 -0.721562 28 0
0.912987 0.0923812 -0.683884 28 0
0.913848 0.0861216 -0.625955 28 0
0.914654 0.0806089 -0.55127 28 0
0.915414 0.0759746 -0.463419 28 0
0.916137 0.0723137 -0.366096 28 0
0.916834 0.0696832 -0.263051 28 0
0.917515 0.0681031 -0.158015 28 0
0.91819 0.0675578 -0.0545369 28 0
0.91887 0.0679999 0.0441961 28 0
0.919564 0.069355 0.135497 28 0
0.920279 0.0715272 0.217209 28 0
0.921023 0.0744037 0.287632 28 0
0.921802 0.0778581 0.345421 28 0
0.922619 0.081753 0.389476 28 0
0.923479 0.0859419 0.418866 28 0
0.924381 0.0902695 0.43275 28 0
0.925327 0.0945724 0.430276 28 0
0.926314 0.0986772 0.410469 28 0
0.927338 0.1024 0.372224 28 0
0.928393 0.105546 0.314613 28 0
0.929473 0.107925 0.237895 28 0
0.930353 0.0880216 -1.98987 28 0
0.931281 0.0928258 0.480249 28 0
0.932251 0.0970135 0.418763 28 0
0.933246 0.0994573 0.244383 28 0
0.934256 0.100964 0.150693 28 0
0.935284 0.102876 0.191202 28 0
0.936336 0.105169 0.229273 28 0
0.937413 0.107682 0.251279 28 0
0.938516 0.110324 0.264259 28 0
0.939647 0.11307 0.274527 28 0
0.940807 0.116012 0.294227 28 0
0.941998 0.119085 0.307325 28 0
0.943219 0.122158 0.307254 28 0
0.944471 0.12513 0.297265 28 0
0.94575 0.127951 0.282074 28 0
0.947056 0.130621 0.266945 28 0
0.948387 0.133097 0.247679 28 0
0.949741 0.135327 0.222961 28 0
0.951113 0.137269 0.194247 28 0
0.952266 0.115277 -2.19923 28 0
0.953592 0.13255 1.72724 28 0
0.954891 0.129954 -0.259587 28 0
0.956169 0.12776 -0.219409 28 0
0.957405 0.123608 -0.415256 28 0
0.958587 0.118176 -0.543139 28 0
0.959793 0.120642 0.245567 28 0
0.960842 0.104884 -1.57494 28 0
0.961828 0.0986545 -0.622927 28 0
0.962744 0.0915083 -0.71461 28 0
0.96359 0.0846226 -0.688569 28 0
0.964374 0.0784149 -0.620763 28 0
0.965104 0.0729629 -0.545194 28 0
0.965787 0.0683869 -0.457607 28 0
0.966435 0.0647868 -0.360007 28 0
0.967057 0.0622185 -0.256831 28 0
0.967664 0.0607001 -0.151843 28 0
0.968267 0.060215 -0.0485095 28 0
0.968874 0.0607142 0.0499104 28 0
0.969495 0.0621228 0.140849 28 0
0.970138 0.0643445 0.222153 28 0
0.970811 0.0672656 0.292103 28 0
0.971519 0.0707584 0.349264 28 0
0.972266 0.0746848 0.392627 28 0
0.973055 0.0788977 0.421276 28 0
0.973887 0.0832423 0.434446 28 0
0.974763 0.0875566 0.431419 28 0
0.975679 0.091671 0.411433 28 0
0.976633 0.0954085 0.373752 28 0
0.977619 0.0985882 0.31796 28 0
0.97863 0.101041 0.245287 28 0
0.979429 0.079946 -2.10894 28 0
0.980278 0.0848466 0.489845 28 0
0.981168 0.0890121 0.416556 28 0
0.982083 0.091534 0.252192 28 0
0.983011 0.0927623 0.122835 28 0
0.983967 0.0956455 0.288317 28 0
0.984951 0.098383 0.27375 28 0
0.985964 0.10135 0.29671 28 0
0.987008 0.104401 0.305062 28 0
0.988085 0.10763 0.322969 28 0
0.989196 0.111099 0.346837 28 0
0.990343 0.114726 0.362745 28 0
0.991527 0.118372 0.364538 28 0
0.992746 0.121926 0.355404 28 0
0.993999 0.125312 0.338597 28 0
0.995284 0.128526 0.321394 28 0
0.9966 0.131537 0.301101 28 0
0.997942 0.134276 0.273913 28 0
0.999309 0.136699 0.242357 28 0
1.0009 0.15864 2.19425 28 0
1.00234 0.144221 -1.44165 28 0
1.00372 0.137932 -0.628931 28 0
1.00509 0.137092 -0.0840461 28 0
1.00642 0.132837 -0.425488 28 0
1.00768 0.126719 -0.611719 28 0
1.00888 0.119934 -0.678555 28 0
1.01001 0.11273 -0.720414 28 0
1.01106 0.105374 -0.735543 28 0
1.01205 0.0981539 -0.722013 28 0
1.01296 0.0913106 -0.684328 28 0
1.01381 0.085079 -0.623154 28 0
1.01461 0.0795917 -0.548725 28 0
1.01536 0.0749766 -0.461512 28 0
1.01607 0.0713257 -0.365084 28 0
1.01676 0.0686942 -0.263155 28 0
1.01743 0.0671008 -0.159349 28 0
1.01809 0.0665299 -0.0570983 28 0
1.01876 0.0669356 0.0405557 28 0
1.01944 0.0682452 0.130941 28 0
1.02015 0.0703783 0.213291 28 0
1.02088 0.0732215 0.2843 28 0
1.02165 0.0766466 0.342492 28 0
1.02245 0.0805172 0.387036 28 0
1.0233 0.0846894 0.417203 28 0
1.02419 0.0890124 0.432276 28 0
1.02512 0.0933267 0.43142 28 0
1.0261 0.0974641 0.413717 28 0
1.02711 0.101246 0.378181 28 0
1.02815 0.104487 0.324068 28 0
1.02922 0.106934 0.24468 28 0
1.03022 0.100098 -0.683455 28 0
1.0312 0.0971196 -0.298028 28 0
1.03218 0.0987121 0.159217 28 0
1.03319 0.100382 0.166995 28 0
1.03421 0.102738 0.235603 28 0
1.03526 0.104614 0.187606 28 0
1.03633 0.106761 0.214658 28 0
1.03742 0.109209 0.24483 28 0
1.03854 0.112098 0.288934 28 0
1.03969 0.114553 0.245479 28 0
1.04086 0.117405 0.285233 28 0
1.04206 0.120447 0.30416 28 0
1.0433 0.123473 0.302611 28 0
1.04456 0.126402 0.292847 28 0
1.04586 0.129186 0.278463 28 0
1.04717 0.131828 0.264127 28 0
1.04852 0.134285 0.245772 28 0
1.04988 0.136504 0.221851 28 0
1.05127 0.138443 0.193923 28 0
1.05244 0.117111 -2.1329 28 0
1.05368 0.124675 0.754741 28 0
1.05494 0.12589 0.121685 28 0
1.0562 0.12582 -0.00699505 28 0
1.05742 0.122216 -0.360448 28 0
1.05858 0.116186 -0.602914 28 0
1.05968 0.10959 -0.65962 28 0
1.06071 0.102449 -0.714132 28 0
1.06166 0.0951805 -0.726806 28 0
1.06254 0.088073 -0.710744 28 0
1.06335 0.0813348 -0.673812 28 0
1.0641 0.0751699 -0.616493 28 0
1.0648 0.0697468 -0.54231 28 0
1.06545 0.0651964 -0.455033 28 0
1.06607 0.061613 -0.358342 28 0
1.06666 0.0590531 -0.255983 28 0
1.06723 0.0575364 -0.151677 28 0
1.0678 0.0570468 -0.0489693 28 0
1.06838 0.0575355 0.048866 28 0
1.06897 0.0589281 0.139251 28 0
1.06958 0.0611285 0.220026 28 0
1.07022 0.0640232 0.289462 28 0
1.0709 0.0674845 0.346117 28 0
1.07161 0.0713745 0.38898 28 0
1.07236 0.075546 0.417138 28 0
1.07316 0.0798444 0.429836 28 0
1.074 0.0841084 0.426386 28 0
1.07489 0.0881691 0.406069 28 0
1.0758 0.0918516 0.368243 28 0
1.07675 0.0949776 0.312602 28 0
1.07773 0.097383 0.240537 28 0
1.07849 0.0759153 -2.14622 28 0
1.0793 0.0808785 0.496095 28 0
1.08014 0.0845762 0.36979 28 0
1.08102 0.0878921 0.331593 28 0
1.08192 0.0900523 0.216026 28 0
1.08285 0.0923832 0.233088 28 0
1.0838 0.0953209 0.293766 28 0
1.08478 0.0984675 0.314659 28 0
1.0858 0.101846 0.337846 28 0
1.08685 0.105341 0.349544 28 0
1.08795 0.109121 0.37797 28 0
1.08908 0.113076 0.395492 28 0
1.09025 0.117062 0.398643 28 0
1.09146 0.120952 0.388935 28 0
1.0927 0.12467 0.371863 28 0
1.09399 0.128221 0.355063 28 0
1.0953 0.131556 0.333459 28 0
1.09665 0.13461 0.305483 28 0
1.09802 0.13734 0.272916 28 0
1.09962 0.160212 2.28727 28 0
1.10109 0.146756 -1.34537 28 0
1.10248 0.139152 -0.760466 28 0
1.10386 0.137344 -0.180816 28 0
1.1052 0.134 -0.334392 28 0
1.10648 0.128171 -0.582905 28 0
1.10769 0.121744 -0.642715 28 0
1.10884 0.114218 -0.752602 28 0
1.1099 0.106783 -0.743446 28 0
1.1109 0.0995611 -0.722182 28 0
1.11183 0.0927951 -0.676584 28 0
1.11269 0.0863952 -0.63999 28 0
1.1135 0.0808156 -0.557949 28 0
1.11426 0.0761328 -0.46828 28 0
1.11499 0.0724074 -0.372537 28 0
1.11568 0.0697072 -0.27002 28 0
1.11636 0.0680552 -0.165208 28 0
1.11704 0.067435 -0.0620253 28 0
1.11772 0.0677995 0.0364424 28 0
1.11841 0.0690749 0.127529 28 0
1.11912 0.0711657 0.209059 28 0
1.11986 0.0739591 0.279331 28 0
1.12063 0.0773307 0.337138 28 0
1.12144 0.0811442 0.381338 28 0
1.1223 0.085253 0.41086 28 0
1.12319 0.0895024 0.424925 28 0
1.12413 0.0937296 0.422705 28 0
1.12511 0.0977625 0.40328 28 0
1.12612 0.101419 0.365602 28 0
1.12716 0.104507 0.308833 28 0
1.12823 0.106841 0.233392 28 0
1.12923 0.0998281 -0.701174 28 0
1.1302 0.09684 -0.298999 28 0
1.13118 0.0984391 0.15988 28 0
1.13219 0.100595 0.215609 28 0
1.13322 0.102903 0.230805 28 0
1.13427 0.104836 0.193292 28 0
1.13534 0.107074 0.223725 28 0
1.13644 0.109773 0.269962 28 0
1.13762 0.118089 0.831099 28 0
1.13876 0.113884 -0.420578 28 0
1.13994 0.118554 0.467 28 0
1.14116 0.121654 0.310007 28 0
1.1424 0.124496 0.284159 28 0
1.14368 0.127387 0.289128 28 0
1.14498 0.130154 0.276715 28 0
1.14631 0.132754 0.259941 28 0
1.14766 0.135159 0.240553 28 0
1.14903 0.137318 0.215903 28 0
1.15042 0.139192 0.187411 28 0
1.1516 0.117685 -2.15074 28 0
1.15294 0.134337 1.66524 28 0
1.15426 0.131801 -0.253641 28 0
1.15556 0.129543 -0.225866 28 0
1.15681 0.125349 -0.419422 28 0
1.158 0.119417 -0.593168 28 0
1.15913 0.112675 -0.674161 28 0
1.16019 0.105513 -0.716223 28 0
1.16117 0.0982102 -0.730257 28 0
1.16208 0.0910429 -0.716734 28 0
1.16292 0.0842517 -0.679113 28 0
1.1637 0.0780394 -0.62123 28 0
1.16443 0.0725721 -0.546721 28 0
1.16511 0.067981 -0.459115 28 0
1.16575 0.0643599 -0.362106 28 0
1.16637 0.0617653 -0.259456 28 0
1.16697 0.0602166 -0.154874 28 0
1.16757 0.0596977 -0.0518968 28 0
1.16817 0.0601599 0.0462075 28 0
1.16878 0.0615287 0.136873 28 0
1.16942 0.0637082 0.21794 28 0
1.17009 0.0665852 0.287678 28 0
1.17079 0.0700317 0.344643 28 0
1.17153 0.0739101 0.387825 28 0
1.17231 0.0780733 0.416309 28 0
1.17313 0.0823669 0.429347 28 0
1.174 0.0866295 0.426252 28 0
1.1749 0.0906927 0.406314 28 0
1.17585 0.0943816 0.368879 28 0
1.17682 0.0975179 0.313632 28 0
1.17782 0.099938 0.242014 28 0
1.17861 0.0784383 -2.14941 28 0
1.17944 0.0833997 0.495929 28 0
1.18032 0.087644 0.424424 28 0
1.18121 0.0897861 0.214218 28 0
1.18213 0.0916857 0.189963 28 0
1.18308 0.0944586 0.277297 28 0
1.18405 0.0972507 0.279207 28 0
1.18505 0.100265 0.301389 28 0
1.18609 0.103515 0.325027 28 0
1.18716 0.106872 0.335684 28 0
1.18826 0.110491 0.361963 28 0
1.1894 0.114276 0.378453 28 0
1.19058 0.11808 0.380388 28 0
1.1918 0.12179 0.37104 28 0
1.19306 0.125337 0.354683 28 0
1.19434 0.128708 0.337091 28 0
1.19566 0.131867 0.315937 28 0
1.19701 0.134802 0.293522 28 0
1.19838 0.137384 0.258105 28 0
1.19998 0.159393 2.20123 28 0
1.20144 0.146537 -1.28529 28 0
1.20283 0.138986 -0.755138 28 0
1.20421 0.138122 -0.0864271 28 0
1.20555 0.134018 -0.410349 28 0
1.20683 0.127868 -0.61497 28 0
1.20804 0.120991 -0.687687 28 0
1.20918 0.113909 -0.708193 28 0
1.21025 0.106862 -0.704722 28 0
1.21125 0.0996858 -0.717617 28 0
1.21217 0.0925444 -0.714147 28 0
1.21303 0.0862568 -0.628757 28 0
1.21384 0.0807166 -0.554013 28 0
1.2146 0.0760105 -0.470611 28 0
1.21532 0.0723028 -0.370763 28 0
1.21602 0.0696308 -0.2672 28 0
1.2167 0.0680054 -0.162551 28 0
1.21738 0.0674132 -0.059221 28 0
1.21805 0.0678076 0.0394236 28 0
1.21875 0.0692808 0.147311 28 0
1.21946 0.0712761 0.199518 28 0
1.2202 0.0740817 0.280541 28 0
1.22097 0.0775012 0.341929 28 0
1.22179 0.0813465 0.38452 28 0
1.22264 0.0854838 0.413708 28 0
1.22354 0.0897605 0.427657 28 0
1.22448 0.0940118 0.425118 28 0
1.22546 0.0980642 0.405233 28 0
1.22648 0.101733 0.366903 28 0
1.22753 0.104825 0.309175 28 0
1.2286 0.107148 0.232276 28 0
1.2296 0.100373 -0.67742 28 0
1.23058 0.0973804 -0.299423 28 0
1.23157 0.0989452 0.156455 28 0
1.23257 0.100711 0.176536 28 0
1.2336 0.103144 0.243306 28 0
1.23465 0.10503 0.188624 28 0
1.23573 0.107194 0.216407 28 0
1.23682 0.109664 0.247036 28 0
1.23795 0.11227 0.260586 28 0
1.2391 0.114975 0.27047 28 0
1.24027 0.117882 0.290671 28 0
1.24148 0.120923 0.304131 28 0
1.24272 0.123966 0.304307 28 0
1.24399 0.126911 0.294539 28 0
1.24529 0.129708 0.279666 28 0
1.24661 0.132356 0.264827 28 0
1.24796 0.134823 0.246654 28 0
1.24939 0.143083 0.825438 28 0
1.25077 0.137411 -0.567287 28 0
1.25196 0.119023 -1.83893 28 0
1.2533 0.134356 1.53329 28 0
1.25462 0.132281 -0.207508 28 0
1.25592 0.129998 -0.228324 28 0
1.25718 0.125771 -0.422695 28 0
1.25838 0.119849 -0.592229 28 0
1.25951 0.113126 -0.672261 28 0
1.26057 0.105971 -0.715444 28 0
1.26156 0.0986893 -0.728207 28 0
1.26247 0.0915472 -0.714211 28 0
1.26332 0.0847842 -0.676291 28 0
1.26411 0.0786029 -0.61813 28 0
1.26484 0.073169 -0.543393 28 0
1.26552 0.068613 -0.455598 28 0
1.26617 0.0650287 -0.358422 28 0
1.2668 0.0624726 -0.255617 28 0
1.26741 0.0609638 -0.150885 28 0
1.26801 0.0604862 -0.0477597 28 0
1.26862 0.0609912 0.0504909 28 0
1.26925 0.0624042 0.141293 28 0
1.26989 0.0646293 0.222489 28 0
1.27057 0.0675536 0.292419 28 0
1.27128 0.0710482 0.349453 28 0
1.27203 0.0749759 0.392751 28 0
1.27282 0.0791896 0.421359 28 0
1.27366 0.0835346 0.434484 28 0
1.27454 0.0878486 0.431396 28 0
1.27545 0.0919617 0.411301 28 0
1.27641 0.095696 0.373424 28 0
1.2774 0.0988685 0.317254 28 0
1.27841 0.101307 0.243838 28 0
1.27922 0.0804028 -2.08988 28 0
1.28007 0.0852812 0.487633 28 0
1.28096 0.0894009 0.411972 28 0
1.28188 0.0918137 0.241287 28 0
1.28282 0.0939123 0.20986 28 0
1.28378 0.0961707 0.225841 28 0
1.28477 0.0987921 0.262141 28 0
1.28579 0.101715 0.292287 28 0
1.28684 0.104795 0.308003 28 0
1.28792 0.108004 0.320862 28 0
1.28903 0.111442 0.343796 28 0
1.29018 0.115042 0.360077 28 0
1.29137 0.118664 0.362137 28 0
1.29259 0.122191 0.35269 28 0
1.29385 0.125538 0.334755 28 0
1.29513 0.128728 0.318959 28 0
1.29645 0.131722 0.299442 28 0
1.29779 0.134449 0.272708 28 0
1.29916 0.136863 0.241332 28 0
1.30076 0.159468 2.26062 28 0
1.30222 0.14596 -1.35069 28 0
1.3036 0.138088 -0.787308 28 0
1.30496 0.136138 -0.194979 28 0
1.30629 0.132798 -0.334046 28 0
1.30756 0.126848 -0.594914 28 0
1.30876 0.119997 -0.685077 28 0
1.30988 0.1128 -0.719753 28 0
1.31094 0.105465 -0.733481 28 0
1.31192 0.0982616 -0.720324 28 0
1.31284 0.0915607 -0.670082 28 0
1.31369 0.0853439 -0.621673 28 0
1.31449 0.0797531 -0.559079 28 0
1.31524 0.0751395 -0.461355 28 0
1.31595 0.0715067 -0.363284 28 0
1.31664 0.0688809 -0.262574 28 0
1.31732 0.0673182 -0.156275 28 0
1.31798 0.0667942 -0.0524156 28 0
1.31866 0.0673025 0.0508205 28 0
1.31934 0.0686429 0.134031 28 0
1.32005 0.0708287 0.218559 28 0
1.32079 0.0737287 0.289987 28 0
1.32156 0.0772025 0.34736 28 0
1.32237 0.0811159 0.391326 28 0
1.32323 0.0853231 0.420699 28 0
1.32412 0.0896684 0.434516 28 0
1.32506 0.0939879 0.431941 28 0
1.32604 0.0981079 0.411984 28 0
1.32706 0.101843 0.37353 28 0
1.32811 0.105005 0.31618 28 0
1.32919 0.107401 0.239583 28 0
1.33019 0.100764 -0.663567 28 0
1.33117 0.0977932 -0.297296 28 0
1.33217 0.0993708 0.157741 28 0
1.33318 0.101198 0.182693 28 0
1.33421 0.103601 0.240325 28 0
1.33527 0.105461 0.185968 28 0
1.33634 0.107592 0.213163 28 0
1.33745 0.111106 0.351408 28 0
1.33865 0.1193 0.818904 28 0
1.33979 0.114239 -0.506233 28 0
1.34098 0.118864 0.462503 28 0
1.3422 0.121758 0.289344 28 0
1.34344 0.124419 0.266119 28 0
1.34471 0.127118 0.269909 28 0
1.34601 0.129685 0.256704 28 0
1.34733 0.132086 0.240161 28 0
1.34867 0.134301 0.221503 28 0
1.35004 0.136279 0.197712 28 0
1.35142 0.137981 0.170261 28 0
1.35258 0.116277 -2.17043 28 0
1.35391 0.132891 1.66138 28 0
1.35521 0.130325 -0.256592 28 0
1.35649 0.12796 -0.236586 28 0
1.35773 0.123747 -0.421278 28 0
1.35891 0.117823 -0.592348 28 0
1.36002 0.111102 -0.672142 28 0
1.36106 0.103972 -0.712987 28 0
1.36202 0.0967122 -0.72595 28 0
1.36292 0.0895962 -0.711598 28 0
1.36375 0.0828628 -0.673338 28 0
1.36451 0.0767132 -0.614953 28 0
1.36523 0.0713129 -0.540036 28 0
1.3659 0.0667918 -0.452102 28 0
1.36653 0.0632435 -0.354826 28 0
1.36714 0.060724 -0.251952 28 0
1.36773 0.0592523 -0.147178 28 0
1.36832 0.0588119 -0.0440428 28 0
1.36891 0.059354 0.054196 28 0
1.36952 0.0608038 0.144969 28 0
1.37015 0.063065 0.226109 28 0
1.37081 0.0660241 0.295896 28 0
1.3715 0.0695532 0.352895 28 0
1.37224 0.0735143 0.396099 28 0
1.37302 0.0777603 0.424585 28 0
1.37384 0.0821363 0.437586 28 0
1.3747 0.0864801 0.434375 28 0
1.37561 0.090622 0.414184 28 0
1.37655 0.0943847 0.376267 28 0
1.37753 0.0975866 0.320184 28 0
1.37853 0.100058 0.247135 28 0
1.37932 0.0790867 -2.09657 28 0
1.38016 0.0839682 0.487946 28 0
1.38104 0.0881658 0.419756 28 0
1.38195 0.0904466 0.228084 28 0
1.38287 0.0919838 0.153728 28 0
1.38381 0.0948473 0.28635 28 0
1.38479 0.0975872 0.273995 28 0
1.3858 0.100553 0.296604 28 0
1.38683 0.103678 0.312463 28 0
1.3879 0.106927 0.324912 28 0
1.38901 0.110423 0.349605 28 0
1.39015 0.114085 0.366146 28 0
1.39132 0.117762 0.367699 28 0
1.39254 0.121346 0.358464 28 0
1.39379 0.124763 0.341644 28 0
1.39507 0.128008 0.324508 28 0
1.39638 0.131049 0.304116 28 0
1.39771 0.133817 0.276838 28 0
1.39908 0.136268 0.245091 28 0
1.40066 0.158213 2.19482 28 0
1.40211 0.145208 -1.30025 28 0
1.40349 0.137868 -0.733974 28 0
1.40486 0.136876 -0.099257 28 0
1.40619 0.132735 -0.414102 28 0
1.40745 0.126633 -0.610123 28 0
1.40865 0.11985 -0.67836 28 0
1.40978 0.112622 -0.722768 28 0
1.41083 0.10527 -0.735196 28 0
1.41181 0.0982434 -0.702651 28 0
1.41273 0.0916734 -0.656993 28 0
1.41358 0.0853183 -0.635498 28 0
1.41438 0.0796263 -0.5692 28 0
1.41513 0.0750026 -0.462381 28 0
1.41584 0.071399 -0.360361 28 0
1.41653 0.0687997 -0.259939 28 0
1.4172 0.0672101 -0.158967 28 0
1.41787 0.0666419 -0.0568283 28 0
1.41854 0.0670878 0.0445887 28 0
1.41922 0.068451 0.136297 28 0
1.41993 0.0706284 0.217729 28 0
1.42067 0.0735095 0.288088 28 0
1.42144 0.076968 0.345836 28 0
1.42224 0.0808664 0.389825 28 0
1.4231 0.085229 0.436241 28 0
1.42399 0.0894286 0.419948 28 0
1.42493 0.093711 0.428223 28 0
1.42591 0.0978295 0.411847 28 0
1.42692 0.101548 0.371853 28 0
1.42797 0.104683 0.313506 28 0
1.42904 0.107042 0.235922 28 0
1.43004 0.100459 -0.658225 28 0
1.43102 0.0974811 -0.298005 28 0
1.43201 0.0990519 0.157042 28 0
1.43302 0.10071 0.165765 28 0
1.43405 0.103182 0.247236 28 0
1.4351 0.105052 0.187006 28 0
1.43617 0.107174 0.212241 28 0
1.43727 0.109599 0.242422 28 0
1.43839 0.112153 0.255399 28 0
1.43954 0.1148 0.264714 28 0
1.44071 0.117642 0.284254 28 0
1.44192 0.120614 0.297188 28 0
1.44315 0.123585 0.297056 28 0
1.44442 0.126457 0.287245 28 0
1.44571 0.129182 0.272493 28 0
1.44703 0.131762 0.257955 28 0
1.44837 0.134155 0.239297 28 0
1.44973 0.136306 0.215136 28 0
1.45111 0.138185 0.187847 28 0
1.45226 0.114642 -2.35421 28 0
1.45359 0.132512 1.78695 28 0
1.45489 0.130021 -0.249151 28 0
1.45616 0.12783 -0.21911 28 0
1.45748 0.131752 0.391734 28 0
1.45867 0.119263 -1.24822 28 0
1.4598 0.112898 -0.636463 28 0
1.46086 0.105672 -0.722633 28 0
1.46184 0.098346 -0.732555 28 0
1.46276 0.0911944 -0.715156 28 0
1.4636 0.0844209 -0.677342 28 0
1.46438 0.0782405 -0.618038 28 0
1.46511 0.0728137 -0.542679 28 0
1.46579 0.068269 -0.454463 28 0
1.46644 0.0646997 -0.356935 28 0
1.46706 0.0621613 -0.253842 28 0
1.46767 0.0606725 -0.148876 28 0
1.46827 0.060217 -0.0455589 28 0
1.46888 0.0607455 0.0528454 28 0
1.4695 0.0621833 0.143766 28 0
1.47014 0.0644339 0.22505 28 0
1.47082 0.0673839 0.294982 28 0
1.47153 0.0709053 0.352127 28 0
1.47228 0.0748602 0.395475 28 0
1.47307 0.0791013 0.424105 28 0
1.4739 0.0834738 0.437232 28 0
1.47478 0.0878149 0.4341 28 0
1.4757 0.0919537 0.413878 28 0
1.47666 0.0957112 0.375743 28 0
1.47765 0.0989023 0.319104 28 0
1.47866 0.101351 0.244845 28 0
1.47947 0.0806587 -2.0687 28 0
1.48032 0.0854654 0.480473 28 0
1.48122 0.0895602 0.409489 28 0
1.48214 0.0923803 0.282007 28 0
1.48308 0.0942261 0.184587 28 0
1.48405 0.0963915 0.216532 28 0
1.48504 0.0990182 0.262677 28 0
1.48606 0.101912 0.289376 28 0
1.4871 0.104958 0.304595 28 0
1.48819 0.108126 0.316823 28 0
1.4893 0.111521 0.339439 28 0
1.49045 0.115071 0.355056 28 0
1.49164 0.118634 0.356317 28 0
1.49286 0.122098 0.346395 28 0
1.49411 0.125406 0.330751 28 0
1.4954 0.128552 0.314637 28 0
1.49671 0.131493 0.294123 28 0
1.49806 0.13417 0.26765 28 0
1.49942 0.136538 0.236771 28 0
1.50101 0.159061 2.25236 28 0
1.50247 0.145341 -1.37205 28 0
1.50384 0.137517 -0.782411 28 0
1.5052 0.136349 -0.116829 28 0
1.50653 0.132398 -0.395055 28 0
1.50779 0.126373 -0.60254 28 0
1.50899 0.119608 -0.676454 28 0
1.51011 0.11271 -0.689793 28 0
1.51117 0.105681 -0.70293 28 0
1.51217 0.0998214 -0.585917 28 0
1.5132 0.102717 0.287875 28 0
1.51404 0.0839686 -1.8742 28 0
1.51485 0.0814755 -0.249303 28 0
1.51562 0.0772304 -0.424515 28 0
1.51636 0.073291 -0.393938 28 0
1.51706 0.0706475 -0.264349 28 0
1.51775 0.0691036 -0.154394 28 0
1.51844 0.0685847 -0.0518944 28 0
1.51913 0.0690576 0.0472752 28 0
1.51984 0.0704521 0.139435 28 0
1.52056 0.0726699 0.221767 28 0
1.52132 0.0755971 0.292697 28 0
1.52211 0.0791067 0.350946 28 0
1.52294 0.083061 0.395412 28 0
1.52381 0.0873128 0.425162 28 0
1.52473 0.0917064 0.439348 28 0
1.52569 0.0960775 0.437088 28 0
1.52669 0.100251 0.417357 28 0
1.52773 0.104041 0.378976 28 0
1.52881 0.10725 0.320901 28 0
1.5299 0.109682 0.24319 28 0
1.53081 0.0902519 -1.94258 28 0
1.53176 0.0949635 0.470993 28 0
1.53275 0.0990762 0.411268 28 0
1.53376 0.101481 0.24043 28 0
1.53479 0.102905 0.142445 28 0
1.53584 0.104696 0.179076 28 0
1.53691 0.106848 0.215193 28 0
1.538 0.109198 0.235016 28 0
1.53911 0.111661 0.246286 28 0
1.54026 0.114213 0.255195 28 0
1.54143 0.116944 0.27314 28 0
1.54262 0.119792 0.284827 28 0
1.54385 0.122633 0.284037 28 0
1.5451 0.125373 0.273997 28 0
1.54638 0.127964 0.259178 28 0
1.54769 0.13041 0.244597 28 0
1.54901 0.132671 0.226031 28 0
1.55036 0.134693 0.202242 28 0
1.55173 0.136439 0.174629 28 0
1.55287 0.114107 -2.23318 28 0
1.55418 0.131504 1.73965 28 0
1.55547 0.128746 -0.275845 28 0
1.55673 0.126455 -0.229157 28 0
1.55796 0.122304 -0.415033 28 0
1.55912 0.116417 -0.588688 28 0
1.56022 0.109733 -0.66842 28 0
1.56124 0.102641 -0.709189 28 0
1.5622 0.0954176 -0.722345 28 0
1.56308 0.0883359 -0.708161 28 0
1.5639 0.0816356 -0.670027 28 0
1.56465 0.0755181 -0.611751 28 0
1.56535 0.0701486 -0.536943 28 0
1.56601 0.0656576 -0.449106 28 0
1.56663 0.0621384 -0.351916 28 0
1.56723 0.0596472 -0.249119 28 0
1.56781 0.058203 -0.144419 28 0
1.56839 0.0577896 -0.0413532 28 0
1.56897 0.0583577 0.0568063 28 0
1.56957 0.0598327 0.147487 28 0
1.57019 0.0621182 0.228532 28 0
1.57084 0.0651005 0.298223 28 0
1.57153 0.0686519 0.355125 28 0
1.57226 0.0726344 0.398231 28 0
1.57303 0.0769007 0.426618 28 0
1.57384 0.0812959 0.439514 28 0
1.57469 0.0856579 0.436185 28 0
1.57559 0.0898165 0.415857 28 0
1.57653 0.0935944 0.377779 28 0
1.5775 0.0968095 0.32151 28 0
1.57849 0.099292 0.248249 28 0
1.57927 0.0783933 -2.08931 28 0
1.58011 0.083271 0.487559 28 0
1.58098 0.0874768 0.420587 28 0
1.58188 0.0902816 0.280477 28 0
1.58281 0.0921452 0.186364 28 0
1.58375 0.0944099 0.226469 28 0
1.58472 0.0971445 0.27346 28 0
1.58572 0.100146 0.300132 28 0
1.58676 0.103309 0.316276 28 0
1.58782 0.1066 0.329137 28 0
1.58892 0.110126 0.352573 28 0
1.59006 0.113814 0.36883 28 0
1.59124 0.117519 0.370507 28 0
1.59245 0.121128 0.36092 28 0
1.59369 0.124577 0.344834 28 0
1.59497 0.12786 0.328356 28 0
1.59628 0.130934 0.30738 28 0
1.59762 0.133738 0.280426 28 0
1.59898 0.136228 0.249003 28 0
1.60057 0.15922 2.29933 28 0
1.60203 0.145966 -1.325 28 0
1.60341 0.138025 -0.794172 28 0
1.60478 0.136753 -0.127172 28 0
1.60611 0.132936 -0.381691 28 0
1.60738 0.12691 -0.602662 28 0
1.60858 0.120125 -0.678484 28 0
1.6098 0.12243 0.22948 28 0
1.61087 0.106519 -1.5902 28 0
1.61187 0.10031 -0.620888 28 0
1.61281 0.0934509 -0.685892 28 0
1.61368 0.0870796 -0.637125 28 0
1.61449 0.081553 -0.552655 28 0
1.61526 0.0769165 -0.463649 28 0
1.616 0.0732552 -0.366133 28 0
1.6167 0.0706317 -0.262351 28 0
1.61739 0.069065 -0.156673 28 0
1.61808 0.0685382 -0.0526841 28 0
1.61877 0.0690034 0.0465085 28 0
1.61947 0.0703859 0.138233 28 0
1.6202 0.0725893 0.220334 28 0
1.62095 0.0755007 0.291121 28 0
1.62174 0.0789934 0.34925 28 0
1.62257 0.0829298 0.393624 28 0
1.62344 0.0871631 0.423314 28 0
1.62436 0.0915381 0.437482 28 0
1.62532 0.095891 0.435282 28 0
1.62632 0.100049 0.415745 28 0
1.62736 0.103826 0.377777 28 0
1.62843 0.107031 0.320477 28 0
1.62952 0.109473 0.244158 28 0
1.63042 0.0895756 -1.98928 28 0
1.63136 0.0943882 0.481089 28 0
1.63235 0.0988473 0.445908 28 0
1.63336 0.101036 0.218846 28 0
1.63439 0.102503 0.146685 28 0
1.63543 0.104326 0.18231 28 0
1.63649 0.10651 0.218466 28 0
1.63758 0.108901 0.239023 28 0
1.6387 0.111402 0.250178 28 0
1.63984 0.113994 0.259162 28 0
1.641 0.116768 0.277427 28 0
1.6422 0.119662 0.2894 28 0
1.64343 0.122548 0.288618 28 0
1.64468 0.125331 0.278299 28 0
1.64596 0.127963 0.263134 28 0
1.64726 0.130445 0.248211 28 0
1.64859 0.13274 0.229511 28 0
1.64994 0.134787 0.204655 28 0
1.6513 0.136557 0.177011 28 0
1.65245 0.114485 -2.20791 28 0
1.65373 0.128232 1.37455 28 0
1.65504 0.13103 0.27981 28 0
1.65631 0.1272 -0.383018 28 0
1.65754 0.122602 -0.459813 28 0
1.65871 0.11682 -0.57811 28 0
1.65981 0.110144 -0.667684 28 0
1.66084 0.103027 -0.711616 28 0
1.6618 0.0957869 -0.72404 28 0
1.66268 0.088688 -0.709888 28 0
1.6635 0.0819681 -0.671984 28 0
1.66426 0.0758296 -0.613848 28 0
1.66497 0.0704382 -0.539142 28 0
1.66563 0.0659239 -0.451422 28 0
1.66625 0.0623805 -0.354343 28 0
1.66685 0.059864 -0.251649 28 0
1.66743 0.0583936 -0.147044 28 0
1.66801 0.057953 -0.0440639 28 0
1.6686 0.0584933 0.0540179 28 0
1.6692 0.0599396 0.144626 28 0
1.66982 0.0621958 0.225608 28 0
1.67047 0.0651484 0.29524 28 0
1.67116 0.0686694 0.352087 28 0
1.67188 0.0726209 0.395136 28 0
1.67265 0.0768557 0.423469 28 0
1.67346 0.0812188 0.436306 28 0
1.67432 0.085548 0.432901 28 0
1.67522 0.0896725 0.412449 28 0
1.67615 0.0934142 0.374162 28 0
1.67712 0.0965893 0.317506 28 0
1.67811 0.099024 0.24347 28 0
1.67902 0.091496 -0.752688 28 0
1.67987 0.084961 -0.653574 28 0
1.68077 0.0894333 0.447236 28 0
1.68169 0.0925601 0.312672 28 0
1.68263 0.0943364 0.177638 28 0
1.6836 0.0964537 0.211729 28 0
1.68459 0.0990973 0.264362 28 0
1.68561 0.101983 0.288522 28 0
1.68666 0.105042 0.305931 28 0
1.68774 0.108221 0.317953 28 0
1.68886 0.111635 0.341394 28 0
1.69001 0.115209 0.357412 28 0
1.6912 0.118802 0.35925 28 0
1.69242 0.122298 0.349595 28 0
1.69368 0.125638 0.334025 28 0
1.69497 0.128817 0.31793 28 0
1.69628 0.131794 0.297647 28 0
1.69763 0.134624 0.283 28 0
1.699 0.137094 0.247031 28 0
1.7006 0.16005 2.29559 28 0
1.70223 0.162883 0.283229 28 0
1.70366 0.142965 -1.99173 28 0
1.70508 0.141902 -0.106293 28 0
1.70645 0.136873 -0.502951 28 0
1.70776 0.130748 -0.612427 28 0
1.70899 0.123938 -0.68107 28 0
1.71016 0.116647 -0.729005 28 0
1.71125 0.109279 -0.73681 28 0
1.71227 0.102054 -0.722546 28 0
1.71323 0.095216 -0.683765 28 0
1.71412 0.0889856 -0.623038 28 0
1.71495 0.0835164 -0.546911 28 0
1.71574 0.0789131 -0.460323 28 0
1.71649 0.0752788 -0.363432 28 0
1.71722 0.0726989 -0.257994 28 0
1.71793 0.0711787 -0.152018 28 0
1.71864 0.0706841 -0.0494739 28 0
1.71935 0.0711715 0.0487271 28 0
1.72008 0.0726224 0.14508 28 0
1.72083 0.0748897 0.226716 28 0
1.7216 0.0778532 0.296328 28 0
1.72242 0.0814003 0.354695 28 0
1.72327 0.0853945 0.399401 28 0
1.72417 0.0896878 0.429308 28 0
1.72511 0.0941245 0.44366 28 0
1.7261 0.0985401 0.441543 28 0
1.72712 0.102759 0.421871 28 0
1.72819 0.106593 0.383387 28 0
1.72929 0.109842 0.324934 28 0
1.73041 0.112306 0.246373 28 0
1.73134 0.0932581 -1.90438 28 0
1.73232 0.0978939 0.463418 28 0
1.73334 0.102027 0.413291 28 0
1.73439 0.104273 0.224644 28 0
1.73544 0.105593 0.132017 28 0
1.73651 0.107256 0.16628 28 0
1.73761 0.109251 0.199475 28 0
1.73872 0.111418 0.216703 28 0
1.73986 0.113683 0.226464 28 0
1.74102 0.116024 0.234128 28 0
1.7422 0.118527 0.250293 28 0
1.74341 0.121132 0.260458 28 0
1.74465 0.12372 0.258892 28 0
1.74591 0.126209 0.248883 28 0
1.7472 0.128554 0.234494 28 0
1.74851 0.130758 0.22037 28 0
1.74983 0.132783 0.20247 28 0
1.75118 0.134576 0.179294 28 0
1.75254 0.136086 0.151079 28 0
1.75367 0.113284 -2.28023 28 0
1.75499 0.131087 1.78031 28 0
1.75626 0.127882 -0.320607 28 0
1.75752 0.125557 -0.232465 28 0
1.75873 0.121397 -0.416026 28 0
1.75989 0.11549 -0.590706 28 0
1.76098 0.108805 -0.668457 28 0
1.76199 0.101729 -0.707589 28 0
1.76294 0.0945327 -0.719632 28 0
1.76381 0.0874872 -0.704545 28 0
1.76462 0.0808304 -0.665671 28 0
1.76537 0.0747624 -0.6068 28 0
1.76606 0.0694473 -0.531507 28 0
1.76671 0.0650146 -0.443269 28 0
1.76733 0.0615571 -0.345741 28 0
1.76792 0.0591306 -0.242651 28 0
1.7685 0.0577537 -0.137694 28 0
1.76907 0.0574098 -0.0344004 28 0
1.76965 0.0580494 0.0639575 28 0
1.77025 0.0595976 0.154803 28 0
1.77087 0.0619575 0.235983 28 0
1.77152 0.0650155 0.305786 28 0
1.77221 0.0686435 0.362785 28 0
1.77293 0.0727034 0.405975 28 0
1.7737 0.0770478 0.434426 28 0
1.77452 0.0815214 0.447347 28 0
1.77538 0.0859611 0.443964 28 0
1.77628 0.0901956 0.423438 28 0
1.77722 0.0940449 0.384928 28 0
1.77819 0.0973236 0.327868 28 0
1.77919 0.0998558 0.253216 28 0
1.77999 0.0794861 -2.03641 28 0
1.78083 0.0842855 0.479726 28 0
1.78171 0.0884483 0.416275 28 0
1.78263 0.0912095 0.276121 28 0
1.78356 0.0930408 0.183136 28 0
1.78451 0.0952465 0.220568 28 0
1.78549 0.097899 0.265245 28 0
1.7865 0.100802 0.290306 28 0
1.78754 0.103855 0.305271 28 0
1.78861 0.107025 0.317059 28 0
1.78971 0.110417 0.339175 28 0
1.79085 0.113961 0.354355 28 0
1.79202 0.117515 0.355414 28 0
1.79323 0.120971 0.345626 28 0
1.79448 0.124269 0.329752 28 0
1.79575 0.127405 0.313625 28 0
1.79705 0.129906 0.250143 28 0
1.79836 0.130615 0.0708656 28 0
1.79966 0.130857 0.0242564 28 0
1.80119 0.152516 2.16592 28 0
1.80256 0.137283 -1.52282 28 0
1.80385 0.128368 -0.89162 28 0
1.8051 0.125856 -0.251186 28 0
1.80632 0.121028 -0.482747 28 0
1.80746 0.114035 -0.699364 28 0
1.80852 0.106392 -0.764253 28 0
1.80961 0.108595 0.219155 28 0
1.81052 0.0912352 -1.73506 28 0
1.81137 0.0848418 -0.639326 28 0
1.81214 0.0776075 -0.72343 28 0
1.81285 0.0708493 -0.675811 28 0
1.8135 0.0650067 -0.584259 28 0
1.8141 0.0600916 -0.49151 28 0
1.81466 0.0561744 -0.391713 28 0
1.8152 0.0533122 -0.286223 28 0
1.81571 0.0515173 -0.179494 28 0
1.81622 0.0507667 -0.0750653 28 0
1.81673 0.0510074 0.0240553 28 0
1.81725 0.0521603 0.115279 28 0
1.81779 0.0541257 0.196523 28 0
1.81836 0.0567874 0.266156 28 0
1.81896 0.0600164 0.322878 28 0
1.8196 0.0636729 0.365634 28 0
1.82027 0.0676087 0.393568 28 0
1.82099 0.0716687 0.40598 28 0
1.82175 0.0756915 0.402276 28 0
1.82254 0.0795107 0.381905 28 0
1.82337 0.0829549 0.344416 28 0
1.82423 0.0858542 0.289923 28 0
1.82511 0.0880596 0.220547 28 0
1.82576 0.0653089 -2.27456 28 0
1.82647 0.0706591 0.534824 28 0
1.82722 0.0754201 0.476101 28 0
1.82801 0.0785848 0.316474 28 0
1.82882 0.0808576 0.227282 28 0
1.82966 0.0837686 0.291098 28 0
1.83053 0.0872905 0.352191 28 0
1.83144 0.0912056 0.391503 28 0
1.8324 0.0953483 0.414269 28 0
1.83339 0.099691 0.434269 28 0
1.83444 0.104351 0.465993 28 0
1.83553 0.109237 0.488653 28 0
1.83667 0.114169 0.493199 28 0
1.83786 0.119006 0.483691 28 0
1.8391 0.12366 0.465389 28 0
1.84038 0.128113 0.445317 28 0
1.8417 0.132319 0.420568 28 0
1.84306 0.136179 0.385945 28 0
1.84446 0.139667 0.348812 28 0
1.84564 0.117969 -2.17053 28 0
1.84697 0.133399 1.5429 28 0
1.84834 0.137118 0.371918 28 0
1.84969 0.134105 -0.301394 28 0
1.85098 0.129871 -0.423395 28 0
1.85223 0.124252 -0.561878 28 0
1.8534 0.117604 -0.664804 28 0
1.85451 0.110398 -0.720593 28 0
1.85554 0.102971 -0.742618 28 0
1.85649 0.0956105 -0.736082 28 0
1.85738 0.0885674 -0.7043 28 0
1.8582 0.0820564 -0.651102 28 0
1.85896 0.0762524 -0.580401 28 0
1.85967 0.0712928 -0.495956 28 0
1.86035 0.0672768 -0.401599 28 0
1.86099 0.0642647 -0.301209 28 0
1.86161 0.062279 -0.198579 28 0
1.86223 0.0613061 -0.0972873 28 0
1.86284 0.0613 -0.000619559 28 0
1.86346 0.0621886 0.0888498 28 0
1.8641 0.0638781 0.168934 28 0
1.86476 0.0662567 0.237853 28 0
1.86545 0.0691979 0.294108 28 0
1.86618 0.0725647 0.33666 28 0
1.86694 0.0762111 0.364633 28 0
1.86774 0.0799855 0.377423 28 0
1.86858 0.0837318 0.374627 28 0
1.86945 0.0872919 0.355998 28 0
1.87036 0.0905076 0.321574 28 0
1.87129 0.093229 0.272135 28 0
1.87224 0.09534 0.211106 28 0
1.87309 0.0852028 -1.01356 28 0
1.87387 0.0777485 -0.745498 28 0
1.8747 0.0828283 0.507977 28 0
1.87556 0.0861895 0.336115 28 0
1.87644 0.0882964 0.210699 28 0
1.87735 0.0908776 0.258112 28 0
1.87829 0.0941407 0.326319 28 0
1.87927 0.0977872 0.36465 28 0
1.88029 0.101693 0.390531 28 0
1.88135 0.105804 0.411147 28 0
1.88245 0.110242 0.443787 28 0
1.8836 0.114918 0.467577 28 0
1.8848 0.119658 0.473995 28 0
1.88604 0.124312 0.465473 28 0
1.88733 0.129337 0.502424 28 0
1.88871 0.13787 0.853315 28 0
1.89009 0.137548 -0.0322763 28 0
1.89151 0.141924 0.437546 28 0
1.89295 0.14475 0.282664 28 0
1.89462 0.166733 2.19824 28 0
1.89612 0.149954 -1.67797 28 0
1.89753 0.140718 -0.923646 28 0
1.89891 0.138146 -0.257181 28 0
1.90024 0.132694 -0.545256 28 0
1.90149 0.125379 -0.731442 28 0
1.90266 0.117432 -0.794699 28 0
1.90376 0.109185 -0.824686 28 0
1.90476 0.100878 -0.830702 28 0
1.90569 0.0927743 -0.810367 28 0
1.90654 0.0851023 -0.767188 28 0
1.90732 0.078053 -0.704928 28 0
1.90804 0.071784 -0.626895 28 0
1.90871 0.0664184 -0.536552 28 0
1.90933 0.0620434 -0.437496 28 0
1.90991 0.0587095 -0.333394 28 0
1.91048 0.0564306 -0.227896 28 0
1.91103 0.0551861 -0.124456 28 0
1.91158 0.0549248 -0.0261479 28 0
1.91213 0.0555693 0.0644353 28 0
1.9127 0.0570216 0.145219 28 0
1.9133 0.0591671 0.21453 28 0
1.91392 0.0618773 0.27101 28 0
1.91457 0.0650134 0.313587 28 0
1.91525 0.068428 0.341442 28 0
1.91597 0.0719683 0.354015 28 0
1.91672 0.0754783 0.350992 28 0
1.91751 0.0788011 0.33227 28 0
1.91833 0.0817819 0.298076 28 0
1.91917 0.084278 0.249611 28 0
1.92003 0.0861884 0.191037 28 0
1.92063 0.0599074 -2.6275 28 0
1.92129 0.0657464 0.583682 28 0
1.922 0.0707795 0.503313 28 0
1.92274 0.074255 0.347545 28 0
1.92351 0.0767474 0.249242 28 0
1.92431 0.0799933 0.32459 28 0
1.92515 0.0840085 0.401514 28 0
1.92603 0.0884883 0.447983 28 0
1.92697 0.0932956 0.480727 28 0
1.92795 0.0983704 0.507486 28 0
1.92899 0.103844 0.54732 28 0
1.93009 0.109611 0.576704 28 0
1.93124 0.115463 0.585256 28 0
1.93245 0.121236 0.577254 28 0
1.93372 0.126817 0.558158 28 0
1.93504 0.132177 0.535951 28 0
1.93641 0.137246 0.506932 28 0
1.93783 0.141952 0.470631 28 0
1.9393 0.146241 0.428856 28 0
1.94054 0.124822 -2.14192 28 0
1.94188 0.133096 0.82686 28 0
1.94328 0.140816 0.772231 28 0
1.94468 0.139248 -0.156798 28 0
1.94603 0.135699 -0.35489 28 0
1.94733 0.130052 -0.564674 28 0
1.94857 0.123336 -0.67162 28 0
1.94973 0.116051 -0.728474 28 0
1.95081 0.108439 -0.761201 28 0
1.95182 0.100842 -0.759709 28 0
1.95276 0.0935393 -0.730266 28 0
1.95362 0.0867391 -0.680011 28 0
1.95443 0.0806208 -0.611826 28 0
1.95518 0.0753278 -0.529307 28 0
1.95589 0.0709625 -0.436525 28 0
1.95657 0.067588 -0.337454 28 0
1.95722 0.0652288 -0.235923 28 0
1.95786 0.0638735 -0.135529 28 0
1.95849 0.0634781 -0.0395579 28 0
1.95913 0.0639723 0.0494182 28 0
1.95979 0.0652643 0.129183 28 0
1.96046 0.0672436 0.197916 28 0
1.96116 0.0697844 0.254067 28 0
1.96188 0.0727503 0.296583 28 0
1.96264 0.0759968 0.324632 28 0
1.96344 0.0793748 0.337792 28 0
1.96427 0.0827352 0.336037 28 0
1.96512 0.085933 0.31977 28 0
1.96601 0.0888338 0.290078 28 0
1.96693 0.0913297 0.249587 28 0
1.96786 0.0933832 0.205358 28 0
1.9685 0.0639362 -2.94388 28 0
1.9692 0.0698399 0.590062 28 0
1.96994 0.0746994 0.485953 28 0
1.97073 0.0782412 0.354182 28 0
1.97152 0.079578 0.13369 28 0
1.97236 0.0835045 0.39265 28 0
1.97323 0.0876585 0.415403 28 0
1.97415 0.0919537 0.429521 28 0
1.97512 0.096688 0.473423 28 0
1.97614 0.101719 0.503117 28 0
1.97721 0.107091 0.537205 28 0
1.97834 0.112654 0.556307 28 0
1.97952 0.11844 0.578618 28 0
1.98076 0.124141 0.570086 28 0
1.98206 0.129661 0.552006 28 0
1.98341 0.134973 0.531143 28 0
1.98481 0.140006 0.50327 28 0
1.98625 0.144677 0.467193 28 0
1.98774 0.148932 0.425449 28 0
1.98946 0.171865 2.29356 28 0
1.99106 0.159344 -1.25188 28 0
1.99259 0.153543 -0.58008 28 0
1.99412 0.153187 -0.0355446 28 0
1.99562 0.149181 -0.400657 28 0
1.99705 0.143059 -0.612151 28 0
1.99841 0.135998 -0.706122 28 0
1.99969 0.128428 -0.756925 28 0
2.0009 0.120834 -0.759435 28 0
2.00203 0.113409 -0.742519 28 0
2.0031 0.10637 -0.703859 28 0
2.00409 0.0990009 -0.73693 28 0
2.00501 0.0927615 -0.623944 28 0
2.00589 0.0875069 -0.525455 28 0
2.00672 0.0831332 -0.437372 28 0
2.00752 0.0797005 -0.343275 28 0
2.00829 0.0773418 -0.235868 28 0
2.00905 0.0760128 -0.132915 28 0
2.00981 0.0756536 -0.035932 28 0
2.01057 0.0761968 0.05431 28 0
2.01134 0.0775503 0.135333 28 0
2.01214 0.0798371 0.228665 28 0
2.01297 0.0822891 0.24519 28 0
2.01382 0.0853234 0.303415 28 0
2.01471 0.0887024 0.337887 28 0
2.01563 0.0922059 0.350337 28 0
2.01659 0.0956929 0.348683 28 0
2.01758 0.0990066 0.331366 28 0
2.0186 0.101983 0.297628 28 0
2.01964 0.104462 0.247903 28 0
2.0207 0.106309 0.184709 28 0
2.02167 0.096532 -0.977562 28 0
2.0226 0.09331 -0.3224 28 0
2.02355 0.0949501 0.163975 28 0
2.02452 0.0970855 0.213542 28 0
2.02552 0.0996278 0.254229 28 0
2.02654 0.1019 0.227201 28 0
2.02758 0.104659 0.275916 28 0
2.02866 0.107855 0.319612 28 0
2.02978 0.11129 0.343495 28 0
2.03092 0.11491 0.361995 28 0
2.03211 0.118837 0.392715 28 0
2.03334 0.122984 0.414654 28 0
2.03461 0.12718 0.419604 28 0
2.03593 0.131294 0.411376 28 0
2.03728 0.135243 0.39494 28 0
2.03867 0.139016 0.377326 28 0
2.0401 0.142561 0.354454 28 0
2.04155 0.145809 0.32484 28 0
2.04304 0.148711 0.290177 28 0
2.0443 0.126278 -2.24313 28 0
2.04564 0.134082 0.778774 28 0
2.04702 0.13727 0.319089 28 0
2.04839 0.137384 0.0113344 28 0
2.04973 0.133829 -0.355457 28 0
2.05101 0.127767 -0.606184 28 0
2.05222 0.120931 -0.683585 28 0
2.05335 0.113613 -0.731805 28 0
2.05441 0.10607 -0.754298 28 0
2.0554 0.0986067 -0.746358 28 0
2.05631 0.0914712 -0.713546 28 0
2.05716 0.0848547 -0.661649 28 0
2.05795 0.0789647 -0.588999 28 0
2.05869 0.0739297 -0.503497 28 0
2.05939 0.0698445 -0.408521 28 0
2.06006 0.0667688 -0.307568 28 0
2.0607 0.0647244 -0.204446 28 0
2.06134 0.0636972 -0.102722 28 0
2.06198 0.0636408 -0.00565233 28 0
2.06262 0.0644827 0.0841853 28 0
2.06328 0.066129 0.164616 28 0
2.06397 0.0684678 0.233865 28 0
2.06468 0.0713722 0.290433 28 0
2.06543 0.0747051 0.333281 28 0
2.06621 0.0783207 0.361544 28 0
2.06703 0.0820671 0.374625 28 0
2.06789 0.0857885 0.372139 28 0
2.06878 0.0893271 0.353845 28 0
2.06971 0.0925252 0.319816 28 0
2.07066 0.0952338 0.270857 28 0
2.07164 0.0973379 0.210405 28 0
2.07235 0.0719264 -2.54052 28 0
2.07313 0.0773001 0.537136 28 0
2.07395 0.0819612 0.466107 28 0
2.0748 0.0851124 0.315125 28 0
2.07567 0.0874179 0.230543 28 0
2.07657 0.0900614 0.264355 28 0
2.07751 0.0933818 0.332042 28 0
2.07848 0.0970851 0.370325 28 0
2.07949 0.101057 0.397239 28 0
2.08054 0.105237 0.417975 28 0
2.08164 0.109747 0.450968 28 0
2.08278 0.114495 0.474823 28 0
2.08398 0.119304 0.480864 28 0
2.08522 0.124032 0.472795 28 0
2.0865 0.128589 0.455762 28 0
2.08783 0.132957 0.436749 28 0
2.0892 0.137073 0.411583 28 0
2.09061 0.140869 0.379618 28 0
2.09205 0.144294 0.342509 28 0
2.09375 0.169476 2.5182 28 0
2.09547 0.172201 0.272694 28 0
2.097 0.153074 -1.91272 28 0
2.09852 0.151934 -0.113967 28 0
2.09999 0.146861 -0.507349 28 0
2.1014 0.140816 -0.60448 28 0
2.10274 0.133879 -0.693666 28 0
2.104 0.126391 -0.748796 28 0
2.10519 0.118756 -0.7635 28 0
2.1063 0.111233 -0.752222 28 0
2.10734 0.104062 -0.71712 28 0
2.10832 0.0974533 -0.660886 28 0
2.10923 0.091579 -0.587425 28 0
2.1101 0.0865738 -0.500515 28 0
2.11092 0.0825347 -0.403904 28 0
2.11172 0.0795208 -0.301398 28 0
2.11249 0.0775532 -0.196758 28 0
2.11326 0.076618 -0.0935362 28 0
2.11403 0.076669 0.00509393 28 0
2.1148 0.0776337 0.0964526 28 0
2.1156 0.0794177 0.178386 28 0
2.11642 0.0819091 0.249126 28 0
2.11727 0.0849825 0.307318 28 0
2.11815 0.0885011 0.351851 28 0
2.11907 0.0923194 0.381809 28 0
2.12004 0.0962839 0.396433 28 0
2.12104 0.100234 0.395008 28 0
2.12208 0.104002 0.376759 28 0
2.12315 0.10741 0.340836 28 0
2.12426 0.110277 0.286687 28 0
2.12538 0.11243 0.21525 28 0
2.12629 0.0905458 -2.18789 28 0
2.12724 0.0956699 0.512221 28 0
2.12824 0.0998898 0.421985 28 0
2.12926 0.102324 0.243409 28 0
2.1303 0.103769 0.144495 28 0
2.13136 0.105681 0.191169 28 0
2.13244 0.108002 0.232115 28 0
2.13355 0.110578 0.257592 28 0
2.13468 0.113312 0.273435 28 0
2.13584 0.116172 0.286007 28 0
2.13703 0.119258 0.308552 28 0
2.13826 0.122497 0.323982 28 0
2.13952 0.125751 0.325378 28 0
2.1408 0.128912 0.316058 28 0
2.14212 0.131919 0.30073 28 0
2.14347 0.134771 0.285206 28 0
2.14485 0.137424 0.265276 28 0
2.14624 0.13982 0.239586 28 0
2.14766 0.141916 0.209668 28 0
2.14884 0.118039 -2.38775 28 0
2.15021 0.136857 1.88178 28 0
2.15155 0.134268 -0.258953 28 0
2.15288 0.132162 -0.210554 28 0
2.15416 0.12802 -0.414216 28 0
2.15538 0.12207 -0.594999 28 0
2.15653 0.115287 -0.678295 28 0
2.15761 0.108065 -0.722214 28 0
2.15862 0.100686 -0.737903 28 0
2.15955 0.093429 -0.725666 28 0
2.16042 0.0865385 -0.68905 28 0
2.16122 0.0802188 -0.631962 28 0
2.16197 0.0746379 -0.558088 28 0
2.16266 0.069928 -0.470992 28 0
2.16333 0.0661839 -0.374402 28 0
2.16396 0.0634629 -0.272104 28 0
2.16458 0.0617847 -0.16782 28 0
2.16519 0.0611339 -0.0650903 28 0
2.16581 0.0614621 0.032814 28 0
2.16643 0.0626955 0.123332 28 0
2.16708 0.0647386 0.204298 28 0
2.16775 0.0674785 0.273975 28 0
2.16846 0.0707877 0.330902 28 0
2.16921 0.0745285 0.374066 28 0
2.16999 0.0785542 0.402562 28 0
2.17082 0.0827111 0.415679 28 0
2.17169 0.0868392 0.4128 28 0
2.1726 0.0907726 0.39333 28 0
2.17354 0.0943404 0.356781 28 0
2.17451 0.0973714 0.303097 28 0
2.17551 0.0997134 0.234199 28 0
2.17628 0.077264 -2.24434 28 0
2.17711 0.0823713 0.510505 28 0
2.17797 0.086679 0.430772 28 0
2.17887 0.0895408 0.286175 28 0
2.17978 0.0915268 0.198602 28 0
2.18072 0.0939065 0.237966 28 0
2.18169 0.0967892 0.288274 28 0
2.18269 0.0999894 0.320019 28 0
2.18372 0.103383 0.33937 28 0
2.18479 0.106931 0.354752 28 0
2.1859 0.110743 0.381197 28 0
2.18705 0.114742 0.39991 28 0
2.18824 0.118772 0.403031 28 0
2.18946 0.122712 0.393958 28 0
2.19073 0.126486 0.377464 28 0
2.19203 0.130089 0.360247 28 0
2.19336 0.133471 0.338186 28 0
2.19473 0.136569 0.309867 28 0
2.19612 0.139338 0.276901 28 0
2.19777 0.165126 2.57881 28 0
2.19946 0.168362 0.323606 28 0
2.20093 0.147099 -2.12627 28 0
2.20239 0.146185 -0.091429 28 0
2.2038 0.141131 -0.505336 28 0
2.20515 0.134953 -0.617798 28 0
2.20643 0.128079 -0.687411 28 0
2.20764 0.120737 -0.734195 28 0
2.20877 0.113255 -0.748134 28 0
2.20983 0.105919 -0.733663 28 0
2.21082 0.0989641 -0.695451 28 0
2.21175 0.0925944 -0.636967 28 0
2.21262 0.0869772 -0.561721 28 0
2.21344 0.0822438 -0.473339 28 0
2.21422 0.0784886 -0.375511 28 0
2.21498 0.0757689 -0.271979 28 0
2.21572 0.0741043 -0.166457 28 0
2.21646 0.0734796 -0.062477 28 0
2.2172 0.0738477 0.0367961 28 0
2.21795 0.0751347 0.128685 28 0
2.21872 0.0772451 0.211028 28 0
2.21952 0.0800687 0.282342 28 0
2.22036 0.0835045 0.343565 28 0
2.22123 0.0873576 0.385295 28 0
2.22214 0.0914928 0.413507 28 0
2.2231 0.0957947 0.43017 28 0
2.2241 0.100082 0.428718 28 0
2.22515 0.104179 0.409645 28 0
2.22622 0.107903 0.372395 28 0
2.22734 0.111066 0.316318 28 0
2.22847 0.11347 0.240398 28 0
2.2294 0.0932966 -2.01687 28 0
2.23038 0.0981445 0.48461 28 0
2.23141 0.102616 0.447184 28 0
2.23246 0.104622 0.200516 28 0
2.23352 0.105972 0.135089 28 0
2.23459 0.107709 0.173648 28 0
2.23569 0.109764 0.205503 28 0
2.23681 0.11198 0.221629 28 0
2.23795 0.11432 0.233941 28 0
2.23912 0.116743 0.242387 28 0
2.24031 0.119345 0.26013 28 0
2.24154 0.122055 0.270994 28 0
2.24278 0.124759 0.270476 28 0
2.24406 0.127348 0.258814 28 0
2.24535 0.129784 0.243621 28 0
2.24668 0.132079 0.229564 28 0
2.24802 0.134203 0.212395 28 0
2.24938 0.136118 0.191406 28 0
2.25076 0.137788 0.167014 28 0
2.25189 0.113414 -2.43834 28 0
2.25317 0.12782 1.44042 28 0
2.25448 0.131512 0.369111 28 0
2.25576 0.127843 -0.366832 28 0
2.25699 0.122877 -0.49667 28 0
2.25816 0.117022 -0.585466 28 0
2.25926 0.110342 -0.667989 28 0
2.2603 0.103206 -0.713544 28 0
2.26126 0.0959508 -0.72556 28 0
2.26214 0.088844 -0.710681 28 0
2.26297 0.0821205 -0.672338 28 0
2.26373 0.0759819 -0.613858 28 0
2.26443 0.0705934 -0.538847 28 0
2.26509 0.0660847 -0.450872 28 0
2.26572 0.0625487 -0.353597 28 0
2.26632 0.0600414 -0.250736 28 0
2.2669 0.0585816 -0.145985 28 0
2.26749 0.0581528 -0.0428767 28 0
2.26807 0.0587061 0.0553204 28 0
2.26867 0.0601665 0.146025 28 0
2.2693 0.0624375 0.227092 28 0
2.26995 0.0654056 0.296801 28 0
2.27064 0.0689429 0.353715 28 0
2.27137 0.0729113 0.396824 28 0
2.27214 0.0771635 0.42521 28 0
2.27296 0.0815445 0.438084 28 0
2.27382 0.0858914 0.434687 28 0
2.27472 0.0900333 0.414184 28 0
2.27566 0.0937909 0.375756 28 0
2.27663 0.0969791 0.318816 28 0
2.27762 0.0994212 0.244213 28 0
2.27854 0.0920005 -0.741968 28 0
2.2794 0.0855603 -0.644098 28 0
2.2803 0.0901513 0.459095 28 0
2.28123 0.0929247 0.277346 28 0
2.28217 0.0948315 0.190681 28 0
2.28314 0.0969563 0.212472 28 0
2.28414 0.0995514 0.259514 28 0
2.28516 0.102415 0.286353 28 0
2.28622 0.105433 0.301805 28 0
2.2873 0.108564 0.313127 28 0
2.28842 0.111921 0.335638 28 0
2.28958 0.115435 0.351482 28 0
2.29077 0.118963 0.352764 28 0
2.29199 0.122394 0.34313 28 0
2.29325 0.125667 0.327234 28 0
2.29454 0.128776 0.31088 28 0
2.29585 0.131682 0.290646 28 0
2.2972 0.134323 0.264114 28 0
2.29856 0.136653 0.232984 28 0
2.30018 0.161641 2.49863 28 0
2.30182 0.163985 0.23474 28 0
2.30326 0.144341 -1.96434 28 0
2.30468 0.142357 -0.198432 28 0
2.30606 0.137058 -0.529838 28 0
2.30737 0.131003 -0.605463 28 0
2.30861 0.124184 -0.681961 28 0
2.30978 0.11691 -0.727317 28 0
2.31087 0.109528 -0.738242 28 0
2.31189 0.102307 -0.722051 28 0
2.31285 0.0954818 -0.682547 28 0
2.31374 0.0892517 -0.623003 28 0
2.31458 0.0837824 -0.546927 28 0
2.31537 0.0792035 -0.457884 28 0
2.31613 0.0756084 -0.359512 28 0
2.31686 0.0730532 -0.255522 28 0
2.31757 0.0715571 -0.149611 28 0
2.31829 0.0711041 -0.045309 28 0
2.319 0.0716463 0.0542081 28 0
2.31973 0.073109 0.146258 28 0
2.32049 0.075396 0.228686 28 0
2.32127 0.0783944 0.29982 28 0
2.32209 0.0819773 0.358271 28 0
2.32295 0.0860073 0.402983 28 0
2.32385 0.0903375 0.433008 28 0
2.3248 0.0948123 0.447461 28 0
2.32579 0.0992665 0.445413 28 0
2.32683 0.103524 0.425766 28 0
2.3279 0.107397 0.387243 28 0
2.32901 0.110683 0.328652 28 0
2.33014 0.113181 0.249796 28 0
2.33109 0.0943082 -1.8869 28 0
2.33207 0.0989133 0.460339 28 0
2.3331 0.102945 0.403134 28 0
2.33416 0.105233 0.228788 28 0
2.33522 0.106526 0.129372 28 0
2.3363 0.108133 0.16071 28 0
2.3374 0.11006 0.192651 28 0
2.33853 0.112152 0.209194 28 0
2.33967 0.114333 0.218137 28 0
2.34083 0.116585 0.22515 28 0
2.34202 0.118989 0.240411 28 0
2.34324 0.121487 0.24983 28 0
2.34448 0.123966 0.247869 28 0
2.34574 0.126345 0.237876 28 0
2.34703 0.128582 0.223759 28 0
2.34834 0.130681 0.209833 28 0
2.34966 0.132603 0.192205 28 0
2.351 0.134299 0.169656 28 0
2.35236 0.135737 0.143782 28 0
2.35347 0.110624 -2.51131 28 0
2.35476 0.128941 1.83166 28 0
2.35603 0.127543 -0.139865 28 0
2.35728 0.124674 -0.286857 28 0
2.35848 0.120374 -0.43007 28 0
2.35963 0.11451 -0.586342 28 0
2.36071 0.107841 -0.666871 28 0
2.36171 0.100777 -0.706387 28 0
2.36265 0.0936002 -0.717703 28 0
2.36352 0.0865776 -0.70226 28 0
2.36432 0.0799458 -0.663171 28 0
2.36505 0.0739046 -0.604115 28 0
2.36574 0.0686178 -0.52868 28 0
2.36638 0.0642144 -0.440339 28 0
2.36699 0.0607871 -0.342732 28 0
2.36757 0.0583913 -0.239581 28 0
2.36815 0.0570455 -0.134576 28 0
2.36871 0.0567331 -0.031245 28 0
2.36929 0.0574046 0.0671341 28 0
