-0.00185191 0 -1.12615e-05 0 0
-0.00191493 -0.00640632 -2.52895e-05 0 0
-0.00201345 -0.0102174 -0.000181206 0 0
-0.00222958 -0.0223531 -0.000380858 0 0
-0.00271711 -0.0491388 -0.000672457 0 0
-0.00317148 -0.0456857 -0.00111062 0 0
-0.00359276 -0.0421704 -0.00163867 0 0
-0.0039583 -0.0364633 -0.00240269 0 0
-0.00428134 -0.0322583 -0.00341338 0 0
-0.00457918 -0.0297207 -0.00466717 0 0
-0.00392466 0.0655835 -0.00613592 0 0
-0.00151582 0.241064 -0.00780058 0 0
0.00471759 0.62214 -0.00932957 0 0
0.00958135 0.485564 -0.0108754 0 0
0.0143132 0.472867 -0.012275 0 0
0.0188591 0.454599 -0.0133585 0 0
0.0221494 0.328978 -0.0139474 0 0
0.0246517 0.250224 -0.0138851 0 0
0.0264532 0.18015 -0.0130539 0 0
0.0275523 0.109856 -0.0113238 0 0
0.0280573 0.0504371 -0.0086325 0 0
0.0282355 0.0177011 -0.00496372 0 0
0.02766 -0.057632 -0.000363183 0 0
0.0275233 -0.0136549 0.00511775 0 0
0.0280518 0.052827 0.0113253 0 0
0.0282475 0.0195644 0.018089 0 0
0.0281373 -0.0110128 0.0252428 0 0
0.0278441 -0.029316 0.0325979 0 0
0.0274857 -0.0358298 0.0399461 0 0
0.0271166 -0.0369118 0.0471111 0 0
0.0267316 -0.0384959 0.0539209 0 0
0.0263383 -0.0393236 0.0602576 0 0
0.0259331 -0.0405165 0.0660111 0 0
0.0255179 -0.0415154 0.0712647 0 0
0.0250941 -0.042383 0.0758852 0 0
0.0246615 -0.0432582 0.0799048 0 0
0.0242214 -0.0440075 0.0833697 0 0
0.0237736 -0.0447739 0.0862292 0 0
0.023319 -0.0454625 0.0886505 0 0
0.0228574 -0.0461632 0.090695 0 0
0.0223895 -0.0467828 0.092428 0 0
0.0219163 -0.0473212 0.0939077 0 0
0.0214382 -0.0478067 0.0952131 0 0
0.0209559 -0.048222 0.096113 0 0
0.0204704 -0.0485488 0.0968805 0 0
0.0199826 -0.0487733 0.097508 0 0
0.0194936 -0.0488886 0.0980026 0 0
0.0190045 -0.0489102 0.0983728 0 0
0.0185166 -0.048773 0.098638 0 0
0.0180311 -0.0485435 0.0988433 0 0
0.017549 -0.0482024 0.0989868 0 0
0.0172799 -0.0268868 0.0990879 0 0
0.0168281 -0.0451691 0.0991542 0 0
0.0163316 -0.0496143 0.0992131 0 0
0.0158365 -0.0494634 0.0992385 0 0
0.0153416 -0.0494544 0.0992632 0 0
0.0148448 -0.049638 0.0993035 0 0
0.014346 -0.0498294 0.0993459 0 0
0.0138467 -0.049889 0.0993846 0 0
0.013349 -0.0497246 0.0994314 0 0
0.0128559 -0.0492636 0.0994763 0 0
0.0123712 -0.0484322 0.0995262 0 0
0.0118993 -0.0471393 0.0995759 0 0
0.0114456 -0.0453303 0.0996283 0 0
0.0110152 -0.0429862 0.0996791 0 0
0.0106137 -0.0401023 0.0997303 0 0
0.0102464 -0.0366912 0.0997789 0 0
0.00991717 -0.0328735 0.0998266 0 0
0.00963629 -0.0280438 0.0998655 0 0
0.00946219 -0.0174296 0.0995254 0 0
0.0093368 -0.0125605 0.0990861 0 0
0.00926336 -0.00736743 0.0984265 0 0
0.00924671 -0.00169077 0.0974043 0 0
0.00929027 0.00432862 0.0958678 0 0
0.00939644 0.010589 0.093669 0 0
0.00956652 0.0169776 0.0906753 0 0
0.00980076 0.0233932 0.0867817 0 0
0.0100988 0.0297763 0.0819213 0 0
0.0104592 0.0360009 0.0760719 0 0
0.0108785 0.0419046 0.0692677 0 0
0.011352 0.0473153 0.0615906 0 0
0.0118728 0.0520548 0.0531732 0 0
0.0123952 0.0522077 0.044192 0 0
0.0129453 0.0550047 0.0348639 0 0
0.0135388 0.0593459 0.025416 0 0
0.0141656 0.0626777 0.0160885 0 0
0.0148232 0.0657544 0.0071142 0 0
0.0155106 0.0687414 -0.00129669 0 0
0.0162272 0.0716556 -0.00896774 0 0
0.0169719 0.0744708 -0.0157662 0 0
0.0177435 0.0771545 -0.0216097 0 0
0.0185404 0.0796889 -0.0264683 0 0
0.0193614 0.0820974 -0.0303637 0 0
0.020205 0.0843684 -0.0333636 0 0
0.0210698 0.0864805 -0.0355735 0 0
0.0219541 0.088427 -0.0371269 0 0
0.022856 0.0901872 -0.0381721 0 0
0.0237732 0.0917202 -0.0388602 0 0
0.0247033 0.0930139 -0.039333 0 0
0.0256298 0.0926101 -0.0397065 0 0
0.0265885 0.0958685 -0.0396028 0 0
0.0272483 0.0660644 -0.0394761 0 0
0.0279176 0.0669082 -0.0392925 0 0
0.0287515 0.0833773 -0.0389455 0 0
0.0295654 0.081376 -0.0384522 0 0
0.0303518 0.0786239 -0.0377514 0 0
0.0311003 0.0748354 -0.0367844 0 0
0.0318091 0.0708545 -0.0355132 0 0
0.0324718 0.0662512 -0.0338908 0 0
0.0330878 0.0615814 -0.0318873 0 0
0.0336595 0.0571472 -0.0295015 0 0
0.0341916 0.0531873 -0.0267528 0 0
0.0346907 0.0498875 -0.0236808 0 0
0.035165 0.0474057 -0.0203443 0 0
0.0356238 0.0458654 -0.0168186 0 0
0.0360776 0.0453514 -0.0131911 0 0
0.0365369 0.0459118 -0.00955577 0 0
0.0370127 0.0475595 -0.00600792 0 0
0.0375156 0.0502755 -0.00263791 0 0
0.0380558 0.0540126 0.000474191 0 0
0.0386429 0.0587 0.00326324 0 0
0.0392855 0.0642537 0.00568186 0 0
0.0399363 0.0651212 0.00808293 0 0
0.0406478 0.0711959 0.0101772 0 0
0.0414217 0.0774349 0.0121014 0 0
0.0422588 0.0837614 0.0140292 0 0
0.0431594 0.0900977 0.0161584 0 0
0.0441224 0.0963456 0.0186938 0 0
0.0451444 0.102235 0.0218296 0 0
0.0462192 0.107513 0.0257327 0 0
0.0473383 0.111946 0.0305268 0 0
0.0484915 0.115349 0.0361806 0 0
0.0494686 0.0977622 0.042923 0 0
0.0505248 0.105634 0.0505836 0 0
0.0516009 0.107616 0.0590119 0 0
0.0526815 0.108062 0.0681499 0 0
0.0537642 0.108279 0.077835 0 0
0.0548482 0.108395 0.0878853 0 0
0.0559325 0.108428 0.0981224 0 0
0.0570162 0.108365 0.108346 0 0
0.0581078 0.109162 0.118286 0 0
0.0591993 0.109146 0.127837 0 0
0.0602891 0.108986 0.136832 0 0
0.0613766 0.108745 0.145131 0 0
0.0624607 0.108408 0.152625 0 0
0.0635403 0.107969 0.159244 0 0
0.0646145 0.10742 0.164953 0 0
0.0656819 0.106742 0.169754 0 0
0.0667411 0.105928 0.173683 0 0
0.0677908 0.104977 0.176804 0 0
0.0688296 0.103893 0.1792 0 0
0.0700775 0.124841 0.180974 0 0
0.071135 0.105767 0.182228 0 0
0.0721356 0.10009 0.182689 0 0
0.0730905 0.0955241 0.18277 0 0
0.0739874 0.0897193 0.18253 0 0
0.074817 0.0829955 0.182045 0 0
0.0755734 0.0756758 0.181401 0 0
0.0762535 0.0680527 0.180689 0 0
0.076857 0.0603859 0.179998 0 0
0.0773855 0.0528911 0.179412 0 0
0.0778919 0.0506417 0.17864 0 0
0.0783432 0.0451382 0.177993 0 0
0.0787472 0.0404057 0.177251 0 0
0.079122 0.0376025 0.176399 0 0
0.0794825 0.0360548 0.175272 0 0
0.079812 0.0329466 0.173699 0 0
0.0801327 0.0320696 0.17152 0 0
0.0804564 0.0323641 0.168597 0 0
0.0807927 0.0336259 0.164829 0 0
0.0811507 0.0357936 0.160163 0 0
0.0815385 0.0387752 0.154675 0 0
0.0819632 0.0424623 0.148352 0 0
0.0824306 0.0467319 0.141308 0 0
0.0829451 0.0514482 0.133697 0 0
0.0835099 0.0564631 0.125705 0 0
0.0841261 0.0616165 0.117542 0 0
0.0847936 0.0667354 0.109425 0 0
0.08551 0.0716316 0.101565 0 0
0.0862711 0.076101 0.0941584 0 0
0.0870704 0.0799234 0.0873704 0 0
0.0878991 0.0828693 0.0813286 0 0
0.0885633 0.0664168 0.0762476 0 0
0.0893043 0.074089 0.0719796 0 0
0.0900921 0.0787863 0.0685717 0 0
0.0908966 0.0804435 0.0660909 0 0
0.0917215 0.0824906 0.0644285 0 0
0.0925711 0.084967 0.0634919 0 0
0.0934513 0.0880197 0.0631585 0 0
0.0943645 0.0913164 0.0633233 0 0
0.0953121 0.0947624 0.06388 0 0
0.096295 0.098286 0.0647331 0 0
0.0973149 0.101993 0.0661614 0 0
0.0983731 0.105814 0.0678104 0 0
0.0994694 0.109638 0.0696663 0 0
0.100603 0.113366 0.071705 0 0
0.101772 0.116941 0.0738932 0 0
0.102976 0.120358 0.0761902 0 0
0.104212 0.123579 0.0785488 0 0
0.105477 0.12655 0.0809196 0 0
0.10677 0.129235 0.083253 0 0
0.107813 0.104362 0.0854473 0 0
0.109058 0.124431 0.0875815 0 0
0.110303 0.124564 0.0895434 0 0
0.11153 0.122633 0.0913143 0 0
0.112721 0.119155 0.0928874 0 0
0.113866 0.114477 0.094268 0 0
0.114957 0.109033 0.0954725 0 0
0.115989 0.103178 0.0965259 0 0
0.116961 0.097226 0.0974599 0 0
0.117876 0.0914533 0.098309 0 0
0.118737 0.0860998 0.0991078 0 0
0.119551 0.0813678 0.0998877 0 0
0.120325 0.0774214 0.100539 0 0
0.121069 0.0743864 0.101277 0 0
0.121793 0.0723499 0.102077 0 0
0.122507 0.0713597 0.102842 0 0
0.123221 0.0714746 0.103621 0 0
0.123895 0.0673595 0.104759 0 0
0.124581 0.0686082 0.105988 0 0
0.125287 0.0706206 0.107409 0 0
0.12602 0.0733385 0.10915 0 0
0.126787 0.0767109 0.111346 0 0
0.127593 0.0806086 0.114135 0 0
0.128442 0.0848956 0.117643 0 0
0.129336 0.089425 0.121971 0 0
0.130276 0.0940413 0.127188 0 0
0.131262 0.0985803 0.133317 0 0
0.132291 0.102868 0.140333 0 0
0.133358 0.106725 0.148163 0 0
0.134462 0.110399 0.156682 0 0
0.135562 0.110005 0.165726 0 0
0.136518 0.0955596 0.174903 0 0
0.13753 0.101184 0.184325 0 0
0.138592 0.106273 0.1933 0 0
0.13967 0.10777 0.201788 0 0
0.140758 0.108759 0.209511 0 0
0.141859 0.110174 0.216203 0 0
0.142977 0.111781 0.221667 0 0
0.144113 0.113539 0.225758 0 0
0.145266 0.115313 0.228404 0 0
0.146437 0.117102 0.229602 0 0
0.147626 0.118976 0.229421 0 0
0.148835 0.120889 0.227992 0 0
0.150063 0.122754 0.225501 0 0
0.151308 0.124467 0.222177 0 0
0.152568 0.126092 0.218265 0 0
0.153845 0.127609 0.214022 0 0
0.155134 0.128941 0.209683 0 0
0.156435 0.130063 0.20511 0 0
0.157744 0.130965 0.200792 28 0
0.15912 0.137607 0.196836 28 0
0.160431 0.13105 0.193477 28 0
0.161718 0.12868 0.190636 28 0
0.162968 0.125016 0.18843 28 0
0.16417 0.120188 0.186911 28 0
0.165313 0.114314 0.186107 28 0
0.166391 0.107781 0.18602 28 0
0.1674 0.100909 0.186626 28 0
0.16834 0.093989 0.18788 28 0
0.169212 0.0872779 0.189717 28 0
0.170022 0.0809979 0.192055 28 0
0.170776 0.075336 0.194806 28 0
0.17148 0.0704437 0.19812 28 0
0.172141 0.066071 0.201452 28 0
0.172768 0.0626996 0.205205 28 0
0.173374 0.0606122 0.209045 28 0
0.17397 0.0596099 0.212907 28 0
0.174566 0.0596327 0.216748 28 0
0.175173 0.0606445 0.220498 28 0
0.175797 0.0624097 0.224117 28 0
0.176446 0.064937 0.227551 28 0
0.177128 0.0681374 0.230754 28 0
0.177847 0.0718892 0.233696 28 0
0.178607 0.0760576 0.236355 28 0
0.179412 0.0804969 0.23872 28 0
0.180263 0.085052 0.24079 28 0
0.181158 0.0895581 0.242581 28 0
0.182097 0.0938404 0.244115 28 0
0.183074 0.097713 0.245415 28 0
0.184084 0.100981 0.246516 28 0
0.185118 0.103454 0.24745 28 0
0.185928 0.0809967 0.248298 28 0
0.186816 0.0888234 0.248918 28 0
0.187734 0.0918013 0.249509 28 0
0.188662 0.0927635 0.250068 28 0
0.189598 0.0936449 0.250637 28 0
0.190546 0.0947708 0.25126 28 0
0.191507 0.0961446 0.25198 28 0
0.192485 0.0978136 0.252837 28 0
0.193478 0.0992271 0.253937 28 0
0.194487 0.10091 0.255253 28 0
0.195516 0.102918 0.256813 28 0
0.196566 0.104993 0.258657 28 0
0.197636 0.107032 0.260811 28 0
0.198724 0.108827 0.263269 28 0
0.199899 0.117575 0.266019 28 0
0.201133 0.123397 0.268606 28 0
0.202374 0.124136 0.271368 28 0
0.203641 0.126689 0.27413 28 0
0.204934 0.129334 0.276684 28 0
0.206334 0.139981 0.27879 28 0
0.207659 0.132489 0.280349 28 0
0.20895 0.129077 0.281035 28 0
0.210222 0.127172 0.280699 28 0
0.211454 0.123286 0.279242 28 0
0.212635 0.11806 0.276637 28 0
0.213736 0.11011 0.273071 28 0
0.214762 0.102582 0.268576 28 0
0.215718 0.0955724 0.263326 28 0
0.216604 0.0886603 0.257621 28 0
0.217425 0.0821 0.251805 28 0
0.218187 0.0761658 0.246237 28 0
0.218897 0.0709576 0.241238 28 0
0.219562 0.0665878 0.237175 28 0
0.220195 0.063229 0.234321 28 0
0.220804 0.06091 0.232878 28 0
0.2214 0.0596408 0.232961 28 0
0.221994 0.0594078 0.234591 28 0
0.222596 0.0601476 0.237688 28 0
0.223214 0.0617754 0.242082 28 0
0.223857 0.0643029 0.247442 28 0
0.224532 0.0674959 0.253517 28 0
0.225244 0.0712525 0.259961 28 0
0.225999 0.0754492 0.266403 28 0
0.226798 0.0799351 0.272495 28 0
0.227643 0.0845523 0.277926 28 0
0.228535 0.0891346 0.282478 28 0
0.22947 0.0935036 0.286462 28 0
0.230445 0.0974678 0.289411 28 0
0.231453 0.100823 0.291375 28 0
0.232486 0.103363 0.292442 28 0
0.233339 0.0852463 0.292683 28 0
0.234259 0.0920358 0.292239 28 0
0.235219 0.0959341 0.291239 28 0
0.236198 0.097987 0.289867 28 0
0.237195 0.0996995 0.288293 28 0
0.238214 0.101843 0.286637 28 0
0.239258 0.104382 0.284865 28 0
0.24033 0.107204 0.283154 28 0
0.241432 0.110191 0.281606 28 0
0.242565 0.113312 0.280244 28 0
0.243731 0.116657 0.27908 28 0
0.244933 0.12019 0.278109 28 0
0.246176 0.124242 0.27727 28 0
0.247459 0.128332 0.276516 28 0
0.248712 0.125358 0.276303 28 0
0.249985 0.127212 0.276187 28 0
0.251274 0.128943 0.276235 28 0
0.252578 0.1304 0.276545 28 0
0.253894 0.131632 0.277228 28 0
0.255131 0.123618 0.278409 28 0
0.256436 0.130582 0.28023 28 0
0.257746 0.130987 0.282471 28 0
0.259011 0.126514 0.285605 28 0
0.260231 0.121987 0.289486 28 0
0.261394 0.116285 0.294055 28 0
0.26249 0.109618 0.29921 28 0
0.263516 0.102536 0.304793 28 0
0.264469 0.0953498 0.31062 28 0
0.265352 0.0883181 0.316493 28 0
0.266169 0.0816771 0.322211 28 0
0.266925 0.0756271 0.327583 28 0
0.267629 0.0703325 0.332493 28 0
0.268288 0.0659224 0.336675 28 0
0.268913 0.0624895 0.34018 28 0
0.269514 0.0600892 0.342938 28 0
0.270101 0.05874 0.344945 28 0
0.270685 0.0584249 0.34627 28 0
0.271276 0.0590949 0.347013 28 0
0.271883 0.0606751 0.347299 28 0
0.272514 0.0630685 0.347267 28 0
0.273175 0.0661613 0.347054 28 0
0.273874 0.0698257 0.346785 28 0
0.274613 0.0739238 0.346564 28 0
0.275396 0.0783082 0.346493 28 0
0.276224 0.0828237 0.346605 28 0
0.277097 0.0873073 0.346374 28 0
0.278013 0.0915879 0.346155 28 0
0.278968 0.0954862 0.345834 28 0
0.279956 0.0988179 0.345314 28 0
0.28097 0.101409 0.344529 28 0
0.281781 0.081023 0.343395 28 0
0.282638 0.0857891 0.342312 28 0
0.283537 0.0899007 0.341143 28 0
0.284464 0.0926789 0.339684 28 0
0.285409 0.0944506 0.338294 28 0
0.286374 0.0965363 0.337073 28 0
0.287359 0.098497 0.336142 28 0
0.288375 0.101631 0.335504 28 0
0.289422 0.104629 0.335246 28 0
0.290498 0.107632 0.335391 28 0
0.291607 0.110868 0.335922 28 0
0.292749 0.114251 0.336799 28 0
0.293926 0.117638 0.33796 28 0
0.295135 0.120927 0.339329 28 0
0.296375 0.12406 0.340818 28 0
0.297646 0.127037 0.342342 28 0
0.298944 0.129815 0.343817 28 0
0.300267 0.132339 0.345176 28 0
0.301613 0.13456 0.346367 28 0
0.303025 0.141247 0.347354 28 0
0.304376 0.135091 0.348214 28 0
0.30574 0.136348 0.348695 28 0
0.307062 0.13224 0.349129 28 0
0.308338 0.127552 0.349442 28 0
0.309555 0.121686 0.349693 28 0
0.310704 0.114947 0.349952 28 0
0.311782 0.107768 0.350287 28 0
0.312786 0.100461 0.350769 28 0
0.31372 0.0933253 0.351461 28 0
0.314585 0.0865807 0.352419 28 0
0.31539 0.0804153 0.353687 28 0
0.31614 0.0749929 0.355333 28 0
0.316844 0.0704417 0.356949 28 0
0.317513 0.0668566 0.359037 28 0
0.318156 0.0643181 0.361476 28 0
0.318784 0.0627915 0.364141 28 0
0.319406 0.0622791 0.367 28 0
0.320034 0.0627256 0.369969 28 0
0.320675 0.0640875 0.373061 28 0
0.321337 0.0662579 0.376168 28 0
0.322028 0.069122 0.37921 28 0
0.322754 0.0725561 0.38211 28 0
0.323517 0.0763553 0.384797 28 0
0.324323 0.0805575 0.387186 28 0
0.325173 0.0849648 0.389209 28 0
0.326067 0.089408 0.390809 28 0
0.327004 0.0937415 0.391943 28 0
0.327982 0.0978087 0.392579 28 0
0.328994 0.101194 0.392715 28 0
0.330023 0.102906 0.392426 28 0
0.330983 0.0959898 0.391532 28 0
0.331917 0.0933819 0.390466 28 0
0.332868 0.0950773 0.389254 28 0
0.333842 0.0974043 0.387622 28 0
0.334837 0.0994615 0.385885 28 0
0.33585 0.101387 0.384208 28 0
0.336887 0.103699 0.382692 28 0
0.33795 0.106291 0.381433 28 0
0.339041 0.109025 0.380509 28 0
0.340159 0.111864 0.379973 28 0
0.341308 0.114913 0.379851 28 0
0.342489 0.118101 0.380141 28 0
0.343702 0.121292 0.380816 28 0
0.344946 0.124384 0.381828 28 0
0.346219 0.127323 0.383113 28 0
0.34752 0.130108 0.384596 28 0
0.348847 0.132698 0.386193 28 0
0.350198 0.135036 0.387825 28 0
0.351569 0.137081 0.389417 28 0
0.352842 0.127356 0.39103 28 0
0.354167 0.132465 0.392524 28 0
0.355549 0.138268 0.393911 28 0
0.356853 0.130318 0.395119 28 0
0.358118 0.126531 0.396271 28 0
0.359332 0.121425 0.397387 28 0
0.360471 0.113923 0.39863 28 0
0.361538 0.106672 0.399966 28 0
0.362533 0.0994415 0.401437 28 0
0.363456 0.0922931 0.403098 28 0
0.364311 0.0855162 0.404971 28 0
0.365104 0.0793269 0.407005 28 0
0.365843 0.0738869 0.40941 28 0
0.366536 0.0693264 0.411688 28 0
0.367194 0.0657397 0.414115 28 0
0.367825 0.0631727 0.416741 28 0
0.368442 0.061641 0.419459 28 0
0.369053 0.0611607 0.422189 28 0
0.36967 0.0616671 0.424904 28 0
0.370301 0.063082 0.427572 28 0
0.370954 0.0653108 0.430154 28 0
0.371636 0.0682401 0.432608 28 0
0.372354 0.071742 0.434893 28 0
0.373111 0.0756786 0.436966 28 0
0.37391 0.0799028 0.438782 28 0
0.374752 0.0842599 0.4403 28 0
0.375638 0.088588 0.441486 28 0
0.376565 0.0927177 0.442311 28 0
0.37753 0.0964725 0.44276 28 0
0.378527 0.0996724 0.442826 28 0
0.379548 0.102151 0.442519 28 0
0.380358 0.0809649 0.4417 28 0
0.381216 0.085854 0.440919 28 0
0.382114 0.0897486 0.439744 28 0
0.383037 0.092305 0.438482 28 0
0.383981 0.0943677 0.437248 28 0
0.384946 0.0965632 0.436217 28 0
0.385938 0.0991591 0.435368 28 0
0.386958 0.102034 0.434853 28 0
0.388009 0.105074 0.43472 28 0
0.389091 0.108245 0.434977 28 0
0.390208 0.111633 0.435601 28 0
0.391359 0.115169 0.436548 28 0
0.392547 0.118732 0.437751 28 0
0.393769 0.122194 0.439129 28 0
0.395024 0.125501 0.440593 28 0
0.39631 0.128648 0.442054 28 0
0.397626 0.131593 0.44343 28 0
0.398969 0.134273 0.444659 28 0
0.400335 0.136645 0.445693 28 0
0.401781 0.144594 0.446245 28 0
0.403162 0.138081 0.446834 28 0
0.404545 0.13827 0.447025 28 0
0.405892 0.134731 0.447031 28 0
0.407193 0.130107 0.446836 28 0
0.408435 0.124194 0.446514 28 0
0.409609 0.117424 0.446149 28 0
0.410711 0.110205 0.445831 28 0
0.41174 0.102845 0.445658 28 0
0.412696 0.095617 0.445725 28 0
0.413584 0.0887947 0.446116 28 0
0.41441 0.0825824 0.446901 28 0
0.415181 0.0770926 0.448176 28 0
0.415905 0.0724622 0.449552 28 0
0.416593 0.068794 0.451524 28 0
0.417255 0.0661428 0.453987 28 0
0.4179 0.0645272 0.456846 28 0
0.418539 0.0639316 0.460035 28 0
0.419182 0.0643097 0.463497 28 0
0.419838 0.065589 0.467146 28 0
0.420515 0.0676755 0.470887 28 0
0.42122 0.0704583 0.474608 28 0
0.421958 0.0738087 0.478198 28 0
0.422734 0.077599 0.481546 28 0
0.423551 0.0816924 0.484548 28 0
0.42441 0.0859653 0.487111 28 0
0.425313 0.0902311 0.489167 28 0
0.426255 0.0942403 0.490674 28 0
0.427234 0.0978521 0.491617 28 0
0.428242 0.100882 0.492001 28 0
0.429274 0.103163 0.491862 28 0
0.430239 0.0965092 0.491346 28 0
0.431175 0.0935629 0.490501 28 0
0.432134 0.0959616 0.489428 28 0
0.433116 0.0982025 0.488046 28 0
0.434119 0.100257 0.486581 28 0
0.435143 0.102401 0.485153 28 0
0.436192 0.104911 0.483849 28 0
0.437269 0.10766 0.482749 28 0
0.438374 0.110534 0.481915 28 0
0.439509 0.113475 0.48139 28 0
0.440675 0.116588 0.481191 28 0
0.441873 0.11986 0.48132 28 0
0.443105 0.123133 0.481753 28 0
0.444368 0.126295 0.482454 28 0
0.445661 0.129297 0.483372 28 0
0.446982 0.132141 0.484447 28 0
0.44833 0.134788 0.485617 28 0
0.449702 0.13718 0.486819 28 0
0.451094 0.139278 0.487997 28 0
0.452384 0.128936 0.489224 28 0
0.453726 0.134224 0.490371 28 0
0.455077 0.135052 0.491244 28 0
0.45639 0.131299 0.492191 28 0
0.457656 0.126662 0.493094 28 0
0.458866 0.120959 0.493981 28 0
0.460009 0.114286 0.494913 28 0
0.461082 0.107357 0.495924 28 0
0.462086 0.100421 0.497054 28 0
0.463023 0.0936502 0.498345 28 0
0.463896 0.0872736 0.499829 28 0
0.464711 0.0814944 0.501519 28 0
0.465476 0.076476 0.503582 28 0
0.466199 0.0723448 0.505464 28 0
0.466891 0.069191 0.507512 28 0
0.467562 0.0670736 0.509656 28 0
0.468222 0.0660357 0.511769 28 0
0.468885 0.0663266 0.513738 28 0
0.469522 0.0636713 0.515801 28 0
0.470168 0.0645783 0.517682 28 0
0.470831 0.0663676 0.519406 28 0
0.471519 0.0687827 0.521028 28 0
0.472236 0.0717227 0.522628 28 0
0.472991 0.0754792 0.524266 28 0
0.473783 0.0792099 0.526064 28 0
0.474613 0.0829215 0.528117 28 0
0.475478 0.0865329 0.530503 28 0
0.476377 0.0898628 0.53328 28 0
0.477304 0.0926919 0.536487 28 0
0.478344 0.104078 0.540117 28 0
0.479403 0.105953 0.54377 28 0
0.480214 0.0810152 0.547691 28 0
0.481089 0.0875851 0.551681 28 0
0.482012 0.0922574 0.555741 28 0
0.482955 0.094349 0.559328 28 0
0.483919 0.0963491 0.562384 28 0
0.484899 0.0980259 0.564771 28 0
0.485903 0.100346 0.566287 28 0
0.486935 0.103196 0.566837 28 0
0.487996 0.106183 0.566409 28 0
0.489089 0.10927 0.565043 28 0
0.490215 0.112582 0.562839 28 0
0.491376 0.116097 0.55995 28 0
0.492572 0.119591 0.556577 28 0
0.493802 0.122976 0.552946 28 0
0.495064 0.126203 0.54929 28 0
0.496356 0.129269 0.545834 28 0
0.497678 0.132147 0.542777 28 0
0.499026 0.134776 0.540306 28 0
0.500396 0.137069 0.538229 28 0
0.501979 0.158262 0.536582 28 0
0.503421 0.144254 0.535758 28 0
0.504798 0.137648 0.535732 28 0
0.506165 0.136737 0.53596 28 0
0.507491 0.132589 0.536615 28 0
0.508756 0.126475 0.537634 28 0
0.509953 0.119676 0.53891 28 0
0.511077 0.112476 0.540368 28 0
0.512129 0.105132 0.541952 28 0
0.513108 0.0979293 0.543619 28 0
0.514019 0.0911073 0.545368 28 0
0.514868 0.0848964 0.547581 28 0
0.515663 0.0794366 0.549836 28 0
0.516411 0.0748517 0.55231 28 0
0.517123 0.0712334 0.555039 28 0
0.51781 0.0686279 0.558033 28 0
0.51848 0.0670611 0.561268 28 0
0.519145 0.0665217 0.564659 28 0
0.519815 0.0669652 0.568183 28 0
0.520498 0.0683193 0.571782 28 0
0.521203 0.0704867 0.575361 28 0
0.521937 0.0733501 0.578826 28 0
0.522706 0.0769344 0.582073 28 0
0.523515 0.0808726 0.585026 28 0
0.524366 0.0850847 0.587603 28 0
0.52526 0.0894433 0.589738 28 0
0.526198 0.0937761 0.591381 28 0
0.527177 0.0979067 0.592507 28 0
0.528193 0.101648 0.593112 28 0
0.529242 0.104803 0.593212 28 0
0.530313 0.107173 0.592845 28 0
0.531321 0.10075 0.592141 28 0
0.532302 0.0980853 0.591093 28 0
0.533298 0.0996403 0.589632 28 0
0.534301 0.100333 0.588196 28 0
0.535327 0.102589 0.586609 28 0
0.536375 0.104799 0.585004 28 0
0.537444 0.106907 0.583566 28 0
0.538536 0.109169 0.582408 28 0
0.539654 0.111802 0.581592 28 0
0.540798 0.114379 0.581188 28 0
0.541969 0.117113 0.581224 28 0
0.543169 0.119983 0.581698 28 0
0.544397 0.122863 0.582581 28 0
0.545656 0.125885 0.583798 28 0
0.546945 0.12884 0.585274 28 0
0.548256 0.131159 0.586955 28 0
0.549591 0.133495 0.588719 28 0
0.550948 0.13569 0.590463 28 0
0.552324 0.137601 0.5921 28 0
0.5535 0.117569 0.593657 28 0
0.554748 0.124849 0.594998 28 0
0.556014 0.126551 0.596131 28 0
0.557274 0.126057 0.596993 28 0
0.558493 0.121848 0.597714 28 0
0.559651 0.115824 0.598366 28 0
0.560743 0.109181 0.598994 28 0
0.561764 0.102107 0.59967 28 0
0.562713 0.0948807 0.60047 28 0
0.563591 0.0877897 0.601467 28 0
0.564401 0.0810745 0.602724 28 0
0.565151 0.0749365 0.60429 28 0
0.565846 0.0695422 0.606374 28 0
0.566497 0.0650227 0.608613 28 0
0.567111 0.0614719 0.611045 28 0
0.567701 0.0589465 0.613727 28 0
0.568275 0.0574659 0.616679 28 0
0.568846 0.057014 0.619793 28 0
0.569421 0.0575421 0.62296 28 0
0.570011 0.0589755 0.626107 28 0
0.570623 0.0612182 0.629184 28 0
0.571264 0.0641564 0.632106 28 0
0.571941 0.0676624 0.634805 28 0
0.572657 0.0715979 0.637217 28 0
0.573415 0.0758159 0.639285 28 0
0.574217 0.0801613 0.64098 28 0
0.575062 0.0844726 0.642272 28 0
0.575947 0.0885803 0.643101 28 0
0.57687 0.0923086 0.643486 28 0
0.577825 0.095478 0.643443 28 0
0.578804 0.0979228 0.642996 28 0
0.579571 0.0766811 0.642044 28 0
0.580387 0.0816138 0.641137 28 0
0.581245 0.0857868 0.639825 28 0
0.58212 0.0875063 0.638522 28 0
0.583025 0.0904506 0.637189 28 0
0.583954 0.092905 0.636021 28 0
0.584912 0.0957682 0.635132 28 0
0.5859 0.09883 0.634602 28 0
0.586921 0.102132 0.63446 28 0
0.587977 0.105577 0.634714 28 0
0.58907 0.109277 0.635338 28 0
0.590201 0.113142 0.636279 28 0
0.591371 0.117031 0.637463 28 0
0.59258 0.120826 0.638804 28 0
0.593824 0.124457 0.640206 28 0
0.595103 0.127905 0.641578 28 0
0.596415 0.131144 0.642835 28 0
0.597756 0.1341 0.643914 28 0
0.599123 0.13673 0.644768 28 0
0.600702 0.157856 0.645124 28 0
0.602143 0.144127 0.645409 28 0
0.603537 0.139361 0.645535 28 0
0.604912 0.137512 0.645316 28 0
0.606245 0.133303 0.644917 28 0
0.607518 0.127325 0.64446 28 0
0.608725 0.120656 0.644026 28 0
0.609859 0.113414 0.643718 28 0
0.610919 0.106033 0.643638 28 0
0.611907 0.0988072 0.643879 28 0
0.61283 0.0923094 0.64449 28 0
0.613687 0.0857221 0.645583 28 0
0.614489 0.0801265 0.647203 28 0
0.615244 0.0754872 0.648936 28 0
0.615962 0.0717925 0.651284 28 0
0.616653 0.0691303 0.654019 28 0
0.617328 0.067511 0.657179 28 0
0.617997 0.0669208 0.660618 28 0
0.61867 0.0673157 0.664275 28 0
0.619357 0.0686219 0.668057 28 0
0.620064 0.0707435 0.671876 28 0
0.6208 0.0735673 0.675626 28 0
0.621569 0.0769678 0.6792 28 0
0.622377 0.0808074 0.682492 28 0
0.623227 0.0849395 0.685408 28 0
0.624119 0.0892091 0.687865 28 0
0.625053 0.0934524 0.6898 28 0
0.626028 0.0974994 0.691176 28 0
0.62704 0.101167 0.69198 28 0
0.628083 0.104259 0.692225 28 0
0.629149 0.106583 0.69195 28 0
0.630147 0.0998125 0.691294 28 0
0.631115 0.0968347 0.6904 28 0
0.632099 0.0984378 0.68909 28 0
0.633104 0.100483 0.687623 28 0
0.634132 0.102807 0.686059 28 0
0.635179 0.104724 0.684556 28 0
0.636249 0.106964 0.68323 28 0
0.637344 0.109504 0.682159 28 0
0.638466 0.112182 0.681406 28 0
0.639616 0.114962 0.681007 28 0
0.640795 0.117948 0.680998 28 0
0.642006 0.12107 0.681303 28 0
0.643248 0.124195 0.681909 28 0
0.64452 0.12722 0.682762 28 0
0.645821 0.130095 0.683787 28 0
0.647149 0.132797 0.684909 28 0
0.64856 0.141088 0.686048 28 0
0.649905 0.134473 0.687306 28 0
0.651299 0.139492 0.688348 28 0
0.652501 0.120114 0.689355 28 0
0.653842 0.134158 0.690222 28 0
0.655167 0.132515 0.691105 28 0
0.656469 0.130159 0.691899 28 0
0.657728 0.125872 0.69269 28 0
0.658927 0.119938 0.693555 28 0
0.660059 0.113198 0.694539 28 0
0.661119 0.106031 0.695685 28 0
0.662107 0.0987346 0.697039 28 0
0.663023 0.0915787 0.698635 28 0
0.663871 0.0848025 0.700497 28 0
0.664657 0.0786079 0.702639 28 0
0.665388 0.0731608 0.705232 28 0
0.666074 0.0685917 0.707732 28 0
0.666724 0.0649945 0.71044 28 0
0.667348 0.0624253 0.713376 28 0
0.667957 0.0609033 0.71647 28 0
0.668562 0.0604125 0.719606 28 0
0.669171 0.060904 0.722744 28 0
0.669794 0.0623034 0.725839 28 0
0.670439 0.0645147 0.72884 28 0
0.671113 0.0674244 0.73169 28 0
0.671822 0.0709049 0.734336 28 0
0.67257 0.0748182 0.736722 28 0
0.67336 0.0790174 0.738796 28 0
0.674194 0.0833476 0.740511 28 0
0.67507 0.0876469 0.741829 28 0
0.675988 0.0917453 0.742723 28 0
0.676943 0.0954655 0.743186 28 0
0.677929 0.0986251 0.743051 28 0
0.678939 0.101053 0.742632 28 0
0.67974 0.0800628 0.741729 28 0
0.680589 0.0849541 0.740913 28 0
0.681479 0.0889898 0.739624 28 0
0.682396 0.0916629 0.738227 28 0
0.683333 0.0936581 0.736892 28 0
0.684292 0.0959012 0.735714 28 0
0.685277 0.0985609 0.734788 28 0
0.686292 0.10151 0.734187 28 0
0.687338 0.104618 0.733954 28 0
0.688417 0.107858 0.734098 28 0
0.68953 0.111331 0.734601 28 0
0.69068 0.114967 0.735417 28 0
0.691866 0.118631 0.736481 28 0
0.693088 0.122179 0.737717 28 0
0.694344 0.125573 0.739038 28 0
0.695632 0.128808 0.740362 28 0
0.69695 0.131834 0.741612 28 0
0.698296 0.134593 0.742728 28 0
0.699667 0.137038 0.743667 28 0
0.701254 0.158768 0.744282 28 0
0.702713 0.145847 0.744665 28 0
0.704094 0.138083 0.745176 28 0
0.705458 0.13642 0.745351 28 0
0.706787 0.13289 0.745361 28 0
0.708056 0.126917 0.745393 28 0
0.709258 0.120234 0.745511 28 0
0.710388 0.112974 0.745808 28 0
0.711444 0.105611 0.746356 28 0
0.712428 0.0983819 0.747223 28 0
0.713343 0.0915535 0.748456 28 0
0.714197 0.0853058 0.750088 28 0
0.714995 0.0798027 0.752171 28 0
0.715746 0.0751837 0.754275 28 0
0.716462 0.0715393 0.756876 28 0
0.717151 0.068926 0.759831 28 0
0.717825 0.0673629 0.763009 28 0
0.718493 0.0668349 0.766348 28 0
0.719166 0.0672948 0.769785 28 0
0.719853 0.0686686 0.773247 28 0
0.720561 0.0708609 0.776651 28 0
0.721299 0.0737592 0.779913 28 0
0.722071 0.0772376 0.782949 28 0
0.722883 0.0811594 0.785678 28 0
0.723737 0.0853796 0.788028 28 0
0.724634 0.0897445 0.78994 28 0
0.725575 0.0940943 0.791368 28 0
0.726558 0.0982654 0.792286 28 0
0.72766 0.110229 0.792692 28 0
0.728724 0.106438 0.792638 28 0
0.729818 0.109332 0.792089 28 0
0.730712 0.0894386 0.791241 28 0
0.731653 0.0941064 0.790462 28 0
0.732635 0.0981974 0.78895 28 0
0.733641 0.100543 0.787459 28 0
0.73466 0.10194 0.786102 28 0
0.735698 0.103785 0.784883 28 0
0.736758 0.106009 0.783921 28 0
0.737842 0.108448 0.783285 28 0
0.738953 0.111017 0.783029 28 0
0.740089 0.113689 0.783168 28 0
0.741255 0.116559 0.783692 28 0
0.742451 0.11956 0.784559 28 0
0.743676 0.122562 0.78571 28 0
0.744931 0.125466 0.787068 28 0
0.746213 0.128221 0.788551 28 0
0.747521 0.130828 0.790073 28 0
0.748854 0.133246 0.791556 28 0
0.750208 0.13542 0.792934 28 0
0.751581 0.137311 0.79416 28 0
0.752738 0.115709 0.795293 28 0
0.754064 0.132595 0.796074 28 0
0.755364 0.129988 0.796866 28 0
0.756642 0.12776 0.797463 28 0
0.757878 0.123612 0.797974 28 0
0.759055 0.117721 0.798496 28 0
0.760165 0.111022 0.799086 28 0
0.761204 0.103904 0.799803 28 0
0.762171 0.0966457 0.800709 28 0
0.763066 0.0895232 0.801851 28 0
0.763894 0.0827769 0.803231 28 0
0.76466 0.0766093 0.804944 28 0
0.765372 0.0711866 0.806986 28 0
0.766038 0.0666396 0.808945 28 0
0.766669 0.0630623 0.811327 28 0
0.767274 0.0605112 0.813971 28 0
0.767864 0.0590056 0.816758 28 0
0.768449 0.0585295 0.819664 28 0
0.76904 0.0590338 0.822645 28 0
0.769644 0.0604443 0.825645 28 0
0.770271 0.0626647 0.828604 28 0
0.770926 0.0655817 0.831453 28 0
0.771617 0.0690675 0.834125 28 0
0.772347 0.0729843 0.836551 28 0
0.773119 0.0771849 0.838666 28 0
0.773934 0.0815148 0.840411 28 0
0.774792 0.0858123 0.84174 28 0
0.775691 0.0899084 0.842625 28 0
0.776628 0.0936274 0.84305 28 0
0.777595 0.0967899 0.84302 28 0
0.778588 0.0992304 0.842561 28 0
0.779367 0.077933 0.841582 28 0
0.780196 0.0828705 0.840811 28 0
0.781067 0.0871113 0.839471 28 0
0.781962 0.0895061 0.838071 28 0
0.782871 0.0908982 0.836789 28 0
0.783809 0.093817 0.835612 28 0
0.784776 0.0966741 0.834709 28 0
0.785773 0.0996952 0.834161 28 0
0.786802 0.102933 0.834006 28 0
0.787863 0.106059 0.834273 28 0
0.788955 0.109224 0.834953 28 0
0.790087 0.113195 0.83595 28 0
0.791267 0.117972 0.837148 28 0
0.79249 0.122305 0.838502 28 0
0.793748 0.125834 0.839946 28 0
0.795033 0.12851 0.841406 28 0
0.79635 0.131692 0.84271 28 0
0.797697 0.134675 0.843779 28 0
0.79907 0.137278 0.844562 28 0
0.800668 0.159826 0.844916 28 0
0.802136 0.146806 0.844938 28 0
0.803527 0.139074 0.844984 28 0
0.804908 0.138096 0.844564 28 0
0.806249 0.134162 0.843975 28 0
0.807531 0.128129 0.843382 28 0
0.808744 0.121371 0.842883 28 0
0.809886 0.114208 0.842588 28 0
0.810955 0.106894 0.842605 28 0
0.811952 0.0997108 0.843028 28 0
0.812881 0.0929069 0.843928 28 0
0.813748 0.0866848 0.845347 28 0
0.814661 0.0912039 0.847336 28 0
0.815419 0.0758549 0.849532 28 0
0.816163 0.0743965 0.852291 28 0
0.816882 0.0719435 0.855478 28 0
0.817583 0.0700966 0.858943 28 0
0.818278 0.0694898 0.862681 28 0
0.818977 0.0698985 0.86655 28 0
0.819689 0.0712113 0.870451 28 0
0.820423 0.073348 0.87429 28 0
0.821185 0.0761963 0.877945 28 0
0.821981 0.0796279 0.881306 28 0
0.822816 0.0835049 0.88434 28 0
0.823693 0.0876803 0.887024 28 0
0.824613 0.0919988 0.889266 28 0
0.825576 0.0962968 0.890987 28 0
0.82658 0.100401 0.892126 28 0
0.827621 0.104127 0.892747 28 0
0.828694 0.107283 0.892864 28 0
0.829791 0.109681 0.892507 28 0
0.830687 0.0896447 0.891803 28 0
0.831632 0.0944739 0.891135 28 0
0.832618 0.0986083 0.889715 28 0
0.833629 0.101062 0.888348 28 0
0.834654 0.102523 0.887046 28 0
0.835698 0.104368 0.885863 28 0
0.836764 0.106578 0.884913 28 0
0.837854 0.108999 0.884278 28 0
0.838969 0.111543 0.884006 28 0
0.840111 0.114183 0.884116 28 0
0.841281 0.117012 0.884597 28 0
0.842481 0.119966 0.885411 28 0
0.84371 0.122916 0.886505 28 0
0.844967 0.125766 0.887737 28 0
0.846252 0.128465 0.889148 28 0
0.847562 0.131016 0.890597 28 0
0.848896 0.133378 0.891992 28 0
0.850251 0.135497 0.893289 28 0
0.851624 0.137335 0.894444 28 0
0.852777 0.115261 0.895473 28 0
0.854084 0.130663 0.89632 28 0
0.855392 0.130875 0.896966 28 0
0.85667 0.127796 0.897533 28 0
0.857904 0.123402 0.898028 28 0
0.85908 0.11756 0.898524 28 0
0.860189 0.110865 0.89908 28 0
0.861226 0.103741 0.899752 28 0
0.862191 0.0964844 0.900597 28 0
0.863085 0.0893669 0.901664 28 0
0.863911 0.0826272 0.902992 28 0
0.864676 0.0764679 0.904607 28 0
0.865386 0.0710547 0.90656 28 0
0.866051 0.0665181 0.908431 28 0
0.866681 0.0629521 0.910729 28 0
0.867285 0.0604127 0.913298 28 0
0.867874 0.0589194 0.916026 28 0
0.868459 0.0584557 0.918889 28 0
0.869048 0.058973 0.921846 28 0
0.869652 0.0603966 0.924844 28 0
0.870279 0.0626302 0.927821 28 0
0.870934 0.0655606 0.930709 28 0
0.871625 0.0690598 0.933435 28 0
0.872355 0.07299 0.935929 28 0
0.873127 0.077204 0.938119 28 0
0.873942 0.081547 0.939944 28 0
0.874801 0.0858571 0.941354 28 0
0.875701 0.0899648 0.942313 28 0
0.876637 0.0936932 0.942805 28 0
0.877606 0.0968611 0.942832 28 0
0.878599 0.0992995 0.942416 28 0
0.879381 0.078223 0.941511 28 0
0.880213 0.0831287 0.940639 28 0
0.881086 0.0873559 0.939412 28 0
0.881988 0.0901576 0.937982 28 0
0.882908 0.0920531 0.936619 28 0
0.883852 0.094343 0.935409 28 0
0.884823 0.0970996 0.934441 28 0
0.885824 0.10014 0.933788 28 0
0.886858 0.103348 0.933492 28 0
0.887924 0.106692 0.933564 28 0
0.889027 0.110276 0.933988 28 0
0.890167 0.114028 0.934719 28 0
0.891345 0.117802 0.935696 28 0
0.89256 0.121485 0.936844 28 0
0.89386 0.129955 0.938077 28 0
0.89515 0.128967 0.939328 28 0
0.896474 0.132485 0.940503 28 0
0.897827 0.135306 0.941553 28 0
0.899205 0.137783 0.942441 28 0
0.900808 0.16032 0.943082 28 0
0.902273 0.146493 0.94345 28 0
0.903662 0.138866 0.943969 28 0
0.905042 0.138035 0.944122 28 0
0.906381 0.133836 0.944199 28 0
0.907659 0.12777 0.944308 28 0
0.908868 0.120989 0.944514 28 0
0.910006 0.113787 0.944892 28 0
0.911071 0.106436 0.945516 28 0
0.912063 0.0992201 0.946449 28 0
0.912987 0.0923812 0.94774 28 0
0.913848 0.0861216 0.949418 28 0
0.914654 0.0806089 0.951533 28 0
0.915414 0.0759746 0.953658 28 0
0.916137 0.0723137 0.956283 28 0
0.916834 0.0696832 0.959261 28 0
0.917515 0.0681031 0.962444 28 0
0.91819 0.0675578 0.965791 28 0
0.91887 0.0679999 0.969241 28 0
0.919564 0.069355 0.972722 28 0
0.920279 0.0715272 0.976154 28 0
0.921023 0.0744037 0.979452 28 0
0.921802 0.0778581 0.982535 28 0
0.922619 0.081753 0.985323 28 0
0.923479 0.0859419 0.987745 28 0
0.924381 0.0902695 0.989739 28 0
0.925327 0.0945724 0.991267 28 0
0.926314 0.0986772 0.992285 28 0
0.927338 0.1024 0.992811 28 0
0.928393 0.105546 0.992847 28 0
0.929473 0.107925 0.992424 28 0
0.930353 0.0880216 0.991614 28 0
0.931281 0.0928258 0.990919 28 0
0.932251 0.0970135 0.989475 28 0
0.933246 0.0994573 0.988103 28 0
0.934256 0.100964 0.986787 28 0
0.935284 0.102876 0.985598 28 0
0.936336 0.105169 0.984646 28 0
0.937413 0.107682 0.984009 28 0
0.938516 0.110324 0.98373 28 0
0.939647 0.11307 0.983828 28 0
0.940807 0.116012 0.984288 28 0
0.941998 0.119085 0.985074 28 0
0.943219 0.122158 0.986127 28 0
0.944471 0.12513 0.987377 28 0
0.94575 0.127951 0.988743 28 0
0.947056 0.130621 0.990146 28 0
0.948387 0.133097 0.991511 28 0
0.949741 0.135327 0.992778 28 0
0.951113 0.137269 0.993901 28 0
0.952266 0.115277 0.994946 28 0
0.953592 0.13255 0.995646 28 0
0.954891 0.129954 0.996377 28 0
0.956169 0.12776 0.996926 28 0
0.957405 0.123608 0.997403 28 0
0.958587 0.118176 0.997867 28 0
0.959793 0.120642 0.998378 28 0
0.960842 0.104884 0.999063 28 0
0.961828 0.0986545 0.999891 28 0
0.962744 0.0915083 1.00093 28 0
0.96359 0.0846226 1.00221 28 0
0.964374 0.0784149 1.00376 28 0
0.965104 0.0729629 1.00561 28 0
0.965787 0.0683869 1.00736 28 0
0.966435 0.0647868 1.00953 28 0
0.967057 0.0622185 1.01195 28 0
0.967664 0.0607001 1.01452 28 0
0.968267 0.060215 1.01724 28 0
0.968874 0.0607142 1.02007 28 0
0.969495 0.0621228 1.02296 28 0
0.970138 0.0643445 1.02586 28 0
0.970811 0.0672656 1.02871 28 0
0.971519 0.0707584 1.03144 28 0
0.972266 0.0746848 1.03399 28 0
0.973055 0.0788977 1.03627 28 0
0.973887 0.0832423 1.03822 28 0
0.974763 0.0875566 1.03979 28 0
0.975679 0.091671 1.04093 28 0
0.976633 0.0954085 1.04161 28 0
0.977619 0.0985882 1.04184 28 0
0.97863 0.101041 1.04161 28 0
0.979429 0.079946 1.04083 28 0
0.980278 0.0848466 1.04024 28 0
0.981168 0.0890121 1.03903 28 0
0.982083 0.091534 1.03772 28 0
0.983011 0.0927623 1.03649 28 0
0.983967 0.0956455 1.03537 28 0
0.984951 0.098383 1.03453 28 0
0.985964 0.10135 1.03397 28 0
0.987008 0.104401 1.03382 28 0
0.988085 0.10763 1.03406 28 0
0.989196 0.111099 1.03467 28 0
0.990343 0.114726 1.03561 28 0
0.991527 0.118372 1.03681 28 0
0.992746 0.121926 1.03818 28 0
0.993999 0.125312 1.03963 28 0
0.995284 0.128526 1.04107 28 0
0.9966 0.131537 1.04241 28 0
0.997942 0.134276 1.04359 28 0
0.999309 0.136699 1.04456 28 0
1.0009 0.15864 1.04504 28 0
1.00234 0.144221 1.04545 28 0
1.00372 0.137932 1.04581 28 0
1.00509 0.137092 1.04573 28 0
1.00642 0.132837 1.04548 28 0
1.00768 0.126719 1.0452 28 0
1.00888 0.119934 1.04496 28 0
1.01001 0.11273 1.04485 28 0
1.01106 0.105374 1.04497 28 0
1.01205 0.0981539 1.04541 28 0
1.01296 0.0913106 1.04623 28 0
1.01381 0.085079 1.04749 28 0
1.01461 0.0795917 1.04925 28 0
1.01536 0.0749766 1.0511 28 0
1.01607 0.0713257 1.05353 28 0
1.01676 0.0686942 1.05638 28 0
1.01743 0.0671008 1.05947 28 0
1.01809 0.0665299 1.06286 28 0
1.01876 0.0669356 1.06641 28 0
1.01944 0.0682452 1.07003 28 0
1.02015 0.0703783 1.07364 28 0
1.02088 0.0732215 1.07714 28 0
1.02165 0.0766466 1.08045 28 0
1.02245 0.0805172 1.08346 28 0
1.0233 0.0846894 1.0861 28 0
1.02419 0.0890124 1.0883 28 0
1.02512 0.0933267 1.09001 28 0
1.0261 0.0974641 1.0912 28 0
1.02711 0.101246 1.09186 28 0
1.02815 0.104487 1.092 28 0
1.02922 0.106934 1.09166 28 0
1.03022 0.100098 1.091 28 0
1.0312 0.0971196 1.09011 28 0
1.03218 0.0987121 1.08871 28 0
1.03319 0.100382 1.08728 28 0
1.03421 0.102738 1.08572 28 0
1.03526 0.104614 1.0842 28 0
1.03633 0.106761 1.08286 28 0
1.03742 0.109209 1.08178 28 0
1.03854 0.112098 1.08101 28 0
1.03969 0.114553 1.08063 28 0
1.04086 0.117405 1.08065 28 0
1.04206 0.120447 1.08104 28 0
1.0433 0.123473 1.08177 28 0
1.04456 0.126402 1.08278 28 0
1.04586 0.129186 1.084 28 0
1.04717 0.131828 1.08535 28 0
1.04852 0.134285 1.08675 28 0
1.04988 0.136504 1.08811 28 0
1.05127 0.138443 1.08938 28 0
1.05244 0.117111 1.0906 28 0
1.05368 0.124675 1.09166 28 0
1.05494 0.12589 1.09261 28 0
1.0562 0.12582 1.09338 28 0
1.05742 0.122216 1.09407 28 0
1.05858 0.116186 1.09483 28 0
1.05968 0.10959 1.09569 28 0
1.06071 0.102449 1.09671 28 0
1.06166 0.0951805 1.09795 28 0
1.06254 0.088073 1.09947 28 0
1.06335 0.0813348 1.10129 28 0
1.0641 0.0751699 1.10344 28 0
1.0648 0.0697468 1.10607 28 0
1.06545 0.0651964 1.10864 28 0
1.06607 0.061613 1.11144 28 0
1.06666 0.0590531 1.11444 28 0
1.06723 0.0575364 1.11761 28 0
1.0678 0.0570468 1.1208 28 0
1.06838 0.0575355 1.12395 28 0
1.06897 0.0589281 1.12701 28 0
1.06958 0.0611285 1.12996 28 0
1.07022 0.0640232 1.13269 28 0
1.0709 0.0674845 1.13517 28 0
1.07161 0.0713745 1.13736 28 0
1.07236 0.075546 1.13921 28 0
1.07316 0.0798444 1.14069 28 0
1.074 0.0841084 1.14177 28 0
1.07489 0.0881691 1.14245 28 0
1.0758 0.0918516 1.14272 28 0
1.07675 0.0949776 1.14259 28 0
1.07773 0.097383 1.14209 28 0
1.07849 0.0759153 1.14111 28 0
1.0793 0.0808785 1.14019 28 0
1.08014 0.0845762 1.1389 28 0
1.08102 0.0878921 1.13748 28 0
1.08192 0.0900523 1.13617 28 0
1.08285 0.0923832 1.135 28 0
1.0838 0.0953209 1.13409 28 0
1.08478 0.0984675 1.13351 28 0
1.0858 0.101846 1.1333 28 0
1.08685 0.105341 1.13346 28 0
1.08795 0.109121 1.13398 28 0
1.08908 0.113076 1.1348 28 0
1.09025 0.117062 1.13585 28 0
1.09146 0.120952 1.13706 28 0
1.0927 0.12467 1.13834 28 0
1.09399 0.128221 1.1396 28 0
1.0953 0.131556 1.14077 28 0
1.09665 0.13461 1.14178 28 0
1.09802 0.13734 1.1426 28 0
1.09962 0.160212 1.14303 28 0
1.10109 0.146756 1.14327 28 0
1.10248 0.139152 1.1436 28 0
1.10386 0.137344 1.14361 28 0
1.1052 0.134 1.14342 28 0
1.10648 0.128171 1.14325 28 0
1.10769 0.121744 1.14316 28 0
1.10884 0.114218 1.14329 28 0
1.1099 0.106783 1.14369 28 0
1.1109 0.0995611 1.14443 28 0
1.11183 0.0927951 1.14556 28 0
1.11269 0.0863952 1.14713 28 0
1.1135 0.0808156 1.14919 28 0
1.11426 0.0761328 1.15129 28 0
1.11499 0.0724074 1.15388 28 0
1.11568 0.0697072 1.15691 28 0
1.11636 0.0680552 1.16017 28 0
1.11704 0.067435 1.1636 28 0
1.11772 0.0677995 1.16716 28 0
1.11841 0.0690749 1.17076 28 0
1.11912 0.0711657 1.17431 28 0
1.11986 0.0739591 1.17773 28 0
1.12063 0.0773307 1.18092 28 0
1.12144 0.0811442 1.18381 28 0
1.1223 0.085253 1.18632 28 0
1.12319 0.0895024 1.18839 28 0
1.12413 0.0937296 1.18997 28 0
1.12511 0.0977625 1.19104 28 0
1.12612 0.101419 1.19159 28 0
1.12716 0.104507 1.19164 28 0
1.12823 0.106841 1.19122 28 0
1.12923 0.0998281 1.19041 28 0
1.1302 0.09684 1.18956 28 0
1.13118 0.0984391 1.1881 28 0
1.13219 0.100595 1.18653 28 0
1.13322 0.102903 1.18494 28 0
1.13427 0.104836 1.18341 28 0
1.13534 0.107074 1.18207 28 0
1.13644 0.109773 1.18095 28 0
1.13762 0.118089 1.18015 28 0
1.13876 0.113884 1.1798 28 0
1.13994 0.118554 1.17975 28 0
1.14116 0.121654 1.18007 28 0
1.1424 0.124496 1.18074 28 0
1.14368 0.127387 1.18169 28 0
1.14498 0.130154 1.18287 28 0
1.14631 0.132754 1.18421 28 0
1.14766 0.135159 1.18564 28 0
1.14903 0.137318 1.1871 28 0
1.15042 0.139192 1.18853 28 0
1.1516 0.117685 1.18997 28 0
1.15294 0.134337 1.19115 28 0
1.15426 0.131801 1.19241 28 0
1.15556 0.129543 1.1935 28 0
1.15681 0.125349 1.19452 28 0
1.158 0.119417 1.19553 28 0
1.15913 0.112675 1.19657 28 0
1.16019 0.105513 1.19768 28 0
1.16117 0.0982102 1.1989 28 0
1.16208 0.0910429 1.20028 28 0
1.16292 0.0842517 1.20187 28 0
1.1637 0.0780394 1.20368 28 0
1.16443 0.0725721 1.20591 28 0
1.16511 0.067981 1.20804 28 0
1.16575 0.0643599 1.2104 28 0
1.16637 0.0617653 1.21302 28 0
1.16697 0.0602166 1.21585 28 0
1.16757 0.0596977 1.21878 28 0
1.16817 0.0601599 1.22178 28 0
1.16878 0.0615287 1.22481 28 0
1.16942 0.0637082 1.2278 28 0
1.17009 0.0665852 1.2306 28 0
1.17079 0.0700317 1.2333 28 0
1.17153 0.0739101 1.23574 28 0
1.17231 0.0780733 1.23786 28 0
1.17313 0.0823669 1.23961 28 0
1.174 0.0866295 1.24095 28 0
1.1749 0.0906927 1.24185 28 0
1.17585 0.0943816 1.24228 28 0
1.17682 0.0975179 1.24226 28 0
1.17782 0.099938 1.24181 28 0
1.17861 0.0784383 1.24084 28 0
1.17944 0.0833997 1.24007 28 0
1.18032 0.087644 1.23875 28 0
1.18121 0.0897861 1.23738 28 0
1.18213 0.0916857 1.23608 28 0
1.18308 0.0944586 1.23492 28 0
1.18405 0.0972507 1.23403 28 0
1.18505 0.100265 1.23349 28 0
1.18609 0.103515 1.23335 28 0
1.18716 0.106872 1.2336 28 0
1.18826 0.110491 1.23422 28 0
1.1894 0.114276 1.23516 28 0
1.19058 0.11808 1.23636 28 0
1.1918 0.12179 1.23772 28 0
1.19306 0.125337 1.23914 28 0
1.19434 0.128708 1.24055 28 0
1.19566 0.131867 1.24185 28 0
1.19701 0.134802 1.24298 28 0
1.19838 0.137384 1.24389 28 0
1.19998 0.159393 1.24444 28 0
1.20144 0.146537 1.24473 28 0
1.20283 0.138986 1.24511 28 0
1.20421 0.138122 1.24505 28 0
1.20555 0.134018 1.24488 28 0
1.20683 0.127868 1.24471 28 0
1.20804 0.120991 1.24462 28 0
1.20918 0.113909 1.24469 28 0
1.21025 0.106862 1.245 28 0
1.21125 0.0996858 1.24563 28 0
1.21217 0.0925444 1.24667 28 0
1.21303 0.0862568 1.24812 28 0
1.21384 0.0807166 1.25003 28 0
1.2146 0.0760105 1.25198 28 0
1.21532 0.0723028 1.25445 28 0
1.21602 0.0696308 1.25724 28 0
1.2167 0.0680054 1.26028 28 0
1.21738 0.0674132 1.26352 28 0
1.21805 0.0678076 1.26689 28 0
1.21875 0.0692808 1.2703 28 0
1.21946 0.0712761 1.27369 28 0
1.2202 0.0740817 1.27697 28 0
1.22097 0.0775012 1.28006 28 0
1.22179 0.0813465 1.28289 28 0
1.22264 0.0854838 1.28537 28 0
1.22354 0.0897605 1.28745 28 0
1.22448 0.0940118 1.28907 28 0
1.22546 0.0980642 1.29021 28 0
1.22648 0.101733 1.29085 28 0
1.22753 0.104825 1.29101 28 0
1.2286 0.107148 1.29072 28 0
1.2296 0.100373 1.28997 28 0
1.23058 0.0973804 1.28921 28 0
1.23157 0.0989452 1.28786 28 0
1.23257 0.100711 1.2865 28 0
1.2336 0.103144 1.28503 28 0
1.23465 0.10503 1.28362 28 0
1.23573 0.107194 1.28238 28 0
1.23682 0.109664 1.28143 28 0
1.23795 0.11227 1.28083 28 0
1.2391 0.114975 1.2806 28 0
1.24027 0.117882 1.28073 28 0
1.24148 0.120923 1.28122 28 0
1.24272 0.123966 1.28203 28 0
1.24399 0.126911 1.28309 28 0
1.24529 0.129708 1.28432 28 0
1.24661 0.132356 1.28566 28 0
1.24796 0.134823 1.287 28 0
1.24939 0.143083 1.2883 28 0
1.25077 0.137411 1.28958 28 0
1.25196 0.119023 1.29071 28 0
1.2533 0.134356 1.2916 28 0
1.25462 0.132281 1.29249 28 0
1.25592 0.129998 1.29322 28 0
1.25718 0.125771 1.2939 28 0
1.25838 0.119849 1.29461 28 0
1.25951 0.113126 1.29539 28 0
1.26057 0.105971 1.29632 28 0
1.26156 0.0986893 1.29743 28 0
1.26247 0.0915472 1.29878 28 0
1.26332 0.0847842 1.30041 28 0
1.26411 0.0786029 1.30234 28 0
1.26484 0.073169 1.30475 28 0
1.26552 0.068613 1.30711 28 0
1.26617 0.0650287 1.30971 28 0
1.2668 0.0624726 1.31256 28 0
1.26741 0.0609638 1.31561 28 0
1.26801 0.0604862 1.31874 28 0
1.26862 0.0609912 1.3219 28 0
1.26925 0.0624042 1.32503 28 0
1.26989 0.0646293 1.32808 28 0
1.27057 0.0675536 1.33098 28 0
1.27128 0.0710482 1.33367 28 0
1.27203 0.0749759 1.3361 28 0
1.27282 0.0791896 1.3382 28 0
1.27366 0.0835346 1.33992 28 0
1.27454 0.0878486 1.34124 28 0
1.27545 0.0919617 1.34212 28 0
1.27641 0.095696 1.34255 28 0
1.2774 0.0988685 1.34255 28 0
1.27841 0.101307 1.34203 28 0
1.27922 0.0804028 1.34111 28 0
1.28007 0.0852812 1.34032 28 0
1.28096 0.0894009 1.33901 28 0
1.28188 0.0918137 1.33763 28 0
1.28282 0.0939123 1.33629 28 0
1.28378 0.0961707 1.33511 28 0
1.28477 0.0987921 1.33419 28 0
1.28579 0.101715 1.3336 28 0
1.28684 0.104795 1.33337 28 0
1.28792 0.108004 1.33353 28 0
1.28903 0.111442 1.33405 28 0
1.29018 0.115042 1.33489 28 0
1.29137 0.118664 1.33597 28 0
1.29259 0.122191 1.33723 28 0
1.29385 0.125538 1.33857 28 0
1.29513 0.128728 1.33992 28 0
1.29645 0.131722 1.34119 28 0
1.29779 0.134449 1.34231 28 0
1.29916 0.136863 1.34326 28 0
1.30076 0.159468 1.34386 28 0
1.30222 0.14596 1.34423 28 0
1.3036 0.138088 1.34471 28 0
1.30496 0.136138 1.34486 28 0
1.30629 0.132798 1.34482 28 0
1.30756 0.126848 1.34479 28 0
1.30876 0.119997 1.34485 28 0
1.30988 0.1128 1.34509 28 0
1.31094 0.105465 1.34558 28 0
1.31192 0.0982616 1.34641 28 0
1.31284 0.0915607 1.34761 28 0
1.31369 0.0853439 1.34922 28 0
1.31449 0.0797531 1.35132 28 0
1.31524 0.0751395 1.35345 28 0
1.31595 0.0715067 1.3561 28 0
1.31664 0.0688809 1.35909 28 0
1.31732 0.0673182 1.36232 28 0
1.31798 0.0667942 1.36572 28 0
1.31866 0.0673025 1.3692 28 0
1.31934 0.0686429 1.37271 28 0
1.32005 0.0708287 1.37615 28 0
1.32079 0.0737287 1.37944 28 0
1.32156 0.0772025 1.3825 28 0
1.32237 0.0811159 1.38524 28 0
1.32323 0.0853231 1.3876 28 0
1.32412 0.0896684 1.38952 28 0
1.32506 0.0939879 1.39096 28 0
1.32604 0.0981079 1.39191 28 0
1.32706 0.101843 1.39235 28 0
1.32811 0.105005 1.39232 28 0
1.32919 0.107401 1.39184 28 0
1.33019 0.100764 1.39095 28 0
1.33117 0.0977932 1.39009 28 0
1.33217 0.0993708 1.38864 28 0
1.33318 0.101198 1.38712 28 0
1.33421 0.103601 1.38558 28 0
1.33527 0.105461 1.38412 28 0
1.33634 0.107592 1.38283 28 0
1.33745 0.111106 1.38173 28 0
1.33865 0.1193 1.38095 28 0
1.33979 0.114239 1.38066 28 0
1.34098 0.118864 1.38062 28 0
1.3422 0.121758 1.38091 28 0
1.34344 0.124419 1.38149 28 0
1.34471 0.127118 1.3823 28 0
1.34601 0.129685 1.38329 28 0
1.34733 0.132086 1.3844 28 0
1.34867 0.134301 1.38557 28 0
1.35004 0.136279 1.38675 28 0
1.35142 0.137981 1.38791 28 0
1.35258 0.116277 1.38909 28 0
1.35391 0.132891 1.39006 28 0
1.35521 0.130325 1.39114 28 0
1.35649 0.12796 1.39213 28 0
1.35773 0.123747 1.39311 28 0
1.35891 0.117823 1.39415 28 0
1.36002 0.111102 1.39529 28 0
1.36106 0.103972 1.39655 28 0
1.36202 0.0967122 1.39799 28 0
1.36292 0.0895962 1.39961 28 0
1.36375 0.0828628 1.40146 28 0
1.36451 0.0767132 1.40354 28 0
1.36523 0.0713129 1.40603 28 0
1.3659 0.0667918 1.4084 28 0
1.36653 0.0632435 1.41095 28 0
1.36714 0.060724 1.41369 28 0
1.36773 0.0592523 1.41661 28 0
1.36832 0.0588119 1.41958 28 0
1.36891 0.059354 1.42257 28 0
1.36952 0.0608038 1.42562 28 0
1.37015 0.063065 1.42863 28 0
1.37081 0.0660241 1.43137 28 0
1.3715 0.0695532 1.43402 28 0
1.37224 0.0735143 1.43642 28 0
1.37302 0.0777603 1.4385 28 0
1.37384 0.0821363 1.44022 28 0
1.3747 0.0864801 1.44153 28 0
1.37561 0.090622 1.4424 28 0
1.37655 0.0943847 1.44281 28 0
1.37753 0.0975866 1.44277 28 0
1.37853 0.100058 1.4423 28 0
1.37932 0.0790867 1.44132 28 0
1.38016 0.0839682 1.44053 28 0
1.38104 0.0881658 1.4392 28 0
1.38195 0.0904466 1.4378 28 0
1.38287 0.0919838 1.43651 28 0
1.38381 0.0948473 1.43533 28 0
1.38479 0.0975872 1.43442 28 0
1.3858 0.100553 1.43387 28 0
1.38683 0.103678 1.43371 28 0
1.3879 0.106927 1.43396 28 0
1.38901 0.110423 1.43458 28 0
1.39015 0.114085 1.43554 28 0
1.39132 0.117762 1.43675 28 0
1.39254 0.121346 1.43813 28 0
1.39379 0.124763 1.43959 28 0
1.39507 0.128008 1.44103 28 0
1.39638 0.131049 1.44238 28 0
1.39771 0.133817 1.44355 28 0
1.39908 0.136268 1.44451 28 0
1.40066 0.158213 1.44511 28 0
1.40211 0.145208 1.44546 28 0
1.40349 0.137868 1.44586 28 0
1.40486 0.136876 1.44585 28 0
1.40619 0.132735 1.44569 28 0
1.40745 0.126633 1.44554 28 0
1.40865 0.11985 1.44544 28 0
1.40978 0.112622 1.44551 28 0
1.41083 0.10527 1.44582 28 0
1.41181 0.0982434 1.44644 28 0
1.41273 0.0916734 1.44742 28 0
1.41358 0.0853183 1.44883 28 0
1.41438 0.0796263 1.45071 28 0
1.41513 0.0750026 1.45263 28 0
1.41584 0.071399 1.45508 28 0
1.41653 0.0687997 1.45786 28 0
1.4172 0.0672101 1.46085 28 0
1.41787 0.0666419 1.46407 28 0
1.41854 0.0670878 1.4674 28 0
1.41922 0.068451 1.47078 28 0
1.41993 0.0706284 1.47414 28 0
1.42067 0.0735095 1.47738 28 0
1.42144 0.076968 1.48044 28 0
1.42224 0.0808664 1.48323 28 0
1.4231 0.085229 1.48567 28 0
1.42399 0.0894286 1.48772 28 0
1.42493 0.093711 1.48932 28 0
1.42591 0.0978295 1.49044 28 0
1.42692 0.101548 1.49107 28 0
1.42797 0.104683 1.49122 28 0
1.42904 0.107042 1.49092 28 0
1.43004 0.100459 1.49015 28 0
1.43102 0.0974811 1.48938 28 0
1.43201 0.0990519 1.48802 28 0
1.43302 0.10071 1.48666 28 0
1.43405 0.103182 1.48518 28 0
1.4351 0.105052 1.48377 28 0
1.43617 0.107174 1.48254 28 0
1.43727 0.109599 1.48157 28 0
1.43839 0.112153 1.48095 28 0
1.43954 0.1148 1.48071 28 0
1.44071 0.117642 1.48088 28 0
1.44192 0.120614 1.48141 28 0
1.44315 0.123585 1.48225 28 0
1.44442 0.126457 1.48336 28 0
1.44571 0.129182 1.48466 28 0
1.44703 0.131762 1.48606 28 0
1.44837 0.134155 1.48749 28 0
1.44973 0.136306 1.48887 28 0
1.45111 0.138185 1.49013 28 0
1.45226 0.114642 1.49149 28 0
1.45359 0.132512 1.4924 28 0
1.45489 0.130021 1.49337 28 0
1.45616 0.12783 1.49419 28 0
1.45748 0.131752 1.49497 28 0
1.45867 0.119263 1.4958 28 0
1.4598 0.112898 1.49672 28 0
1.46086 0.105672 1.49781 28 0
1.46184 0.098346 1.49911 28 0
1.46276 0.0911944 1.50064 28 0
1.4636 0.0844209 1.50244 28 0
1.46438 0.0782405 1.50453 28 0
1.46511 0.0728137 1.50707 28 0
1.46579 0.068269 1.50952 28 0
1.46644 0.0646997 1.51217 28 0
1.46706 0.0621613 1.515 28 0
1.46767 0.0606725 1.518 28 0
1.46827 0.060217 1.52102 28 0
1.46888 0.0607455 1.52402 28 0
1.4695 0.0621833 1.52696 28 0
1.47014 0.0644339 1.52978 28 0
1.47082 0.0673839 1.53244 28 0
1.47153 0.0709053 1.53489 28 0
1.47228 0.0748602 1.53707 28 0
1.47307 0.0791013 1.53895 28 0
1.4739 0.0834738 1.54049 28 0
1.47478 0.0878149 1.54164 28 0
1.4757 0.0919537 1.5424 28 0
1.47666 0.0957112 1.54275 28 0
1.47765 0.0989023 1.5427 28 0
1.47866 0.101351 1.54226 28 0
1.47947 0.0806587 1.54117 28 0
1.48032 0.0854654 1.54043 28 0
1.48122 0.0895602 1.53913 28 0
1.48214 0.0923803 1.53772 28 0
1.48308 0.0942261 1.53637 28 0
1.48405 0.0963915 1.5352 28 0
1.48504 0.0990182 1.53425 28 0
1.48606 0.101912 1.53362 28 0
1.4871 0.104958 1.53335 28 0
1.48819 0.108126 1.53345 28 0
1.4893 0.111521 1.53391 28 0
1.49045 0.115071 1.53469 28 0
1.49164 0.118634 1.53571 28 0
1.49286 0.122098 1.53692 28 0
1.49411 0.125406 1.53822 28 0
1.4954 0.128552 1.53953 28 0
1.49671 0.131493 1.54078 28 0
1.49806 0.13417 1.54192 28 0
1.49942 0.136538 1.54289 28 0
1.50101 0.159061 1.54359 28 0
1.50247 0.145341 1.54403 28 0
1.50384 0.137517 1.54463 28 0
1.5052 0.136349 1.54487 28 0
1.50653 0.132398 1.54499 28 0
1.50779 0.126373 1.54515 28 0
1.50899 0.119608 1.54538 28 0
1.51011 0.11271 1.54576 28 0
1.51117 0.105681 1.54635 28 0
1.51217 0.0998214 1.54713 28 0
1.5132 0.102717 1.5482 28 0
1.51404 0.0839686 1.54978 28 0
1.51485 0.0814755 1.55158 28 0
1.51562 0.0772304 1.55328 28 0
1.51636 0.073291 1.55538 28 0
1.51706 0.0706475 1.55774 28 0
1.51775 0.0691036 1.56024 28 0
1.51844 0.0685847 1.56285 28 0
1.51913 0.0690576 1.56556 28 0
1.51984 0.0704521 1.56833 28 0
1.52056 0.0726699 1.57111 28 0
1.52132 0.0755971 1.57386 28 0
1.52211 0.0791067 1.57653 28 0
1.52294 0.083061 1.57905 28 0
1.52381 0.0873128 1.58137 28 0
1.52473 0.0917064 1.58344 28 0
1.52569 0.0960775 1.5852 28 0
1.52669 0.100251 1.58661 28 0
1.52773 0.104041 1.58764 28 0
1.52881 0.10725 1.58827 28 0
1.5299 0.109682 1.5885 28 0
1.53081 0.0902519 1.58839 28 0
1.53176 0.0949635 1.58835 28 0
1.53275 0.0990762 1.58752 28 0
1.53376 0.101481 1.58666 28 0
1.53479 0.102905 1.58579 28 0
1.53584 0.104696 1.58494 28 0
1.53691 0.106848 1.58423 28 0
1.538 0.109198 1.58375 28 0
1.53911 0.111661 1.58358 28 0
1.54026 0.114213 1.58382 28 0
1.54143 0.116944 1.58443 28 0
1.54262 0.119792 1.58513 28 0
1.54385 0.122633 1.58622 28 0
1.5451 0.125373 1.58752 28 0
1.54638 0.127964 1.58892 28 0
1.54769 0.13041 1.59037 28 0
1.54901 0.132671 1.59179 28 0
1.55036 0.134693 1.59312 28 0
1.55173 0.136439 1.59431 28 0
1.55287 0.114107 1.59543 28 0
1.55418 0.131504 1.5962 28 0
1.55547 0.128746 1.59701 28 0
1.55673 0.126455 1.59764 28 0
1.55796 0.122304 1.59818 28 0
1.55912 0.116417 1.59874 28 0
1.56022 0.109733 1.59937 28 0
1.56124 0.102641 1.60012 28 0
1.5622 0.0954176 1.60105 28 0
1.56308 0.0883359 1.6022 28 0
1.5639 0.0816356 1.60361 28 0
1.56465 0.0755181 1.6053 28 0
1.56535 0.0701486 1.60733 28 0
1.56601 0.0656576 1.60926 28 0
1.56663 0.0621384 1.61162 28 0
1.56723 0.0596472 1.61422 28 0
1.56781 0.058203 1.61696 28 0
1.56839 0.0577896 1.61982 28 0
1.56897 0.0583577 1.62275 28 0
1.56957 0.0598327 1.6257 28 0
1.57019 0.0621182 1.62862 28 0
1.57084 0.0651005 1.63142 28 0
1.57153 0.0686519 1.63405 28 0
1.57226 0.0726344 1.63644 28 0
1.57303 0.0769007 1.63852 28 0
1.57384 0.0812959 1.64024 28 0
1.57469 0.0856579 1.64155 28 0
1.57559 0.0898165 1.64241 28 0
1.57653 0.0935944 1.64282 28 0
1.5775 0.0968095 1.64277 28 0
1.57849 0.099292 1.64229 28 0
1.57927 0.0783933 1.64129 28 0
1.58011 0.083271 1.64052 28 0
1.58098 0.0874768 1.63916 28 0
1.58188 0.0902816 1.63772 28 0
1.58281 0.0921452 1.63635 28 0
1.58375 0.0944099 1.63513 28 0
1.58472 0.0971445 1.63416 28 0
1.58572 0.100146 1.6335 28 0
1.58676 0.103309 1.63321 28 0
1.58782 0.1066 1.63329 28 0
1.58892 0.110126 1.63373 28 0
1.59006 0.113814 1.63448 28 0
1.59124 0.117519 1.63548 28 0
1.59245 0.121128 1.63666 28 0
1.59369 0.124577 1.63793 28 0
1.59497 0.12786 1.63922 28 0
1.59628 0.130934 1.64045 28 0
1.59762 0.133738 1.64155 28 0
1.59898 0.136228 1.64249 28 0
1.60057 0.15922 1.64313 28 0
1.60203 0.145966 1.64354 28 0
1.60341 0.138025 1.64409 28 0
1.60478 0.136753 1.64427 28 0
1.60611 0.132936 1.64432 28 0
1.60738 0.12691 1.64438 28 0
1.60858 0.120125 1.64452 28 0
1.6098 0.12243 1.64481 28 0
1.61087 0.106519 1.64535 28 0
1.61187 0.10031 1.64617 28 0
1.61281 0.0934509 1.64735 28 0
1.61368 0.0870796 1.64892 28 0
1.61449 0.081553 1.65093 28 0
1.61526 0.0769165 1.65295 28 0
1.616 0.0732552 1.65547 28 0
1.6167 0.0706317 1.65836 28 0
1.61739 0.069065 1.66146 28 0
1.61808 0.0685382 1.66475 28 0
1.61877 0.0690034 1.66815 28 0
1.61947 0.0703859 1.6716 28 0
1.6202 0.0725893 1.67502 28 0
1.62095 0.0755007 1.67833 28 0
1.62174 0.0789934 1.68143 28 0
1.62257 0.0829298 1.68425 28 0
1.62344 0.0871631 1.68672 28 0
1.62436 0.0915381 1.68876 28 0
1.62532 0.095891 1.69034 28 0
1.62632 0.100049 1.69143 28 0
1.62736 0.103826 1.69201 28 0
1.62843 0.107031 1.69211 28 0
1.62952 0.109473 1.69175 28 0
1.63042 0.0895756 1.69106 28 0
1.63136 0.0943882 1.69042 28 0
1.63235 0.0988473 1.68904 28 0
1.63336 0.101036 1.6877 28 0
1.63439 0.102503 1.68643 28 0
1.63543 0.104326 1.68528 28 0
1.63649 0.10651 1.68436 28 0
1.63758 0.108901 1.68375 28 0
1.6387 0.111402 1.68349 28 0
1.63984 0.113994 1.68362 28 0
1.641 0.116768 1.6841 28 0
1.6422 0.119662 1.68491 28 0
1.64343 0.122548 1.68599 28 0
1.64468 0.125331 1.68728 28 0
1.64596 0.127963 1.68868 28 0
1.64726 0.130445 1.69013 28 0
1.64859 0.13274 1.69154 28 0
1.64994 0.134787 1.69286 28 0
1.6513 0.136557 1.69404 28 0
1.65245 0.114485 1.695 28 0
1.65373 0.128232 1.69594 28 0
1.65504 0.13103 1.69648 28 0
1.65631 0.1272 1.69701 28 0
1.65754 0.122602 1.69744 28 0
1.65871 0.11682 1.69783 28 0
1.65981 0.110144 1.69823 28 0
1.66084 0.103027 1.69872 28 0
1.6618 0.0957869 1.69935 28 0
1.66268 0.088688 1.70019 28 0
1.6635 0.0819681 1.70127 28 0
1.66426 0.0758296 1.70264 28 0
1.66497 0.0704382 1.70437 28 0
1.66563 0.0659239 1.70605 28 0
1.66625 0.0623805 1.70819 28 0
1.66685 0.059864 1.71065 28 0
1.66743 0.0583936 1.71332 28 0
1.66801 0.057953 1.71619 28 0
1.6686 0.0584933 1.71921 28 0
1.6692 0.0599396 1.72232 28 0
1.66982 0.0621958 1.72545 28 0
1.67047 0.0651484 1.72853 28 0
1.67116 0.0686694 1.73147 28 0
1.67188 0.0726209 1.73419 28 0
1.67265 0.0768557 1.73661 28 0
1.67346 0.0812188 1.73865 28 0
1.67432 0.085548 1.74025 28 0
1.67522 0.0896725 1.74136 28 0
1.67615 0.0934142 1.74198 28 0
1.67712 0.0965893 1.7421 28 0
1.67811 0.099024 1.74174 28 0
1.67902 0.091496 1.74081 28 0
1.67987 0.084961 1.73984 28 0
1.68077 0.0894333 1.73866 28 0
1.68169 0.0925601 1.73711 28 0
1.68263 0.0943364 1.73558 28 0
1.6836 0.0964537 1.73416 28 0
1.68459 0.0990973 1.73296 28 0
1.68561 0.101983 1.73205 28 0
1.68666 0.105042 1.73149 28 0
1.68774 0.108221 1.7313 28 0
1.68886 0.111635 1.73149 28 0
1.69001 0.115209 1.73203 28 0
1.6912 0.118802 1.73286 28 0
1.69242 0.122298 1.73393 28 0
1.69368 0.125638 1.73517 28 0
1.69497 0.128817 1.73648 28 0
1.69628 0.131794 1.73781 28 0
1.69763 0.134624 1.73906 28 0
1.699 0.137094 1.7402 28 0
1.7006 0.16005 1.74113 28 0
1.70223 0.162883 1.74186 28 0
1.70366 0.142965 1.74251 28 0
1.70508 0.141902 1.74289 28 0
1.70645 0.136873 1.74314 28 0
1.70776 0.130748 1.74329 28 0
1.70899 0.123938 1.74341 28 0
1.71016 0.116647 1.74355 28 0
1.71125 0.109279 1.74382 28 0
1.71227 0.102054 1.74428 28 0
1.71323 0.095216 1.74502 28 0
1.71412 0.0889856 1.74611 28 0
1.71495 0.0835164 1.74777 28 0
1.71574 0.0789131 1.74937 28 0
1.71649 0.0752788 1.75152 28 0
1.71722 0.0726989 1.75417 28 0
1.71793 0.0711787 1.75715 28 0
1.71864 0.0706841 1.76043 28 0
1.71935 0.0711715 1.76396 28 0
1.72008 0.0726224 1.76765 28 0
1.72083 0.0748897 1.77141 28 0
1.7216 0.0778532 1.77514 28 0
1.72242 0.0814003 1.77874 28 0
1.72327 0.0853945 1.78208 28 0
1.72417 0.0896878 1.78507 28 0
1.72511 0.0941245 1.78762 28 0
1.7261 0.0985401 1.78966 28 0
1.72712 0.102759 1.79114 28 0
1.72819 0.106593 1.79204 28 0
1.72929 0.109842 1.79238 28 0
1.73041 0.112306 1.79219 28 0
1.73134 0.0932581 1.79154 28 0
1.73232 0.0978939 1.79089 28 0
1.73334 0.102027 1.78964 28 0
1.73439 0.104273 1.78832 28 0
1.73544 0.105593 1.787 28 0
1.73651 0.107256 1.78581 28 0
1.73761 0.109251 1.78486 28 0
1.73872 0.111418 1.78422 28 0
1.73986 0.113683 1.78394 28 0
1.74102 0.116024 1.78403 28 0
1.7422 0.118527 1.7845 28 0
1.74341 0.121132 1.78531 28 0
1.74465 0.12372 1.7864 28 0
1.74591 0.126209 1.7877 28 0
1.7472 0.128554 1.78914 28 0
1.74851 0.130758 1.79063 28 0
1.74983 0.132783 1.79212 28 0
1.75118 0.134576 1.79352 28 0
1.75254 0.136086 1.79479 28 0
1.75367 0.113284 1.79601 28 0
1.75499 0.131087 1.79686 28 0
1.75626 0.127882 1.79777 28 0
1.75752 0.125557 1.79849 28 0
1.75873 0.121397 1.79913 28 0
1.75989 0.11549 1.79977 28 0
1.76098 0.108805 1.80046 28 0
1.76199 0.101729 1.80126 28 0
1.76294 0.0945327 1.80223 28 0
1.76381 0.0874872 1.8034 28 0
1.76462 0.0808304 1.80482 28 0
1.76537 0.0747624 1.8065 28 0
1.76606 0.0694473 1.8085 28 0
1.76671 0.0650146 1.8104 28 0
1.76733 0.0615571 1.81272 28 0
1.76792 0.0591306 1.81527 28 0
1.7685 0.0577537 1.81796 28 0
1.76907 0.0574098 1.82076 28 0
1.76965 0.0580494 1.82364 28 0
1.77025 0.0595976 1.82654 28 0
1.77087 0.0619575 1.8294 28 0
1.77152 0.0650155 1.83216 28 0
1.77221 0.0686435 1.83474 28 0
1.77293 0.0727034 1.83709 28 0
1.7737 0.0770478 1.83914 28 0
1.77452 0.0815214 1.84083 28 0
1.77538 0.0859611 1.8421 28 0
1.77628 0.0901956 1.84294 28 0
1.77722 0.0940449 1.84333 28 0
1.77819 0.0973236 1.84326 28 0
1.77919 0.0998558 1.84276 28 0
1.77999 0.0794861 1.84174 28 0
1.78083 0.0842855 1.84097 28 0
1.78171 0.0884483 1.83959 28 0
1.78263 0.0912095 1.83813 28 0
1.78356 0.0930408 1.83675 28 0
1.78451 0.0952465 1.83552 28 0
1.78549 0.097899 1.83453 28 0
1.7865 0.100802 1.83386 28 0
1.78754 0.103855 1.83355 28 0
1.78861 0.107025 1.83362 28 0
1.78971 0.110417 1.83405 28 0
1.79085 0.113961 1.83479 28 0
1.79202 0.117515 1.83579 28 0
1.79323 0.120971 1.83697 28 0
1.79448 0.124269 1.83825 28 0
1.79575 0.127405 1.83955 28 0
1.79705 0.129906 1.84079 28 0
1.79836 0.130615 1.84193 28 0
1.79966 0.130857 1.84292 28 0
1.80119 0.152516 1.84359 28 0
1.80256 0.137283 1.84409 28 0
1.80385 0.128368 1.8447 28 0
1.8051 0.125856 1.84499 28 0
1.80632 0.121028 1.84516 28 0
1.80746 0.114035 1.84537 28 0
1.80852 0.106392 1.84568 28 0
1.80961 0.108595 1.84615 28 0
1.81052 0.0912352 1.8469 28 0
1.81137 0.0848418 1.84794 28 0
1.81214 0.0776075 1.84933 28 0
1.81285 0.0708493 1.85112 28 0
1.8135 0.0650067 1.85333 28 0
1.8141 0.0600916 1.85553 28 0
1.81466 0.0561744 1.85822 28 0
1.8152 0.0533122 1.86123 28 0
1.81571 0.0515173 1.86442 28 0
1.81622 0.0507667 1.86774 28 0
1.81673 0.0510074 1.87114 28 0
1.81725 0.0521603 1.87453 28 0
1.81779 0.0541257 1.87783 28 0
1.81836 0.0567874 1.88098 28 0
1.81896 0.0600164 1.88388 28 0
1.8196 0.0636729 1.88647 28 0
1.82027 0.0676087 1.88867 28 0
1.82099 0.0716687 1.89043 28 0
1.82175 0.0756915 1.89171 28 0
1.82254 0.0795107 1.8925 28 0
1.82337 0.0829549 1.89278 28 0
1.82423 0.0858542 1.89258 28 0
1.82511 0.0880596 1.89192 28 0
1.82576 0.0653089 1.89098 28 0
1.82647 0.0706591 1.89008 28 0
1.82722 0.0754201 1.88847 28 0
1.82801 0.0785848 1.8869 28 0
1.82882 0.0808576 1.88544 28 0
1.82966 0.0837686 1.8841 28 0
1.83053 0.0872905 1.88299 28 0
1.83144 0.0912056 1.88221 28 0
1.8324 0.0953483 1.88174 28 0
1.83339 0.099691 1.88166 28 0
1.83444 0.104351 1.8819 28 0
1.83553 0.109237 1.88243 28 0
1.83667 0.114169 1.88318 28 0
1.83786 0.119006 1.88409 28 0
1.8391 0.12366 1.88506 28 0
1.84038 0.128113 1.88602 28 0
1.8417 0.132319 1.88689 28 0
1.84306 0.136179 1.88763 28 0
1.84446 0.139667 1.88818 28 0
1.84564 0.117969 1.88848 28 0
1.84697 0.133399 1.88877 28 0
1.84834 0.137118 1.88868 28 0
1.84969 0.134105 1.88857 28 0
1.85098 0.129871 1.88841 28 0
1.85223 0.124252 1.88826 28 0
1.8534 0.117604 1.8882 28 0
1.85451 0.110398 1.88831 28 0
1.85554 0.102971 1.88866 28 0
1.85649 0.0956105 1.88931 28 0
1.85738 0.0885674 1.89032 28 0
1.8582 0.0820564 1.89172 28 0
1.85896 0.0762524 1.89357 28 0
1.85967 0.0712928 1.89547 28 0
1.86035 0.0672768 1.89792 28 0
1.86099 0.0642647 1.90076 28 0
1.86161 0.062279 1.90388 28 0
1.86223 0.0613061 1.90723 28 0
1.86284 0.0613 1.91076 28 0
1.86346 0.0621886 1.91439 28 0
1.8641 0.0638781 1.91805 28 0
1.86476 0.0662567 1.92164 28 0
1.86545 0.0691979 1.92506 28 0
1.86618 0.0725647 1.92822 28 0
1.86694 0.0762111 1.93104 28 0
1.86774 0.0799855 1.93343 28 0
1.86858 0.0837318 1.93534 28 0
1.86945 0.0872919 1.93672 28 0
1.87036 0.0905076 1.93756 28 0
1.87129 0.093229 1.93786 28 0
1.87224 0.09534 1.93766 28 0
1.87309 0.0852028 1.9369 28 0
1.87387 0.0777485 1.93604 28 0
1.8747 0.0828283 1.93496 28 0
1.87556 0.0861895 1.93351 28 0
1.87644 0.0882964 1.93206 28 0
1.87735 0.0908776 1.93073 28 0
1.87829 0.0941407 1.92959 28 0
1.87927 0.0977872 1.92873 28 0
1.88029 0.101693 1.9282 28 0
1.88135 0.105804 1.92803 28 0
1.88245 0.110242 1.92819 28 0
1.8836 0.114918 1.92866 28 0
1.8848 0.119658 1.92938 28 0
1.88604 0.124312 1.9303 28 0
1.88733 0.129337 1.93128 28 0
1.88871 0.13787 1.93228 28 0
1.89009 0.137548 1.9333 28 0
1.89151 0.141924 1.93416 28 0
1.89295 0.14475 1.93486 28 0
1.89462 0.166733 1.93532 28 0
1.89612 0.149954 1.93551 28 0
1.89753 0.140718 1.93586 28 0
1.89891 0.138146 1.93586 28 0
1.90024 0.132694 1.93578 28 0
1.90149 0.125379 1.93577 28 0
1.90266 0.117432 1.9359 28 0
1.90376 0.109185 1.93628 28 0
1.90476 0.100878 1.93697 28 0
1.90569 0.0927743 1.93807 28 0
1.90654 0.0851023 1.93961 28 0
1.90732 0.078053 1.94163 28 0
1.90804 0.071784 1.94431 28 0
1.90871 0.0664184 1.94696 28 0
1.90933 0.0620434 1.95015 28 0
1.90991 0.0587095 1.95375 28 0
1.91048 0.0564306 1.95757 28 0
1.91103 0.0551861 1.96152 28 0
1.91158 0.0549248 1.96552 28 0
1.91213 0.0555693 1.96948 28 0
1.9127 0.0570216 1.97329 28 0
1.9133 0.0591671 1.97687 28 0
1.91392 0.0618773 1.98012 28 0
1.91457 0.0650134 1.98298 28 0
1.91525 0.068428 1.98536 28 0
1.91597 0.0719683 1.98724 28 0
1.91672 0.0754783 1.98863 28 0
1.91751 0.0788011 1.98949 28 0
1.91833 0.0817819 1.98976 28 0
1.91917 0.084278 1.98957 28 0
1.92003 0.0861884 1.98894 28 0
1.92063 0.0599074 1.98794 28 0
1.92129 0.0657464 1.98707 28 0
1.922 0.0707795 1.98546 28 0
1.92274 0.074255 1.98392 28 0
1.92351 0.0767474 1.98249 28 0
1.92431 0.0799933 1.9812 28 0
1.92515 0.0840085 1.98014 28 0
1.92603 0.0884883 1.97939 28 0
1.92697 0.0932956 1.97898 28 0
1.92795 0.0983704 1.97891 28 0
1.92899 0.103844 1.97915 28 0
1.93009 0.109611 1.97965 28 0
1.93124 0.115463 1.98034 28 0
1.93245 0.121236 1.98114 28 0
1.93372 0.126817 1.98196 28 0
1.93504 0.132177 1.98272 28 0
1.93641 0.137246 1.98336 28 0
1.93783 0.141952 1.98383 28 0
1.9393 0.146241 1.98408 28 0
1.94054 0.124822 1.98423 28 0
1.94188 0.133096 1.98421 28 0
1.94328 0.140816 1.98397 28 0
1.94468 0.139248 1.98374 28 0
1.94603 0.135699 1.98353 28 0
1.94733 0.130052 1.98348 28 0
1.94857 0.123336 1.98366 28 0
1.94973 0.116051 1.98413 28 0
1.95081 0.108439 1.98496 28 0
1.95182 0.100842 1.98618 28 0
1.95276 0.0935393 1.98781 28 0
1.95362 0.0867391 1.98987 28 0
1.95443 0.0806208 1.99235 28 0
1.95518 0.0753278 1.99482 28 0
1.95589 0.0709625 1.99776 28 0
1.95657 0.067588 2.00099 28 0
1.95722 0.0652288 2.00436 28 0
1.95786 0.0638735 2.00782 28 0
1.95849 0.0634781 2.01133 28 0
1.95913 0.0639723 2.01482 28 0
1.95979 0.0652643 2.01821 28 0
1.96046 0.0672436 2.02145 28 0
1.96116 0.0697844 2.02447 28 0
1.96188 0.0727503 2.02721 28 0
1.96264 0.0759968 2.0296 28 0
1.96344 0.0793748 2.0316 28 0
1.96427 0.0827352 2.03318 28 0
1.96512 0.085933 2.03429 28 0
1.96601 0.0888338 2.03495 28 0
1.96693 0.0913297 2.03514 28 0
1.96786 0.0933832 2.03491 28 0
1.9685 0.0639362 2.03414 28 0
1.9692 0.0698399 2.0334 28 0
1.96994 0.0746994 2.03236 28 0
1.97073 0.0782412 2.03108 28 0
1.97152 0.079578 2.02997 28 0
1.97236 0.0835045 2.02894 28 0
1.97323 0.0876585 2.02817 28 0
1.97415 0.0919537 2.02774 28 0
1.97512 0.096688 2.02769 28 0
1.97614 0.101719 2.028 28 0
1.97721 0.107091 2.02865 28 0
1.97834 0.112654 2.02957 28 0
1.97952 0.11844 2.03068 28 0
1.98076 0.124141 2.03187 28 0
1.98206 0.129661 2.03306 28 0
1.98341 0.134973 2.03413 28 0
1.98481 0.140006 2.03501 28 0
1.98625 0.144677 2.03563 28 0
1.98774 0.148932 2.03596 28 0
1.98946 0.171865 2.03576 28 0
1.99106 0.159344 2.03538 28 0
1.99259 0.153543 2.03496 28 0
1.99412 0.153187 2.03408 28 0
1.99562 0.149181 2.03308 28 0
1.99705 0.143059 2.0321 28 0
1.99841 0.135998 2.03125 28 0
1.99969 0.128428 2.03064 28 0
2.0009 0.120834 2.03037 28 0
2.00203 0.113409 2.03054 28 0
2.0031 0.10637 2.03121 28 0
2.00409 0.0990009 2.03249 28 0
2.00501 0.0927615 2.03438 28 0
2.00589 0.0875069 2.03645 28 0
2.00672 0.0831332 2.03919 28 0
2.00752 0.0797005 2.04245 28 0
2.00829 0.0773418 2.04595 28 0
2.00905 0.0760128 2.0498 28 0
2.00981 0.0756536 2.05384 28 0
2.01057 0.0761968 2.05797 28 0
2.01134 0.0775503 2.06209 28 0
2.01214 0.0798371 2.06608 28 0
2.01297 0.0822891 2.06987 28 0
2.01382 0.0853234 2.07335 28 0
2.01471 0.0887024 2.07644 28 0
2.01563 0.0922059 2.07905 28 0
2.01659 0.0956929 2.08115 28 0
2.01758 0.0990066 2.0827 28 0
2.0186 0.101983 2.08369 28 0
2.01964 0.104462 2.08415 28 0
2.0207 0.106309 2.08412 28 0
2.02167 0.096532 2.08369 28 0
2.0226 0.09331 2.08311 28 0
2.02355 0.0949501 2.08199 28 0
2.02452 0.0970855 2.08082 28 0
2.02552 0.0996278 2.07954 28 0
2.02654 0.1019 2.07832 28 0
2.02758 0.104659 2.07725 28 0
2.02866 0.107855 2.07644 28 0
2.02978 0.11129 2.07594 28 0
2.03092 0.11491 2.07579 28 0
2.03211 0.118837 2.07601 28 0
2.03334 0.122984 2.0765 28 0
2.03461 0.12718 2.07726 28 0
2.03593 0.131294 2.07822 28 0
2.03728 0.135243 2.07929 28 0
2.03867 0.139016 2.08041 28 0
2.0401 0.142561 2.08149 28 0
2.04155 0.145809 2.08246 28 0
2.04304 0.148711 2.08328 28 0
2.0443 0.126278 2.08402 28 0
2.04564 0.134082 2.0846 28 0
2.04702 0.13727 2.08508 28 0
2.04839 0.137384 2.08542 28 0
2.04973 0.133829 2.08574 28 0
2.05101 0.127767 2.08621 28 0
2.05222 0.120931 2.08685 28 0
2.05335 0.113613 2.08774 28 0
2.05441 0.10607 2.08894 28 0
2.0554 0.0986067 2.09048 28 0
2.05631 0.0914712 2.09239 28 0
2.05716 0.0848547 2.09468 28 0
2.05795 0.0789647 2.0975 28 0
2.05869 0.0739297 2.10029 28 0
2.05939 0.0698445 2.10333 28 0
2.06006 0.0667688 2.10662 28 0
2.0607 0.0647244 2.11008 28 0
2.06134 0.0636972 2.11355 28 0
2.06198 0.0636408 2.11699 28 0
2.06262 0.0644827 2.12033 28 0
2.06328 0.066129 2.12352 28 0
2.06397 0.0684678 2.1265 28 0
2.06468 0.0713722 2.12921 28 0
2.06543 0.0747051 2.13162 28 0
2.06621 0.0783207 2.13366 28 0
2.06703 0.0820671 2.13532 28 0
2.06789 0.0857885 2.13657 28 0
2.06878 0.0893271 2.13739 28 0
2.06971 0.0925252 2.1378 28 0
2.07066 0.0952338 2.13779 28 0
2.07164 0.0973379 2.1374 28 0
2.07235 0.0719264 2.13652 28 0
2.07313 0.0773001 2.1357 28 0
2.07395 0.0819612 2.13447 28 0
2.0748 0.0851124 2.13314 28 0
2.07567 0.0874179 2.1319 28 0
2.07657 0.0900614 2.13079 28 0
2.07751 0.0933818 2.12991 28 0
2.07848 0.0970851 2.12933 28 0
2.07949 0.101057 2.1291 28 0
2.08054 0.105237 2.12921 28 0
2.08164 0.109747 2.12964 28 0
2.08278 0.114495 2.13034 28 0
2.08398 0.119304 2.13125 28 0
2.08522 0.124032 2.13229 28 0
2.0865 0.128589 2.13337 28 0
2.08783 0.132957 2.13441 28 0
2.0892 0.137073 2.13534 28 0
2.09061 0.140869 2.1361 28 0
2.09205 0.144294 2.13668 28 0
2.09375 0.169476 2.13697 28 0
2.09547 0.172201 2.13704 28 0
2.097 0.153074 2.13701 28 0
2.09852 0.151934 2.13675 28 0
2.09999 0.146861 2.13644 28 0
2.1014 0.140816 2.1361 28 0
2.10274 0.133879 2.13582 28 0
2.104 0.126391 2.13569 28 0
2.10519 0.118756 2.13579 28 0
2.1063 0.111233 2.13619 28 0
2.10734 0.104062 2.13697 28 0
2.10832 0.0974533 2.13818 28 0
2.10923 0.091579 2.13988 28 0
2.1101 0.0865738 2.14167 28 0
2.11092 0.0825347 2.14408 28 0
2.11172 0.0795208 2.14697 28 0
2.11249 0.0775532 2.1502 28 0
2.11326 0.076618 2.15374 28 0
2.11403 0.076669 2.15753 28 0
2.1148 0.0776337 2.16148 28 0
2.1156 0.0794177 2.1655 28 0
2.11642 0.0819091 2.16948 28 0
2.11727 0.0849825 2.17331 28 0
2.11815 0.0885011 2.17688 28 0
2.11907 0.0923194 2.18009 28 0
2.12004 0.0962839 2.18285 28 0
2.12104 0.100234 2.18508 28 0
2.12208 0.104002 2.18674 28 0
2.12315 0.10741 2.18781 28 0
2.12426 0.110277 2.18829 28 0
2.12538 0.11243 2.18822 28 0
2.12629 0.0905458 2.18769 28 0
2.12724 0.0956699 2.18713 28 0
2.12824 0.0998898 2.18601 28 0
2.12926 0.102324 2.18478 28 0
2.1303 0.103769 2.18355 28 0
2.13136 0.105681 2.18246 28 0
2.13244 0.108002 2.1816 28 0
2.13355 0.110578 2.18105 28 0
2.13468 0.113312 2.18086 28 0
2.13584 0.116172 2.18102 28 0
2.13703 0.119258 2.18154 28 0
2.13826 0.122497 2.18237 28 0
2.13952 0.125751 2.18346 28 0
2.1408 0.128912 2.18471 28 0
2.14212 0.131919 2.18607 28 0
2.14347 0.134771 2.18744 28 0
2.14485 0.137424 2.18876 28 0
2.14624 0.13982 2.18996 28 0
2.14766 0.141916 2.191 28 0
2.14884 0.118039 2.19196 28 0
2.15021 0.136857 2.19256 28 0
2.15155 0.134268 2.1932 28 0
2.15288 0.132162 2.19366 28 0
2.15416 0.12802 2.19405 28 0
2.15538 0.12207 2.19448 28 0
2.15653 0.115287 2.195 28 0
2.15761 0.108065 2.19567 28 0
2.15862 0.100686 2.19655 28 0
2.15955 0.093429 2.19769 28 0
2.16042 0.0865385 2.19912 28 0
2.16122 0.0802188 2.20086 28 0
2.16197 0.0746379 2.20296 28 0
2.16266 0.069928 2.205 28 0
2.16333 0.0661839 2.20746 28 0
2.16396 0.0634629 2.2102 28 0
2.16458 0.0617847 2.21309 28 0
2.16519 0.0611339 2.21609 28 0
2.16581 0.0614621 2.21917 28 0
2.16643 0.0626955 2.22227 28 0
2.16708 0.0647386 2.22532 28 0
2.16775 0.0674785 2.22826 28 0
2.16846 0.0707877 2.23101 28 0
2.16921 0.0745285 2.23351 28 0
2.16999 0.0785542 2.2357 28 0
2.17082 0.0827111 2.2375 28 0
2.17169 0.0868392 2.23889 28 0
2.1726 0.0907726 2.23982 28 0
2.17354 0.0943404 2.2403 28 0
2.17451 0.0973714 2.24031 28 0
2.17551 0.0997134 2.23989 28 0
2.17628 0.077264 2.23893 28 0
2.17711 0.0823713 2.23822 28 0
2.17797 0.086679 2.2369 28 0
2.17887 0.0895408 2.2355 28 0
2.17978 0.0915268 2.23418 28 0
2.18072 0.0939065 2.233 28 0
2.18169 0.0967892 2.23207 28 0
2.18269 0.0999894 2.23144 28 0
2.18372 0.103383 2.23117 28 0
2.18479 0.106931 2.23127 28 0
2.1859 0.110743 2.2317 28 0
2.18705 0.114742 2.23242 28 0
2.18824 0.118772 2.23338 28 0
2.18946 0.122712 2.23449 28 0
2.19073 0.126486 2.23568 28 0
2.19203 0.130089 2.23685 28 0
2.19336 0.133471 2.23794 28 0
2.19473 0.136569 2.2389 28 0
2.19612 0.139338 2.23968 28 0
2.19777 0.165126 2.24014 28 0
2.19946 0.168362 2.24039 28 0
2.20093 0.147099 2.24057 28 0
2.20239 0.146185 2.24047 28 0
2.2038 0.141131 2.24027 28 0
2.20515 0.134953 2.24 28 0
2.20643 0.128079 2.23974 28 0
2.20764 0.120737 2.23957 28 0
2.20877 0.113255 2.23958 28 0
2.20983 0.105919 2.23987 28 0
2.21082 0.0989641 2.24049 28 0
2.21175 0.0925944 2.24152 28 0
2.21262 0.0869772 2.24305 28 0
2.21344 0.0822438 2.24467 28 0
2.21422 0.0784886 2.24691 28 0
2.21498 0.0757689 2.24964 28 0
2.21572 0.0741043 2.25275 28 0
2.21646 0.0734796 2.2562 28 0
2.2172 0.0738477 2.25991 28 0
2.21795 0.0751347 2.26382 28 0
2.21872 0.0772451 2.26782 28 0
2.21952 0.0800687 2.27179 28 0
2.22036 0.0835045 2.27562 28 0
2.22123 0.0873576 2.2792 28 0
2.22214 0.0914928 2.28241 28 0
2.2231 0.0957947 2.28515 28 0
2.2241 0.100082 2.28736 28 0
2.22515 0.104179 2.28898 28 0
2.22622 0.107903 2.28999 28 0
2.22734 0.111066 2.2904 28 0
2.22847 0.11347 2.29025 28 0
2.2294 0.0932966 2.28967 28 0
2.23038 0.0981445 2.28906 28 0
2.23141 0.102616 2.28783 28 0
2.23246 0.104622 2.28655 28 0
2.23352 0.105972 2.28525 28 0
2.23459 0.107709 2.2841 28 0
2.23569 0.109764 2.28319 28 0
2.23681 0.11198 2.2826 28 0
2.23795 0.11432 2.28238 28 0
2.23912 0.116743 2.28254 28 0
2.24031 0.119345 2.28306 28 0
2.24154 0.122055 2.28392 28 0
2.24278 0.124759 2.28506 28 0
2.24406 0.127348 2.28639 28 0
2.24535 0.129784 2.28786 28 0
2.24668 0.132079 2.28936 28 0
2.24802 0.134203 2.29083 28 0
2.24938 0.136118 2.29221 28 0
2.25076 0.137788 2.29345 28 0
2.25189 0.113414 2.29445 28 0
2.25317 0.12782 2.29546 28 0
2.25448 0.131512 2.29604 28 0
2.25576 0.127843 2.29658 28 0
2.25699 0.122877 2.29703 28 0
2.25816 0.117022 2.29742 28 0
2.25926 0.110342 2.2978 28 0
2.2603 0.103206 2.29824 28 0
2.26126 0.0959508 2.29881 28 0
2.26214 0.088844 2.29955 28 0
2.26297 0.0821205 2.30053 28 0
2.26373 0.0759819 2.30178 28 0
2.26443 0.0705934 2.30339 28 0
2.26509 0.0660847 2.30495 28 0
2.26572 0.0625487 2.307 28 0
2.26632 0.0600414 2.30937 28 0
2.2669 0.0585816 2.31197 28 0
2.26749 0.0581528 2.3148 28 0
2.26807 0.0587061 2.3178 28 0
2.26867 0.0601665 2.32092 28 0
2.2693 0.0624375 2.32409 28 0
2.26995 0.0654056 2.32723 28 0
2.27064 0.0689429 2.33025 28 0
2.27137 0.0729113 2.33305 28 0
2.27214 0.0771635 2.33556 28 0
2.27296 0.0815445 2.33768 28 0
2.27382 0.0858914 2.33937 28 0
2.27472 0.0900333 2.34057 28 0
2.27566 0.0937909 2.34125 28 0
2.27663 0.0969791 2.34141 28 0
2.27762 0.0994212 2.34109 28 0
2.27854 0.0920005 2.34021 28 0
2.2794 0.0855603 2.33922 28 0
2.2803 0.0901513 2.33805 28 0
2.28123 0.0929247 2.33654 28 0
2.28217 0.0948315 2.335 28 0
2.28314 0.0969563 2.33358 28 0
2.28414 0.0995514 2.33237 28 0
2.28516 0.102415 2.33145 28 0
2.28622 0.105433 2.33089 28 0
2.2873 0.108564 2.3307 28 0
2.28842 0.111921 2.3309 28 0
2.28958 0.115435 2.33144 28 0
2.29077 0.118963 2.33228 28 0
2.29199 0.122394 2.33337 28 0
2.29325 0.125667 2.33462 28 0
2.29454 0.128776 2.33595 28 0
2.29585 0.131682 2.3373 28 0
2.2972 0.134323 2.33859 28 0
2.29856 0.136653 2.33977 28 0
2.30018 0.161641 2.34078 28 0
2.30182 0.163985 2.34162 28 0
2.30326 0.144341 2.34233 28 0
2.30468 0.142357 2.34283 28 0
2.30606 0.137058 2.34325 28 0
2.30737 0.131003 2.3436 28 0
2.30861 0.124184 2.34393 28 0
2.30978 0.11691 2.34432 28 0
2.31087 0.109528 2.34483 28 0
2.31189 0.102307 2.34553 28 0
2.31285 0.0954818 2.34649 28 0
2.31374 0.0892517 2.34777 28 0
2.31458 0.0837824 2.34959 28 0
2.31537 0.0792035 2.35129 28 0
2.31613 0.0756084 2.3535 28 0
2.31686 0.0730532 2.35612 28 0
2.31757 0.0715571 2.35904 28 0
2.31829 0.0711041 2.3622 28 0
2.319 0.0716463 2.36555 28 0
2.31973 0.073109 2.36904 28 0
2.32049 0.075396 2.37258 28 0
2.32127 0.0783944 2.37607 28 0
2.32209 0.0819773 2.37941 28 0
2.32295 0.0860073 2.38252 28 0
2.32385 0.0903375 2.3853 28 0
2.3248 0.0948123 2.38767 28 0
2.32579 0.0992665 2.38956 28 0
2.32683 0.103524 2.39093 28 0
2.3279 0.107397 2.39175 28 0
2.32901 0.110683 2.39203 28 0
2.33014 0.113181 2.39179 28 0
2.33109 0.0943082 2.39108 28 0
2.33207 0.0989133 2.39036 28 0
2.3331 0.102945 2.38916 28 0
2.33416 0.105233 2.38783 28 0
2.33522 0.106526 2.3865 28 0
2.3363 0.108133 2.38532 28 0
2.3374 0.11006 2.38437 28 0
2.33853 0.112152 2.38375 28 0
2.33967 0.114333 2.38349 28 0
2.34083 0.116585 2.38361 28 0
2.34202 0.118989 2.38411 28 0
2.34324 0.121487 2.38495 28 0
2.34448 0.123966 2.38608 28 0
2.34574 0.126345 2.38742 28 0
2.34703 0.128582 2.38889 28 0
2.34834 0.130681 2.39043 28 0
2.34966 0.132603 2.39194 28 0
2.351 0.134299 2.39338 28 0
2.35236 0.135737 2.39468 28 0
2.35347 0.110624 2.39592 28 0
2.35476 0.128941 2.39687 28 0
2.35603 0.127543 2.39775 28 0
2.35728 0.124674 2.3985 28 0
2.35848 0.120374 2.39917 28 0
2.35963 0.11451 2.39985 28 0
2.36071 0.107841 2.40057 28 0
2.36171 0.100777 2.40139 28 0
2.36265 0.0936002 2.40237 28 0
2.36352 0.0865776 2.40354 28 0
2.36432 0.0799458 2.40495 28 0
2.36505 0.0739046 2.40661 28 0
2.36574 0.0686178 2.40859 28 0
2.36638 0.0642144 2.41045 28 0
2.36699 0.0607871 2.4127 28 0
2.36757 0.0583913 2.4152 28 0
2.36815 0.0570455 2.41782 28 0
2.36871 0.0567331 2.42056 28 0
2.36929 0.0574046 2.42337 28 0
