0 0 0 0
3.87043e-07 3.87473e-05 0 0
-2.05287e-06 -0.000244208 -2.50911e-09 0
-1.02231e-05 -0.000817807 6.54782e-06 0
-2.59101e-05 -0.00157021 1.22248e-05 0
-5.10034e-05 -0.00251159 3.16262e-05 0
-8.74968e-05 -0.00365134 6.82158e-05 0
-0.000144176 -0.00566526 0.000133101 0
-0.000212498 -0.00683125 0.000224123 0
-0.000286416 -0.0073907 0.000347979 0
-0.000371516 -0.00850646 0.000525301 0
-0.000471167 -0.00996329 0.000778023 0
-0.000603961 -0.0132766 0.00110484 0
-0.000748326 -0.0144244 0.00151743 0
-0.000898049 -0.0149508 0.00202082 0
-0.00105018 -0.0151818 0.00261843 0
-0.00123493 -0.0184688 0.00331496 0
-0.00143044 -0.0195464 0.00409836 0
-0.00163945 -0.0208926 0.0049558 0
-0.00186281 -0.0223251 0.00587803 0
-0.00209966 -0.0236718 0.00684747 0
-0.00234795 -0.0248119 0.00784382 0
-0.00261351 -0.0265447 0.00884527 0
-0.00284117 -0.0227694 0.00953181 0
-0.00312063 -0.0279371 0.0102225 0
-0.00343854 -0.0317879 0.0108073 0
-0.00377403 -0.0335515 0.0111267 0
-0.00413917 -0.0365173 0.0112365 0
-0.00450553 -0.03664 0.0109079 0
-0.0048961 -0.0390609 0.0103251 0
-0.00529123 -0.0395173 0.00935702 0
-0.00569946 -0.0408257 0.00813683 0
-0.00611143 -0.0412004 0.00664897 0
-0.00653509 -0.0423684 0.00504431 0
-0.00696376 -0.0428688 0.00333891 0
-0.00740312 -0.0439364 0.00168369 0
-0.00784657 -0.0443466 9.20293e-05 0
-0.00829848 -0.0451911 -0.00131853 0
-0.00875317 -0.045469 -0.00254416 0
-0.00921487 -0.0461699 -0.0034937 0
-0.00967781 -0.0462946 -0.00418413 0
-0.0101405 -0.0462703 -0.00462476 0
-0.010604 -0.0463537 -0.00483498 0
-0.0110671 -0.0463057 -0.00485009 0
-0.0115281 -0.0460983 -0.00473376 0
-0.0119855 -0.0457443 -0.00455409 0
-0.0124378 -0.0452299 -0.00438356 0
-0.0128937 -0.0455888 -0.00420644 0
-0.0133285 -0.0434794 -0.00423283 0
-0.0137485 -0.0420011 -0.00440698 0
-0.0141651 -0.0416626 -0.00466258 0
-0.0145616 -0.0396489 -0.0050783 0
-0.0149263 -0.0364705 -0.0057608 0
-0.0152737 -0.0347439 -0.00647245 0
-0.0155938 -0.0320157 -0.00693703 0
-0.0158857 -0.0291913 -0.00747443 0
-0.016148 -0.0262279 -0.00801364 0
-0.0163792 -0.0231252 -0.00844934 0
-0.0165764 -0.019719 -0.00891051 0
-0.0167388 -0.0162439 -0.00921493 0
-0.0168677 -0.0128896 -0.00957003 0
-0.0169631 -0.00953389 -0.00986105 0
-0.0170241 -0.0061025 -0.0102148 0
-0.0170503 -0.00262785 -0.0105854 0
-0.0170416 0.000873638 -0.0110755 0
-0.0169967 0.00448098 -0.011654 0
-0.0169155 0.00811958 -0.0123985 0
-0.0167907 0.0124808 -0.0133287 0
-0.0166479 0.0142723 -0.014306 0
-0.0164656 0.0182304 -0.0154051 0
-0.0162487 0.0216925 -0.0166418 0
-0.0159979 0.0250817 -0.0179382 0
-0.0157135 0.0284346 -0.0192478 0
-0.015396 0.0317522 -0.0205332 0
-0.0150459 0.0350146 -0.0217374 0
-0.0146623 0.038355 -0.0228201 0
-0.0142462 0.0416183 -0.023739 0
-0.0138 0.0446176 -0.0244515 0
-0.0133248 0.0475144 -0.0250331 0
-0.0128214 0.0503458 -0.0253193 0
-0.0122907 0.0530732 -0.025404 0
-0.0117339 0.0556726 -0.0253959 0
-0.0111528 0.0581179 -0.0252721 0
-0.0105543 0.0598513 -0.0248606 0
-0.00993041 0.0623859 -0.0244313 0
-0.00928483 0.0645589 -0.0239513 0
-0.00861973 0.0665096 -0.0234504 0
-0.00793685 0.0682893 -0.022956 0
-0.00723785 0.0698997 -0.0224905 0
-0.00652455 0.0713304 -0.022055 0
-0.00579883 0.0725725 -0.0216585 0
-0.00506271 0.0736122 -0.0213124 0
-0.00431858 0.0744134 -0.0210111 0
-0.00356891 0.0749672 -0.0207434 0
-0.0028161 0.0752806 -0.0204973 0
-0.00206246 0.0753647 -0.0202586 0
-0.00131047 0.0751983 -0.0200053 0
-0.000563851 0.0746623 -0.01972 0
0.000173618 0.0737472 -0.0193286 0
0.00090806 0.0734275 -0.0190226 0
0.00162534 0.0717285 -0.0186855 0
0.00246874 0.0843613 -0.0183355 0
0.00328925 0.0820463 -0.0179899 0
0.0039573 0.0667997 -0.0173654 0
0.00458815 0.0630809 -0.0166986 0
0.00517565 0.0587485 -0.0159034 0
0.00571825 0.0542591 -0.0148611 0
0.00623196 0.0513733 -0.0135933 0
0.00671088 0.047893 -0.0119518 0
0.00714477 0.0433905 -0.00980758 0
0.00753252 0.0387757 -0.00714495 0
0.00787438 0.0341878 -0.00398601 0
0.00816991 0.0295541 -0.000379943 0
0.00841869 0.0248793 0.00362349 0
0.00862053 0.0201852 0.00784526 0
0.00877535 0.0154841 0.0121892 0
0.00888318 0.0107839 0.0165052 0
0.00894407 0.00609064 0.0206412 0
0.00895814 0.00140804 0.0244534 0
0.00892551 -0.00326215 0.027816 0
0.00884635 -0.00791525 0.030629 0
0.00872125 -0.0125091 0.0328212 0
0.00855082 -0.017046 0.0343492 0
0.00833478 -0.0216079 0.0352322 0
0.00807203 -0.0262788 0.0355049 0
0.00776218 -0.0309883 0.0352319 0
0.00740486 -0.0357358 0.0345023 0
0.00699962 -0.0405266 0.0334213 0
0.00654599 -0.0453663 0.0321022 0
0.00604343 -0.0502597 0.0306574 0
0.00549135 -0.0552107 0.0291903 0
0.00488916 -0.0602227 0.0277881 0
0.00429087 -0.0598287 0.0263 0
0.0036219 -0.0668959 0.0250609 0
0.00291439 -0.0707509 0.0236218 0
0.00217714 -0.0737251 0.0221844 0
0.00141544 -0.0761708 0.0206626 0
0.000634382 -0.0781069 0.0189844 0
-0.000161304 -0.0795701 0.01724 0
-0.000967289 -0.0806005 0.0153509 0
-0.00178011 -0.0812845 0.0132577 0
-0.00259576 -0.0815677 0.0109931 0
-0.00341053 -0.0814807 0.0085992 0
-0.00422101 -0.0810513 0.00611707 0
-0.00502414 -0.0803162 0.00359352 0
-0.0058172 -0.0793098 0.00107954 0
-0.00659761 -0.0780455 -0.00137295 0
-0.00736243 -0.0764864 -0.00371394 0
-0.00810889 -0.0746516 -0.005898 0
-0.00883464 -0.0725799 -0.00788671 0
-0.00953767 -0.0703079 -0.00965063 0
-0.0101051 -0.0567576 -0.0111688 0
-0.0107266 -0.0621545 -0.0124326 0
-0.0113297 -0.060317 -0.0134311 0
-0.0118995 -0.0569891 -0.0141944 0
-0.0124354 -0.0535983 -0.0147452 0
-0.0129361 -0.0500775 -0.0151146 0
-0.0134004 -0.0464398 -0.0153397 0
-0.0138275 -0.0427114 -0.0154603 0
-0.0142166 -0.0389161 -0.0155154 0
-0.0145673 -0.0350763 -0.0155407 0
-0.0148745 -0.0307109 -0.0155663 0
-0.0151411 -0.0266669 -0.0156129 0
-0.015367 -0.0225808 -0.0154759 0
-0.015586 -0.0219227 -0.0154693 0
-0.0157378 -0.0151836 -0.0154655 0
-0.015849 -0.0111104 -0.0154641 0
-0.015919 -0.00700301 -0.0154655 0
-0.0159483 -0.00293072 -0.0154701 0
-0.0159371 0.00112247 -0.0154782 0
-0.0158855 0.00516014 -0.0154898 0
-0.0157937 0.00918712 -0.0155046 0
-0.0156616 0.0132091 -0.0155226 0
-0.0154893 0.0172323 -0.0155433 0
-0.0152767 0.0212633 -0.0155662 0
-0.0150236 0.025309 -0.0155906 0
-0.0147299 0.0293767 -0.0156158 0
-0.0143951 0.0334744 -0.0156411 0
-0.014019 0.0376109 -0.0156657 0
-0.0136011 0.0417962 -0.0156891 0
-0.0131406 0.0460418 -0.0157107 0
-0.012637 0.0503618 -0.0157301 0
-0.0121595 0.0477521 -0.0155701 0
-0.0116044 0.0555106 -0.0155496 0
-0.0109831 0.0621245 -0.0156288 0
-0.0103368 0.0646383 -0.015561 0
-0.00966543 0.0671324 -0.0154412 0
-0.00897224 0.0693193 -0.015289 0
-0.00825599 0.0716245 -0.0151502 0
-0.00751976 0.0736226 -0.0150203 0
-0.00676635 0.0753411 -0.0148958 0
-0.00599922 0.0767133 -0.0147631 0
-0.00522165 0.077757 -0.0146074 0
-0.00443685 0.0784796 -0.0144115 0
-0.00364775 0.0789094 -0.0141546 0
-0.0028572 0.0790542 -0.0138135 0
-0.00206823 0.0788966 -0.013364 0
-0.00128486 0.0783371 -0.0127833 0
-0.00051086 0.0773988 -0.0120524 0
0.000250294 0.0761146 -0.0111551 0
0.000995635 0.0745331 -0.010081 0
0.00186239 0.0866731 -0.00892806 0
0.00259082 0.0728411 -0.00746943 0
0.00327965 0.0688853 -0.00586132 0
0.00393381 0.0654194 -0.00410774 0
0.00454804 0.0614266 -0.00221173 0
0.00511969 0.0571685 -0.000176534 0
0.00564651 0.0526863 0.00199475 0
0.00612668 0.0480214 0.00429897 0
0.00655871 0.0432073 0.00673249 0
0.00694137 0.0382711 0.00929061 0
0.00727367 0.0332348 0.0119669 0
0.00755477 0.0281156 0.0147525 0
0.00778397 0.0229268 0.0174563 0
0.00796069 0.0176772 0.0204008 0
0.00808432 0.0123691 0.0235548 0
0.00815406 0.00698088 0.0266614 0
0.00818613 0.00320836 0.0296419 0
0.00817247 -0.00137843 0.0325632 0
0.00811019 -0.00624027 0.0353798 0
0.0079986 -0.0111742 0.0379966 0
0.00783734 -0.0161411 0.040324 0
0.00762612 -0.0211376 0.0422731 0
0.0073646 -0.0261689 0.0437711 0
0.00705238 -0.0312402 0.0447615 0
0.006689 -0.0363563 0.0452095 0
0.00627397 -0.0415225 0.0451035 0
0.00580673 -0.0467443 0.0444566 0
0.00528666 -0.0520272 0.043306 0
0.00471308 -0.0573787 0.0417127 0
0.0041309 -0.0581811 0.039755 0
0.00345595 -0.0675163 0.0375256 0
0.00279719 -0.0659101 0.0349274 0
0.00207654 -0.0720785 0.0320509 0
0.00131659 -0.0760013 0.0290315 0
0.00052953 -0.0787082 0.0258334 0
-0.000278847 -0.0808379 0.0224017 0
-0.00112716 -0.0848309 0.0188742 0
-0.00199326 -0.0866106 0.0150392 0
-0.00286975 -0.0876487 0.0108906 0
-0.00375236 -0.088261 0.00645608 0
-0.00463709 -0.0884731 0.00179004 0
-0.00551979 -0.0882705 -0.00302748 0
-0.00639663 -0.0876839 -0.00789333 0
-0.00726424 -0.0867611 -0.0126866 0
-0.0081205 -0.085625 -0.0172692 0
-0.00896174 -0.0841233 -0.0215139 0
-0.00978454 -0.08228 -0.0252946 0
-0.0105861 -0.0801595 -0.0283613 0
-0.0113642 -0.0778013 -0.0307322 0
-0.0121165 -0.0752359 -0.0323379 28
-0.0127704 -0.0654027 -0.033156 28
-0.013449 -0.0678655 -0.0332115 28
-0.0140901 -0.0641086 -0.0325731 28
-0.014694 -0.0603948 -0.0313478 28
-0.0152602 -0.0566299 -0.0296718 28
-0.0157874 -0.0527264 -0.0276994 28
-0.0162746 -0.0487212 -0.0255908 28
-0.016721 -0.0446496 -0.0235001 28
-0.0171264 -0.0405454 -0.0215637 28
-0.0174908 -0.0364393 -0.0198914 28
-0.0178141 -0.0323336 -0.0185593 28
-0.0180957 -0.0281642 -0.0176064 28
-0.0183351 -0.0239463 -0.0167326 28
-0.0185323 -0.0197236 -0.0161546 28
-0.0186876 -0.0155335 -0.0157862 28
-0.0188016 -0.0113995 -0.0155473 28
-0.0188746 -0.00730181 -0.015367 28
-0.0189063 -0.00317762 -0.0153929 28
-0.0188966 0.000964 -0.0154283 28
-0.0188457 0.00509444 -0.0154613 28
-0.0187535 0.00921627 -0.0154905 28
-0.0186196 0.0133864 -0.0155151 28
-0.0184436 0.0176064 -0.0155346 28
-0.018225 0.0218575 -0.0155487 28
-0.0179637 0.0261257 -0.0155576 28
-0.0176596 0.0304099 -0.0155681 28
-0.0173124 0.034723 -0.0155739 28
-0.0169216 0.0390816 -0.0155755 28
-0.0164865 0.0435031 -0.0155762 28
-0.0160064 0.0480068 -0.0155761 28
-0.0154803 0.0526158 -0.0155756 28
-0.0150072 0.0473209 -0.0152756 28
-0.0144558 0.0551369 -0.0149011 28
-0.0138719 0.0583814 -0.0143571 28
-0.0132601 0.0611715 -0.0135317 28
-0.0126227 0.0637283 -0.012306 28
-0.0119623 0.0660256 -0.0105637 28
-0.0112816 0.0680623 -0.0082001 28
-0.0105841 0.0697426 -0.00513508 28
-0.0098524 0.0731669 -0.00146632 28
-0.00910322 0.0749151 0.00293315 28
-0.00834457 0.0758645 0.0080137 28
-0.0075789 0.0765694 0.013643 28
-0.00680869 0.0770263 0.0196617 28
-0.00603558 0.0773171 0.0258862 28
-0.00518072 0.0855367 0.0321005 28
-0.00429961 0.0881097 0.0376951 28
-0.00343918 0.0860426 0.0427744 28
-0.00259416 0.0845017 0.0471588 28
-0.00176386 0.0830316 0.0505549 28
-0.000989247 0.0774662 0.0526805 28
-0.000238869 0.0750416 0.0537082 28
0.000496438 0.073531 0.0533403 28
0.00121595 0.0719512 0.0515512 28
0.00190099 0.0685042 0.0486899 28
0.00254545 0.0644467 0.0450062 28
0.00314985 0.0604398 0.0407623 28
0.00371259 0.056273 0.0362766 28
0.0042311 0.0518504 0.0318818 28
0.00470409 0.0472992 0.0278809 28
0.00513082 0.0426724 0.0245344 28
0.00551105 0.0380227 0.0220409 28
0.00584378 0.0332723 0.0202333 28
0.00612788 0.0284103 0.0194152 28
0.00636365 0.0235759 0.0195289 28
0.00655104 0.018739 0.0204732 28
0.0066899 0.0138858 0.0221089 28
0.00678013 0.00902342 0.0242685 28
0.00682142 0.00412914 0.0267713 28
0.00681327 -0.000814604 0.0294394 28
0.00675693 -0.00563346 0.0322415 28
0.00665175 -0.010518 0.0349125 28
0.00649731 -0.0154432 0.0373251 28
0.00629345 -0.0203855 0.0394096 28
0.00603992 -0.0253532 0.0411144 28
0.00573637 -0.0303546 0.0424151 28
0.00538241 -0.0353947 0.0433354 28
0.00497762 -0.0404787 0.0443201 28
0.0045215 -0.0456118 0.0451007 28
0.00401351 -0.0507988 0.0456654 28
0.00345307 -0.0560435 0.046114 28
0.00287741 -0.0575636 0.0463945 28
0.00225092 -0.0626493 0.04635 28
0.0015583 -0.0692637 0.0464494 28
0.000820617 -0.0737691 0.0465824 28
6.22303e-05 -0.0758386 0.0464671 28
-0.000715056 -0.0777285 0.0461667 28
-0.00150886 -0.0793804 0.0457446 28
-0.00231691 -0.0808052 0.0452317 28
-0.00313492 -0.0818002 0.0446262 28
-0.00395878 -0.0823857 0.043938 28
-0.00478416 -0.0825379 0.0431751 28
-0.00560736 -0.0823198 0.0423487 28
-0.0064515 -0.0844127 0.0416724 28
-0.00729493 -0.0843408 0.0409836 28
-0.00807218 -0.077725 0.0398749 28
-0.00884882 -0.0776646 0.0389612 28
-0.00960686 -0.0758062 0.0380354 28
-0.0103413 -0.0734497 0.037057 28
-0.0110502 -0.0708971 0.0359755 28
-0.0117733 -0.0723141 0.0347348 28
-0.0124113 -0.0638251 0.0332944 28
-0.0130409 -0.06297 0.0316037 28
-0.0136383 -0.0597431 0.0296253 28
-0.0142002 -0.0561894 0.0273403 28
-0.014725 -0.0524863 0.0247464 28
-0.0152119 -0.0486988 0.0218603 28
-0.0156602 -0.0448315 0.0187183 28
-0.0160693 -0.0409044 0.0153746 28
-0.0164386 -0.0369336 0.0118985 28
-0.0167677 -0.0329199 0.00837023 28
-0.0170561 -0.028835 0.00487584 28
-0.0173031 -0.0247059 0.00167394 28
-0.0175088 -0.0205732 -0.00129621 28
-0.0176734 -0.0164615 -0.00420475 28
-0.0177972 -0.0123751 -0.00681718 28
-0.0178802 -0.00830242 -0.00900129 28
-0.0179223 -0.00421128 -0.0108043 28
-0.0179235 -0.000116495 -0.0122471 28
-0.0178838 0.00396646 -0.0133598 28
-0.0178033 0.00805293 -0.0141664 28
-0.0176815 0.0121858 -0.0147061 28
-0.0175179 0.0163618 -0.0150263 28
-0.0173124 0.0205646 -0.0151829 28
-0.0170645 0.0247892 -0.0154469 28
-0.0167742 0.0290453 -0.0156967 28
-0.0164408 0.0333475 -0.0155133 28
-0.0160638 0.0377118 -0.0155092 28
-0.0156423 0.0421568 -0.0155064 28
-0.0151754 0.0467046 -0.0155044 28
-0.0146617 0.0513848 -0.0155028 28
-0.0142104 0.0451577 -0.0152014 28
-0.013683 0.0527469 -0.0148262 28
-0.0131186 0.0564442 -0.0142818 28
-0.0125261 0.0592515 -0.0134553 28
-0.0119082 0.0617894 -0.0122283 28
-0.0112679 0.0640343 -0.0104843 28
-0.0105904 0.067748 -0.00826039 28
-0.00988202 0.0708389 -0.00543811 28
-0.00915269 0.0729335 -0.00195641 28
-0.00840536 0.0747323 0.00212562 28
-0.00764264 0.076272 0.0067015 28
-0.00686718 0.077546 0.0116227 28
-0.00608156 0.0785625 0.0167076 28
-0.00528824 0.0793318 0.0217533 28
-0.00448992 0.0798321 0.0265497 28
-0.00369033 0.079959 0.0308941 28
-0.00289317 0.0797152 0.0346058 28
-0.00210488 0.0788292 0.0375639 28
-0.0013274 0.0777478 0.0396595 28
-0.000485867 0.0841586 0.0408443 28
0.000264644 0.0750533 0.041195 28
0.00100543 0.0740805 0.0406498 28
0.00171195 0.0706537 0.0394582 28
0.00238 0.0668072 0.0377719 28
0.00300942 0.0629432 0.0357566 28
0.00359809 0.058868 0.0336171 28
0.00414386 0.054579 0.0315574 28
0.00464528 0.0501427 0.0297605 28
0.00510182 0.0456547 0.0283732 28
0.00551289 0.0411077 0.0275038 28
0.00587783 0.0364951 0.0272131 28
0.00619612 0.0318292 0.0272089 28
0.0064673 0.0271186 0.0277003 28
0.00669099 0.0223692 0.0285801 28
0.00686668 0.0175695 0.0297341 28
0.0069942 0.0127515 0.0310464 28
0.00707327 0.00790727 0.0324119 28
0.00710371 0.00304408 0.0338833 28
0.00708518 -0.00185261 0.0353479 28
0.00701744 -0.00677435 0.0367153 28
0.00690025 -0.011719 0.0379743 28
0.00673337 -0.0166886 0.0391222 28
0.00651868 -0.0214696 0.0401476 28
0.00625602 -0.0262667 0.0410632 28
0.00594531 -0.0310721 0.0418798 28
0.00558654 -0.0358773 0.0426066 28
0.00517951 -0.0407044 0.0432507 28
0.00472364 -0.045587 0.0438157 28
0.00421659 -0.050705 0.0442877 28
0.00365395 -0.0562639 0.044699 28
0.00303379 -0.0620168 0.0450045 28
0.00237624 -0.0657559 0.0451098 28
0.00167895 -0.06973 0.0451917 28
0.000943358 -0.073559 0.0451449 28
0.000178434 -0.0764925 0.0449476 28
-0.000609543 -0.0787978 0.0446199 28
-0.00141594 -0.0806395 0.044169 28
-0.00223653 -0.0820597 0.0436031 28
-0.00306819 -0.0831656 0.0429415 28
-0.00390731 -0.0839129 0.0422058 28
-0.00475019 -0.084288 0.0414185 28
-0.00559337 -0.084318 0.0406036 28
-0.00643379 -0.0840422 0.0397872 28
-0.00726876 -0.0834973 0.0389955 28
-0.00809573 -0.0826978 0.0382529 28
-0.00891182 -0.0816088 0.0375798 28
-0.00971435 -0.0802535 0.0369951 28
-0.0105011 -0.0786745 0.0365126 28
-0.0112702 -0.0769089 0.0361421 28
-0.012058 -0.0788109 0.0358967 28
-0.0127616 -0.0703567 0.0357687 28
-0.0133793 -0.0617212 0.0357598 28
-0.0139536 -0.0574348 0.0354816 28
-0.0145289 -0.0575269 0.0353798 28
-0.0150747 -0.0545799 0.0352572 28
-0.0155866 -0.0511909 0.0350173 28
-0.0160605 -0.0473803 0.0345392 28
-0.0164954 -0.0434895 0.0337435 28
-0.0168911 -0.0395762 0.0325623 28
-0.0172475 -0.0356352 0.0309328 28
-0.0175636 -0.0316123 0.0287991 28
-0.0178389 -0.0275278 0.0262058 28
-0.0180731 -0.0234267 0.0232133 28
-0.0182666 -0.0193494 0.0198389 28
-0.0184199 -0.0153234 0.0161436 28
-0.0185332 -0.0113333 0.0122587 28
-0.0186063 -0.00731362 0.00830454 28
-0.018639 -0.00327321 0.00439938 28
-0.0186315 0.000755805 0.000660449 28
-0.0185838 0.00476981 -0.00281084 28
-0.0184955 0.00882818 -0.00592489 28
-0.0183662 0.0129323 -0.00861637 28
-0.0181956 0.0170632 -0.0108475 28
-0.0179836 0.0212053 -0.0126092 28
-0.0177301 0.0253529 -0.0139199 28
-0.0174349 0.0295207 -0.0148222 28
-0.0170977 0.0337238 -0.0153779 28
-0.0167179 0.0379844 -0.0156623 28
-0.0162947 0.0423302 -0.0157566 28
-0.0158268 0.0467964 -0.0157415 28
-0.0154283 0.0398635 -0.0153991 28
-0.0149537 0.0474604 -0.0150056 28
-0.0144422 0.0511484 -0.0145085 28
-0.0138902 0.0552047 -0.0135365 28
-0.0132953 0.0594909 -0.0124658 28
-0.0126699 0.0625346 -0.0110112 28
-0.012017 0.0652915 -0.00913156 28
-0.0113383 0.0678744 -0.00679061 28
-0.0106328 0.0705475 -0.00404386 28
-0.00990543 0.0727375 -0.000932952 28
-0.00915866 0.0746767 0.0024425 28
-0.00839584 0.0762828 0.00596665 28
-0.00761902 0.0776818 0.009497 28
-0.00683085 0.0788165 0.0128922 28
-0.00603413 0.0796723 0.0160142 28
-0.00523308 0.0801044 0.0187435 28
-0.00443128 0.0801803 0.0209791 28
-0.00363196 0.0799324 0.0226527 28
-0.00283809 0.0793868 0.0237333 28
-0.00206293 0.0775181 0.0240779 28
-0.00131693 0.0746015 0.0240742 28
-0.000576667 0.0740278 0.0234871 28
0.000133463 0.0710146 0.0225246 28
0.000805875 0.0672426 0.021319 28
0.00144007 0.0634211 0.0199823 28
0.00203379 0.0593726 0.0186606 28
0.00258454 0.0550765 0.0174983 28
0.00309059 0.0506052 0.0166209 28
0.00355061 0.046003 0.016129 28
0.00396419 0.0413588 0.0160871 28
0.00433047 0.0366283 0.0165307 28
0.00464888 0.0318412 0.0171551 28
0.00491892 0.0270043 0.0181728 28
0.0051401 0.0221181 0.0194928 28
0.00531199 0.0171894 0.0211319 28
0.0054342 0.0122213 0.0230288 28
0.00550637 0.00721696 0.0250323 28
0.00552817 0.00217964 0.0270958 28
0.00549929 -0.00288793 0.0291715 28
0.00541945 -0.00798387 0.0312389 28
0.00528838 -0.0131076 0.0332358 28
0.00510606 -0.0182327 0.0351315 28
0.00487247 -0.0233596 0.0368951 28
0.00458733 -0.0285145 0.038517 28
0.00425099 -0.0336354 0.0399838 28
0.00386339 -0.038761 0.0412948 28
0.00342328 -0.0440129 0.0424599 28
0.00293005 -0.0493244 0.0434924 28
0.00238369 -0.0546386 0.0444036 28
0.0017842 -0.0599501 0.0452053 28
0.00112998 -0.0654245 0.0460185 28
0.000430278 -0.0699704 0.0465416 28
-0.000309193 -0.0739474 0.0470394 28
-0.00108344 -0.077425 0.04738 28
-0.00189451 -0.0811082 0.047586 28
-0.00273206 -0.0837565 0.0476123 28
-0.00358879 -0.085675 0.0474317 28
-0.00445989 -0.0871118 0.0470342 28
-0.00534098 -0.0881102 0.0464172 28
-0.0062278 -0.0886816 0.0455876 28
-0.00711644 -0.0888643 0.0445716 28
-0.00800286 -0.0886421 0.0433915 28
-0.0088835 -0.088065 0.0420809 28
-0.00975535 -0.0871851 0.0406797 28
-0.0106156 -0.0860217 0.0392316 28
-0.0114608 -0.084527 0.0377826 28
-0.0122881 -0.0827244 0.0363779 28
-0.0130948 -0.08067 0.03506 28
-0.0138789 -0.0784172 0.0338666 28
-0.0146837 -0.0805067 0.0328592 28
-0.0154031 -0.0719227 0.0320348 28
-0.0160885 -0.0685436 0.0311693 28
-0.0167391 -0.065056 0.0305179 28
-0.0173519 -0.0612773 0.0299854 28
-0.0179255 -0.0573501 0.0294955 28
-0.0184592 -0.0533637 0.0289742 28
-0.0189516 -0.0492394 0.0283332 28
-0.0194019 -0.0450317 0.0274831 28
-0.01981 -0.0408045 0.0263542 28
-0.0201757 -0.0365704 0.0248968 28
-0.0204984 -0.0322637 0.0230815 28
-0.0207774 -0.0278977 0.0209435 28
-0.0210126 -0.0235184 0.018451 28
-0.0212043 -0.0191689 0.0156699 28
-0.0213531 -0.0148854 0.0126679 28
-0.0214598 -0.0106685 0.00946315 28
-0.0215242 -0.00643852 0.00618647 28
-0.0215443 -0.00200701 0.00292321 28
-0.0215216 0.00226388 -0.000226463 28
-0.0214566 0.00650589 -0.003182 28
-0.0213487 0.0107833 -0.00587452 28
-0.0211977 0.0150978 -0.0082568 28
-0.0210038 0.019384 -0.0102942 28
-0.0207666 0.0237146 -0.0119744 28
-0.0204861 0.0280443 -0.0133051 28
-0.0201621 0.0323956 -0.0143125 28
-0.0197944 0.036763 -0.015038 28
-0.0193828 0.0411512 -0.0155335 28
-0.0188858 0.0496811 -0.0158571 28
-0.0183888 0.0496946 -0.016066 28
-0.017936 0.0452794 -0.0160921 28
-0.0174223 0.0513604 -0.0159307 28
-0.0168552 0.0567003 -0.01562 28
-0.0162542 0.0601 -0.0151802 28
-0.0156164 0.0637775 -0.0145727 28
-0.0149455 0.06709 -0.0137244 28
-0.0142487 0.0696729 -0.012586 28
-0.0135263 0.0722486 -0.0111826 28
-0.0127794 0.0746864 -0.0095401 28
-0.0120098 0.0769596 -0.00770186 28
-0.0112199 0.0789873 -0.00571902 28
-0.0104122 0.0807702 -0.00365504 28
-0.00958949 0.0822748 -0.00157739 28
-0.00875437 0.0835119 0.00044387 28
-0.00790994 0.0844428 0.002344 28
-0.00706035 0.0849581 0.00406778 28
-0.0062102 0.0850149 0.00557671 28
-0.00536294 0.0847258 0.00684417 28
-0.00452177 0.0841161 0.00787831 28
-0.00379047 0.0731284 0.00857186 28
-0.00303237 0.0758112 0.00924971 28
-0.00226702 0.0765361 0.00963295 28
-0.00152895 0.0738081 0.00991823 28
-0.000828596 0.0700367 0.010186 28
-0.000166759 0.0661845 0.0104738 28
0.000454002 0.0620768 0.0108456 28
0.00103103 0.0577033 0.0113632 28
0.00156243 0.0531401 0.0120746 28
0.00204676 0.0484333 0.0130133 28
0.00248288 0.0436125 0.0141963 28
0.00287041 0.0387536 0.0156179 28
0.00320875 0.0338333 0.0171074 28
0.00349727 0.0288527 0.0186228 28
0.00373547 0.0238201 0.0204204 28
0.00392269 0.0187213 0.022268 28
0.0040585 0.0135815 0.0241904 28
0.00414262 0.00841184 0.026128 28
0.00417479 0.00321691 0.0280176 28
0.00415479 -0.00199968 0.0298587 28
0.00408236 -0.0072429 0.0316347 28
0.00395711 -0.0125255 0.0333335 28
0.00378133 -0.0175775 0.0349216 28
0.0035534 -0.0227936 0.0364055 28
0.00327253 -0.0280875 0.0377802 28
0.00293851 -0.0334017 0.0390414 28
0.00255101 -0.0387503 0.0401881 28
0.00210959 -0.044143 0.0412221 28
0.00161378 -0.0495814 0.0421436 28
0.00106312 -0.0550662 0.0429593 28
0.00045717 -0.0605959 0.043675 28
-0.000203827 -0.0660998 0.0443511 28
-0.000894901 -0.0691074 0.0446178 28
-0.00164769 -0.0752794 0.0450794 28
-0.00243292 -0.0785248 0.0453378 28
-0.00324722 -0.0814299 0.0454031 28
-0.00408779 -0.0840575 0.0453373 28
-0.00494547 -0.0857684 0.0451094 28
-0.0058151 -0.0869624 0.044731 28
-0.00668973 -0.0874634 0.0441962 28
-0.00756711 -0.0877387 0.0435383 28
-0.00844321 -0.0876094 0.0427712 28
-0.00931349 -0.087029 0.0419071 28
-0.0101748 -0.0861335 0.0409608 28
-0.0110243 -0.0849429 0.0399418 28
-0.0118588 -0.0834564 0.0388571 28
-0.0126774 -0.0818576 0.0377286 28
-0.0134764 -0.079898 0.036556 28
-0.0142531 -0.0776705 0.0353491 28
-0.0150058 -0.0752702 0.0341239 28
-0.0158314 -0.0825669 0.0329405 28
-0.0165631 -0.0731597 0.0317842 28
-0.017197 -0.0633867 0.0303176 28
-0.0178188 -0.062184 0.0290628 28
-0.0184059 -0.0587072 0.0278255 28
-0.0189518 -0.0545938 0.0265442 28
-0.0194555 -0.0503691 0.0251838 28
-0.0199162 -0.0460681 0.0237072 28
-0.0203335 -0.0417271 0.02208 28
-0.0207073 -0.0373819 0.0202745 28
-0.0210377 -0.0330385 0.0182732 28
-0.021324 -0.0286313 0.0160706 28
-0.0215658 -0.0241785 0.0137284 28
-0.0217631 -0.0197281 0.0113404 28
-0.0219163 -0.0153236 0.0086397 28
-0.0220263 -0.0110001 0.00590877 28
-0.0220939 -0.00675697 0.00315981 28
-0.022119 -0.00251266 0.00040966 28
-0.0221017 0.00173151 -0.00225014 28
-0.0220422 0.00594329 -0.00476719 28
-0.0219411 0.0101164 -0.00706693 28
-0.021798 0.0143057 -0.00912031 28
-0.0216129 0.0185101 -0.0108913 28
-0.0213858 0.0227102 -0.0123548 28
-0.0211169 0.0268925 -0.0135098 28
-0.0208064 0.0310557 -0.0143694 28
-0.0204542 0.0352177 -0.014961 28
-0.0200606 0.0393732 -0.0153429 28
-0.0196253 0.0435334 -0.0155582 28
-0.019148 0.0477334 -0.0156607 28
-0.0186278 0.052019 -0.0157064 28
-0.0181829 0.0445039 -0.0154854 28
-0.0176592 0.0523676 -0.0152214 28
-0.0170898 0.0569397 -0.0145587 28
-0.0164891 0.0600752 -0.0138283 28
-0.0158391 0.0649991 -0.0129487 28
-0.0151574 0.0681658 -0.0116846 28
-0.0144483 0.0709091 -0.0100177 28
-0.0137148 0.0733549 -0.00795905 28
-0.0129577 0.0757091 -0.00556456 28
-0.0121791 0.0778553 -0.00290353 28
-0.0113815 0.0797648 -6.61849e-05 28
-0.0105674 0.0814117 0.00284274 28
-0.00973935 0.0828028 0.00570921 28
-0.00890005 0.0839297 0.00842027 28
-0.00805246 0.0847595 0.0108722 28
-0.00720071 0.0851752 0.0129785 28
-0.00634884 0.0851869 0.0146756 28
-0.00550053 0.0848315 0.0159283 28
-0.00465899 0.084154 0.0167323 28
-0.00392847 0.0730518 0.0169942 28
-0.00316685 0.0761636 0.0170637 28
-0.00240305 0.0763808 0.0167333 28
-0.00166367 0.0739377 0.0161727 28
-0.000957659 0.0706 0.0155029 28
-0.000292085 0.0665555 0.0148483 28
0.000328622 0.0620706 0.0143096 28
0.000905771 0.057715 0.0139538 28
0.00143789 0.0532125 0.0138565 28
0.00192311 0.0485214 0.0140765 28
0.002363 0.0439889 0.0146224 28
0.00275354 0.0390536 0.0155258 28
0.00309448 0.0340942 0.0164542 28
0.00338559 0.0291108 0.0176108 28
0.00362639 0.0240803 0.0190011 28
0.00381611 0.0189715 0.0204952 28
0.00395499 0.0138882 0.0222059 28
0.00404305 0.00880582 0.0239567 28
0.0040801 0.003705 0.0257316 28
0.00406598 -0.00141156 0.0275096 28
0.00400055 -0.00654338 0.0292838 28
0.00388361 -0.0116939 0.0310332 28
0.00371495 -0.0168656 0.0327358 28
0.00349432 -0.0220627 0.0343696 28
0.00322142 -0.0272893 0.0359157 28
0.00289592 -0.0325498 0.0373575 28
0.00251744 -0.0378481 0.0386816 28
0.00208538 -0.0432051 0.0398794 28
0.00159904 -0.0486338 0.0409486 28
0.00105782 -0.0541224 0.0418903 28
0.000461124 -0.0596696 0.0427111 28
-0.000195006 -0.0656127 0.0435119 28
-0.000903296 -0.0708292 0.044101 28
-0.0016576 -0.0754303 0.044706 28
-0.00244945 -0.0791858 0.0452681 28
-0.00327268 -0.0823226 0.0458061 28
-0.00412299 -0.0850317 0.0463407 28
-0.00499533 -0.0872341 0.0468941 28
-0.00588498 -0.0889653 0.0475097 28
-0.00678783 -0.090285 0.0482048 28
-0.00770002 -0.09122 0.0489899 28
-0.00861747 -0.0917453 0.0498968 28
-0.00953641 -0.0918941 0.0509037 28
-0.0104537 -0.0917249 0.0520209 28
-0.0113666 -0.091295 0.0532484 28
-0.012273 -0.0906433 0.0545813 28
-0.0131709 -0.0897863 0.056014 28
-0.0139828 -0.0811149 0.0575258 28
-0.0147366 -0.0753816 0.0586102 28
-0.0154805 -0.0743983 0.0596346 28
-0.0162962 -0.081568 0.0604286 28
-0.017 -0.0703825 0.0607993 28
-0.0176589 -0.0658912 0.060537 28
-0.0182701 -0.0611117 0.059438 28
-0.0188506 -0.0580567 0.0574526 28
-0.0193973 -0.0546649 0.0544048 28
-0.0199009 -0.0503553 0.0501786 28
-0.0203601 -0.0459254 0.0448068 28
-0.0207749 -0.0414749 0.0383947 28
-0.0211452 -0.0370339 0.0311156 28
-0.0214713 -0.0326076 0.0232035 28
-0.0217526 -0.0281303 0.0149366 28
-0.0219888 -0.0236181 0.00665142 28
-0.0221799 -0.0191179 -0.00144106 28
-0.0223267 -0.014672 -0.00898022 28
-0.0224298 -0.010315 -0.0156944 28
-0.0224903 -0.00604534 -0.0213775 28
-0.0225081 -0.00178079 -0.0258946 28
-0.0224833 0.00247799 -0.0291696 28
-0.0224163 0.00669937 -0.0312029 28
-0.0223075 0.0108773 -0.0320687 28
-0.0221568 0.0150669 -0.0319062 28
-0.0219642 0.0192673 -0.0309058 28
-0.0217296 0.0234593 -0.0292934 28
-0.0214533 0.0276295 -0.0273112 28
-0.0211356 0.031777 -0.0251988 28
-0.0207764 0.035919 -0.0231755 28
-0.0203759 0.0400498 -0.0214279 28
-0.0199342 0.0441787 -0.0200704 28
-0.0194508 0.0483392 -0.0186753 28
-0.0189251 0.052575 -0.017673 28
-0.0184709 0.0454367 -0.0166836 28
-0.0179381 0.0532824 -0.0158517 28
-0.0173587 0.0579356 -0.0151041 28
-0.0167362 0.0622509 -0.0142843 28
-0.0160784 0.0657771 -0.0133355 28
-0.0153866 0.0691799 -0.0121486 28
-0.0146685 0.0718159 -0.0105864 28
-0.013925 0.0743486 -0.00868216 28
-0.0131583 0.0766691 -0.00647689 28
-0.0123702 0.0788143 -0.00403877 28
-0.0115631 0.080701 -0.00144781 28
-0.0107395 0.082365 0.00119789 28
-0.00990027 0.0839227 0.00378588 28
-0.00905064 0.084963 0.00623583 28
-0.00819387 0.0856773 0.00845289 28
-0.00733335 0.0860524 0.0103569 28
-0.00647233 0.0861022 0.0118869 28
-0.00561533 0.0856992 0.0130241 28
-0.00476568 0.0849653 0.0137696 28
-0.00402172 0.0743958 0.0140406 28
-0.00325546 0.0766265 0.0142094 28
-0.00248162 0.077385 0.0139901 28
-0.00173665 0.074497 0.0136445 28
-0.00102931 0.0707337 0.0132762 28
-0.00036035 0.0668965 0.0129609 28
0.000270212 0.0630562 0.0127745 28
0.000855725 0.058551 0.0128353 28
0.00139548 0.053975 0.0131882 28
0.0018878 0.0492319 0.013873 28
0.00233202 0.0444222 0.0148972 28
0.00272742 0.0395396 0.0162472 28
0.00307326 0.0345831 0.0175874 28
0.00336839 0.0295129 0.019118 28
0.0036124 0.0244009 0.0208537 28
0.00380501 0.019261 0.0227409 28
0.00394599 0.0140979 0.0246799 28
0.00403512 0.00891317 0.0266611 28
0.00407217 0.00370534 0.0286229 28
0.00405687 -0.00152968 0.0305719 28
0.00398889 -0.00679817 0.0324985 28
0.00386781 -0.0121082 0.0343995 28
0.00369312 -0.0174698 0.0362675 28
0.00346418 -0.0228953 0.0381028 28
0.00318019 -0.0284004 0.0399167 28
0.00284012 -0.0340083 0.0416924 28
0.00244256 -0.039759 0.0434402 28
0.00198506 -0.0457532 0.0451825 28
0.00160065 -0.0384253 0.0469163 28
0.00107956 -0.0521122 0.0484646 28
0.000505105 -0.0574487 0.049987 28
-7.17648e-05 -0.0576888 0.0512989 28
-0.00071641 -0.0644686 0.0523783 28
-0.00141761 -0.0701213 0.0533929 28
-0.00218123 -0.0763618 0.054217 28
-0.00297088 -0.078965 0.0545215 28
-0.00377856 -0.0807686 0.0543344 28
-0.00460113 -0.0822571 0.0537003 28
-0.00543734 -0.0836203 0.0526289 28
-0.00628299 -0.0845654 0.0511682 28
-0.0071338 -0.0850815 0.049366 28
-0.00798494 -0.0851136 0.0472903 28
-0.0088323 -0.084737 0.0450202 28
-0.00967233 -0.0840025 0.0426383 28
-0.0105019 -0.0829555 0.0402222 28
-0.0113179 -0.0816025 0.0378473 28
-0.0121168 -0.0798875 0.0355761 28
-0.0128953 -0.0778535 0.0334568 28
-0.0136508 -0.075546 0.0315179 28
-0.0143809 -0.0730181 0.0297692 28
-0.0151855 -0.0804523 0.0282302 28
-0.015888 -0.0702479 0.0267713 28
-0.0165457 -0.0657788 0.0254266 28
-0.0171659 -0.0620176 0.0241341 28
-0.0177477 -0.0581812 0.0228239 28
-0.0182898 -0.0542107 0.0214261 28
-0.018791 -0.0501213 0.0198766 28
-0.0192505 -0.0459476 0.0181217 28
-0.0196678 -0.0417272 0.016118 28
-0.0200427 -0.0374955 0.0138784 28
-0.0203753 -0.0332584 0.0116029 28
-0.0206648 -0.0289513 0.00917305 28
-0.0209107 -0.0245926 0.00691727 28
-0.021113 -0.0202299 0.00452708 28
-0.0212721 -0.015906 0.00214368 28
-0.0213886 -0.0116558 -0.000335181 28
-0.0214634 -0.00747852 -0.00262627 28
-0.0214963 -0.00329176 -0.00473727 28
-0.0214873 0.000902077 -0.00667149 28
-0.0214366 0.00507021 -0.00843626 28
-0.0213445 0.00920692 -0.0100114 28
-0.0212108 0.0133686 -0.0113839 28
-0.0210353 0.0175543 -0.0125462 28
-0.0208179 0.0217458 -0.0135025 28
-0.0205586 0.0259291 -0.0142644 28
-0.0202576 0.0301013 -0.0148499 28
-0.0199149 0.0342757 -0.0152815 28
-0.0195305 0.0384503 -0.0155845 28
-0.0191041 0.0426475 -0.0157871 28
-0.0186351 0.0469019 -0.0159165 28
-0.0181226 0.0512545 -0.0159981 28
-0.0176813 0.0441449 -0.0157832 28
-0.0171618 0.0519524 -0.0154086 28
-0.0166068 0.0555012 -0.0148625 28
-0.0160174 0.0589469 -0.014099 28
-0.0153888 0.0628605 -0.0130486 28
-0.0147258 0.0662944 -0.011593 28
-0.0140357 0.0690079 -0.00964473 28
-0.0133209 0.0714831 -0.00719925 28
-0.0125834 0.0737498 -0.00428626 28
-0.0118254 0.0757989 -0.000969801 28
-0.0110492 0.0776185 0.0026547 28
-0.0102571 0.0792113 0.00646614 28
-0.00945173 0.080538 0.0103253 28
-0.00863602 0.0815709 0.0140882 28
-0.00781357 0.0822445 0.017615 28
-0.00698916 0.0824408 0.0207794 28
-0.00616619 0.082297 0.0234697 28
-0.00534826 0.0817928 0.0256138 28
-0.00453875 0.0809519 0.0271786 28
-0.00384559 0.0693222 0.0281588 28
-0.00310838 0.0737237 0.0286194 28
-0.00238339 0.072504 0.0286674 28
-0.00168901 0.0694441 0.028369 28
-0.00103188 0.0657183 0.0278817 28
-0.000416704 0.0615231 0.0273605 28
0.000153243 0.0570003 0.0269541 28
0.000675252 0.0522064 0.026802 28
0.00114699 0.0471796 0.0270241 28
0.00156643 0.0419496 0.0277129 28
0.00193164 0.0365268 0.0289284 28
0.00224017 0.0308592 0.0307012 28
0.00262254 0.0382928 0.0326993 28
0.00287374 0.0251225 0.034931 28
0.00307431 0.0200576 0.037449 28
0.00322247 0.0148169 0.0401611 28
0.00331843 0.00959652 0.0429524 28
0.0033622 0.00437623 0.0456453 28
0.0033538 -0.000840535 0.0480667 28
0.00329326 -0.00605516 0.0500989 28
0.00318057 -0.0112702 0.0516373 28
0.0030157 -0.0164888 0.0525977 28
0.00279857 -0.021715 0.0529225 28
0.00252905 -0.0269532 0.0525851 28
0.00220699 -0.0322079 0.0515923 28
0.00183216 -0.0374839 0.0499803 28
0.00140431 -0.0427859 0.0478137 28
0.000923126 -0.0481183 0.0451834 28
0.000388273 -0.0534849 0.0422095 28
-0.000200617 -0.0588879 0.0390182 28
-0.000851546 -0.0650918 0.0358013 28
-0.00152971 -0.0678115 0.0325037 28
-0.00225383 -0.0724127 0.0293515 28
-0.00304765 -0.0793824 0.0266321 28
-0.00388956 -0.0841906 0.0243135 28
-0.00475074 -0.0861183 0.0223098 28
-0.00562787 -0.0877127 0.0207367 28
-0.00651745 -0.0889581 0.0196474 28
-0.007417 -0.0899555 0.0190599 28
-0.00832155 -0.0904553 0.0189327 28
-0.00922642 -0.0904866 0.019201 28
-0.0101264 -0.0900002 0.0197761 28
-0.0110172 -0.0890785 0.0205537 28
-0.011895 -0.0877795 0.0214493 28
-0.0127566 -0.0861587 0.0225595 28
-0.0135989 -0.0842321 0.0236252 28
-0.0144184 -0.0819511 0.0245813 28
-0.015212 -0.0793552 0.0253648 28
-0.0159769 -0.0764898 0.0259169 28
-0.016711 -0.0734156 0.0261886 28
-0.0175167 -0.0805687 0.0261818 28
-0.018215 -0.0698318 0.0257647 28
-0.0188631 -0.064808 0.0250104 28
-0.0194702 -0.060713 0.0239207 28
-0.0200356 -0.0565435 0.022511 28
-0.0205582 -0.0522584 0.0208094 28
-0.021037 -0.047877 0.0188548 28
-0.0214713 -0.0434352 0.0166944 28
-0.021861 -0.0389704 0.0143809 28
-0.0222062 -0.0345178 0.011969 28
-0.022507 -0.0300834 0.00951282 28
-0.022763 -0.0256034 0.00700134 28
-0.022974 -0.0210924 0.00467908 28
-0.0231399 -0.0165965 0.00245658 28
-0.0232615 -0.0121583 0.000132335 28
-0.0233396 -0.0078121 -0.00212992 28
-0.0233752 -0.00355604 -0.00418097 28
-0.0233682 0.000693192 -0.00606874 28
-0.0233189 0.00493419 -0.00779852 28
-0.0232275 0.00913508 -0.00937576 28
-0.0230946 0.0132907 -0.010782 28
-0.0229201 0.0174571 -0.0120073 28
-0.0227037 0.0216339 -0.0130459 28
-0.0224457 0.0258029 -0.0139027 28
-0.0221462 0.0299515 -0.0145876 28
-0.0218055 0.0340782 -0.0151163 28
-0.0214235 0.0381985 -0.0155079 28
-0.0210005 0.0423079 -0.0157841 28
-0.0205363 0.0464229 -0.0159691 28
-0.0200306 0.0505788 -0.0160867 28
-0.0194825 0.0548196 -0.016159 28
-0.0190077 0.0474869 -0.0159444 28
-0.018454 0.0553784 -0.01557 28
-0.0178657 0.0588261 -0.0150251 28
-0.0172307 0.0634987 -0.0143719 28
-0.0165664 0.0664366 -0.0133541 28
-0.0158764 0.0689926 -0.0119092 28
-0.0151631 0.0713326 -0.00999295 28
-0.0144288 0.073433 -0.00758384 28
-0.013676 0.075278 -0.00468529 28
-0.0129075 0.0768533 -0.00132625 28
-0.012126 0.0781434 0.00244071 28
-0.0113348 0.0791227 0.00654368 28
-0.0105373 0.0797528 0.0108983 28
-0.00973784 0.0799507 0.0154192 28
-0.00885503 0.0883322 0.0199845 28
-0.00794236 0.0912665 0.02404 28
-0.00704436 0.0897992 0.0278591 28
-0.00614403 0.0900337 0.0312282 28
-0.00527057 0.0873448 0.0341647 28
-0.00451483 0.0755747 0.036248 28
-0.00373804 0.0776798 0.0376611 28
-0.00295084 0.0787206 0.0379344 28
-0.00219083 0.0760004 0.0372814 28
-0.00146863 0.0722203 0.0358039 28
-0.00078493 0.0683699 0.0336069 28
-0.000142293 0.0642635 0.0308702 28
0.000456644 0.0598934 0.0278097 28
0.00101002 0.055337 0.0246554 28
0.00151642 0.05064 0.0216378 28
0.00197474 0.0458318 0.0189718 28
0.00238413 0.040938 0.0168419 28
0.00274393 0.03598 0.0150882 28
0.00305368 0.0309747 0.01405 28
0.00331303 0.0259352 0.0137367 28
0.00352175 0.0208716 0.0143006 28
0.00367966 0.0157906 0.0155377 28
0.00378662 0.0106964 0.0173801 28
0.00384253 0.00559086 0.0197222 28
0.00384727 0.000473922 0.022429 28
0.0038007 -0.00465607 0.0253481 28
0.00370268 -0.00980186 0.0283208 28
0.00355301 -0.014967 0.0311946 28
0.00335145 -0.0201554 0.0338339 28
0.00309773 -0.0253717 0.0361277 28
0.00279152 -0.0306205 0.037993 28
0.00243245 -0.0359063 0.0394228 28
0.00202011 -0.0412337 0.0408916 28
0.00155404 -0.0466066 0.0420544 28
0.00103376 -0.0520278 0.0430214 28
0.000458772 -0.0574981 0.0436451 28
-0.000139007 -0.0597751 0.0440509 28
-0.000783242 -0.064425 0.044085 28
-0.0014973 -0.0714061 0.0443695 28
-0.00225997 -0.076267 0.0445399 28
-0.00304409 -0.0784119 0.0444449 28
-0.00384691 -0.0802819 0.0441917 28
-0.00466569 -0.081879 0.0438241 28
-0.00549849 -0.0832797 0.0433787 28
-0.0063408 -0.0842308 0.0428647 28
-0.00718833 -0.0847534 0.0422917 28
-0.00803639 -0.0848056 0.0416642 28
-0.00888097 -0.0844584 0.0409866 28
-0.00971856 -0.0837591 0.0402589 28
-0.0105461 -0.0827505 0.0394766 28
-0.0113604 -0.0814386 0.038631 28
-0.0121581 -0.0797679 0.0377102 28
-0.0129359 -0.0777822 0.0367022 28
-0.0136912 -0.0755249 0.0355939 28
-0.0144217 -0.0730477 0.0343738 28
-0.0152288 -0.0807169 0.0330608 28
-0.0159327 -0.0703877 0.0315473 28
-0.0165922 -0.0659499 0.0299064 28
-0.0172145 -0.0622267 0.0281297 28
-0.0177987 -0.0584214 0.0262106 28
-0.0183435 -0.054482 0.024147 28
-0.0188029 -0.0459538 0.0219426 28
-0.019254 -0.0451065 0.0196069 28
-0.0196644 -0.0410417 0.0171555 28
-0.0200334 -0.0368995 0.0146104 28
-0.0203606 -0.0327245 0.0119988 28
-0.0206455 -0.0284847 0.00935243 28
-0.0208874 -0.024195 0.0068756 28
-0.0210864 -0.0199018 0.00446567 28
-0.0212429 -0.0156471 0.00192815 28
-0.0213576 -0.0114652 -0.000560695 28
-0.0214311 -0.00735478 -0.00284758 28
-0.0214634 -0.00323293 -0.00496873 28
-0.0214544 0.000898318 -0.00692201 28
-0.0214044 0.00500648 -0.00870571 28
-0.0213135 0.00908647 -0.0102965 28
-0.0211816 0.0131959 -0.011681 28
-0.0210082 0.0173346 -0.0128522 28
-0.0207934 0.0214845 -0.0138148 28
-0.0205371 0.0256313 -0.0145805 28
-0.0202395 0.0297714 -0.015168 28
-0.0199003 0.0339182 -0.0155999 28
-0.0195196 0.038075 -0.0159023 28
-0.0190971 0.0422643 -0.0161038 28
-0.0186319 0.0465181 -0.0162321 28
-0.0181233 0.0508749 -0.016313 28
-0.0176843 0.0439145 -0.0160965 28
-0.0171676 0.0516698 -0.015721 28
-0.0166155 0.0552113 -0.0151742 28
-0.0160297 0.0585808 -0.0144034 28
-0.0154038 0.0625921 -0.0133534 28
-0.0147361 0.0667686 -0.0119528 28
-0.0140412 0.0694944 -0.0100567 28
-0.0133215 0.0719654 -0.00768151 28
-0.0125791 0.0742443 -0.00487376 28
-0.0118157 0.0763378 -0.00171431 28
-0.0110338 0.0781835 0.00169175 28
-0.0102361 0.0797721 0.0052167 28
-0.00942512 0.0811002 0.00871962 28
-0.00860344 0.0821672 0.0120568 28
-0.00777406 0.0829387 0.0150927 28
-0.00694105 0.0833011 0.01771 28
-0.00610844 0.0832609 0.0198177 28
-0.00527985 0.0828586 0.021359 28
-0.00445846 0.0821392 0.0223147 28
-0.00375151 0.0706952 0.0225401 28
-0.00302006 0.0731458 0.0225127 28
-0.00227765 0.074243 0.0218864 28
-0.00156113 0.0716527 0.0209322 28
-0.000883392 0.0677751 0.0198184 28
-0.000244166 0.0639235 0.0186432 28
0.0003545 0.0598673 0.0175422 28
0.000909953 0.0555458 0.0166469 28
0.00142033 0.0510377 0.0160646 28
0.00188425 0.0463923 0.0158744 28
0.00230062 0.041638 0.0161231 28
0.00266918 0.0368564 0.0168182 28
0.00298928 0.0320098 0.0176374 28
0.00326032 0.0271043 0.0187784 28
0.00348181 0.0221482 0.0201399 28
0.00365327 0.0171468 0.0216866 28
0.00377431 0.0121037 0.0233989 28
0.00384454 0.00702346 0.0252381 28
0.00386363 0.00190878 0.0270658 28
0.00383126 -0.00323742 0.0288673 28
0.00374758 -0.00836746 0.0306195 28
0.00361253 -0.013505 0.032305 28
0.00342594 -0.0186591 0.033905 28
0.00318764 -0.0238298 0.0354048 28
0.00289747 -0.0290172 0.0367936 28
0.00255525 -0.0342229 0.0380647 28
0.00216076 -0.039449 0.0392144 28
0.00171379 -0.0446975 0.0402409 28
0.0012141 -0.0499698 0.0411453 28
0.000661438 -0.0552663 0.0419287 28
5.48296e-05 -0.060661 0.0425982 28
-0.000617437 -0.0672269 0.0433526 28
-0.00132882 -0.071139 0.0436987 28
-0.00208153 -0.0752718 0.0440999 28
-0.00287014 -0.0788618 0.0443863 28
-0.00368629 -0.0816144 0.0445073 28
-0.00452617 -0.0839889 0.0445132 28
-0.00538474 -0.0858564 0.0443984 28
-0.0062571 -0.0872366 0.0441535 28
-0.0071384 -0.0881302 0.0437739 28
-0.00802588 -0.088748 0.0432771 28
-0.008915 -0.0889129 0.0426717 28
-0.00980186 -0.0886858 0.0419832 28
-0.0106832 -0.0881378 0.0412395 28
-0.0115564 -0.0873154 0.0404744 28
-0.0124188 -0.0862381 0.0397252 28
-0.0132674 -0.084861 0.0390313 28
-0.0140994 -0.0832082 0.0384319 28
-0.0149128 -0.0813329 0.0379649 28
-0.0157057 -0.0792912 0.0376648 28
-0.0165803 -0.0874736 0.0375823 28
-0.017359 -0.0778213 0.03772 28
-0.0180262 -0.0667194 0.0376512 28
-0.0186643 -0.0638068 0.0377315 28
-0.0192584 -0.0594029 0.0378235 28
-0.0198053 -0.0546899 0.0377567 28
-0.0203298 -0.052451 0.0375484 28
-0.0208125 -0.0482687 0.036848 28
-0.0212508 -0.0438302 0.0355312 28
-0.0216448 -0.0393979 0.0335133 28
-0.0219945 -0.0349705 0.0307544 28
-0.0222994 -0.0304862 0.0272576 28
-0.022559 -0.0259578 0.0230503 28
-0.0227733 -0.0214315 0.018302 28
-0.0229428 -0.016951 0.0131232 28
-0.0230683 -0.0125524 0.00770925 28
-0.0231507 -0.0082359 0.00226905 28
-0.0231899 -0.0039221 -0.00300858 28
-0.023186 0.000389526 -0.00792737 28
-0.0231393 0.00466719 -0.0123157 28
-0.0230503 0.00890348 -0.0160349 28
-0.0229188 0.0131517 -0.0190067 28
-0.0227447 0.0174098 -0.0211875 28
-0.0225281 0.021657 -0.0225886 28
-0.0222693 0.0258797 -0.02327 28
-0.0219686 0.0300774 -0.0233313 28
-0.0216259 0.0342708 -0.0229027 28
-0.0212414 0.0384524 -0.0221332 28
-0.0208152 0.0426222 -0.0211775 28
-0.0203471 0.0468138 -0.0201842 28
-0.0198364 0.0510744 -0.0192836 28
-0.0193991 0.0437334 -0.0182995 28
-0.0188827 0.0516412 -0.0174989 28
-0.0183124 0.0570272 -0.0165289 28
-0.0177035 0.0608951 -0.0155668 28
-0.0170495 0.0654025 -0.0145375 28
-0.0163682 0.0681259 -0.0132071 28
-0.0156605 0.0707651 -0.0117597 28
-0.014927 0.073351 -0.0100223 28
-0.014169 0.0758071 -0.00803694 28
-0.0133887 0.0780248 -0.00585951 28
-0.0125888 0.0799923 -0.00356172 28
-0.0117718 0.0816948 -0.00122482 28
-0.0109405 0.083136 0.00106526 28
-0.0100972 0.0843246 0.00322476 28
-0.00924511 0.0852127 0.00518081 28
-0.00838833 0.0856779 0.00687602 28
-0.00753061 0.0857728 0.00827108 28
-0.00667625 0.0854354 0.00935197 28
-0.00582841 0.0847842 0.0101197 28
-0.00509196 0.0736447 0.0104996 28
-0.00432801 0.076395 0.0108423 28
-0.00355629 0.0771736 0.0108711 28
-0.0028121 0.074419 0.0108117 28
-0.00210591 0.0706198 0.0107626 28
-0.00143683 0.0669081 0.0107626 28
-0.000805847 0.0630984 0.0108753 28
-0.000221483 0.0584364 0.0112112 28
0.000316431 0.0537912 0.0117891 28
0.00080758 0.0491148 0.0126289 28
0.0012533 0.0445719 0.0137196 28
0.00164828 0.0394972 0.0150857 28
0.0019931 0.034482 0.0163781 28
0.00228798 0.0294881 0.0177972 28
0.00253246 0.0244475 0.0194331 28
0.00272621 0.0193744 0.0211383 28
0.00286903 0.0142828 0.0229553 28
0.0029608 0.00917638 0.0247377 28
0.00300136 0.00405595 0.0265034 28
0.00299057 -0.00107873 0.02825 28
0.00292827 -0.00622931 0.0299675 28
0.00281428 -0.0113989 0.0316372 28
0.00264826 -0.0166018 0.0332426 28
0.00242977 -0.021849 0.0347688 28
0.00215836 -0.0271404 0.0362038 28
0.00183354 -0.0324821 0.0375398 28
0.00145473 -0.0378805 0.0387712 28
0.00102131 -0.0433416 0.039896 28
0.000532608 -0.048871 0.0409185 28
-1.21138e-05 -0.0544728 0.0418445 28
-0.000613592 -0.0601488 0.0426935 28
-0.00127654 -0.0662958 0.0435623 28
-0.00199136 -0.0714823 0.0442525 28
-0.00275405 -0.0762701 0.04506 28
-0.00355669 -0.0802638 0.0458617 28
-0.00439331 -0.0836624 0.0466823 28
-0.0052596 -0.0866292 0.0476092 28
-0.00615101 -0.08914 0.0486886 28
-0.00706358 -0.091257 0.0499039 28
-0.00789498 -0.0830978 0.0512896 28
-0.00871124 -0.0816271 0.0523616 28
-0.00954311 -0.0831871 0.0535313 28
-0.0103748 -0.0831717 0.0546761 28
-0.0112166 -0.0841815 0.0557459 28
-0.0120519 -0.0835298 0.0564349 28
-0.0128724 -0.0820494 0.0565719 28
-0.0136725 -0.0800072 0.056038 28
-0.01445 -0.0777544 0.0547746 28
-0.0152027 -0.0752701 0.052753 28
-0.0159287 -0.0726012 0.049989 28
-0.0167276 -0.0798829 0.0465722 28
-0.017424 -0.0696412 0.0424964 28
-0.0180744 -0.0650444 0.0379725 28
-0.0186863 -0.0611848 0.0331484 28
-0.0192589 -0.0572684 0.0281828 28
-0.0197912 -0.0532263 0.0232358 28
-0.0202819 -0.0490734 0.0184573 28
-0.0207304 -0.0448445 0.013977 28
-0.0211361 -0.0405767 0.00989659 28
-0.0214992 -0.0363051 0.00628382 28
-0.0218195 -0.0320351 0.00317025 28
-0.0220966 -0.0277017 0.000551503 28
-0.0223298 -0.0233227 -0.00158315 28
-0.0225192 -0.0189457 -0.00338996 28
-0.0226653 -0.0146129 -0.00488852 28
-0.0227689 -0.010359 -0.00616257 28
-0.0228307 -0.00618252 -0.00730903 28
-0.0228507 -0.00200079 -0.0084186 28
-0.0228289 0.00218424 -0.00955631 28
-0.0227655 0.00634017 -0.0107673 28
-0.0226609 0.0104616 -0.012053 28
-0.0225149 0.014605 -0.0128932 28
-0.0223272 0.0187696 -0.0136794 28
-0.0220978 0.0229373 -0.0144011 28
-0.0218269 0.0270946 -0.0151292 28
-0.0215146 0.0312388 -0.0157178 28
-0.0211608 0.0353837 -0.0161535 28
-0.0207655 0.039526 -0.0164498 28
-0.0203287 0.0436884 -0.0166461 28
-0.0198497 0.0479063 -0.0167705 28
-0.0193276 0.0522217 -0.0168492 28
-0.018878 0.0449662 -0.0166346 28
-0.01835 0.0528057 -0.0162603 28
-0.0177866 0.0563385 -0.0157146 28
-0.0171878 0.0598857 -0.0149623 28
-0.0165449 0.0642842 -0.0139636 28
-0.0158687 0.0676228 -0.0125537 28
-0.0151605 0.0708239 -0.0107128 28
-0.0144282 0.0732237 -0.00839948 28
-0.0136734 0.0754787 -0.00567354 28
-0.0128984 0.0775055 -0.00261277 28
-0.0121052 0.0793212 0.000675233 28
-0.0112963 0.0808877 0.00406629 28
-0.010474 0.0822312 0.00742252 28
-0.00964082 0.0833167 0.0106078 28
-0.00879972 0.0841099 0.0134942 28
-0.00795499 0.0844727 0.015974 28
-0.00711013 0.0844865 0.01796 28
-0.00626851 0.0841621 0.0193981 28
-0.00543501 0.0833499 0.0202866 28
-0.0047216 0.0713407 0.0206774 28
-0.00396299 0.0758625 0.0205925 28
-0.00320552 0.0757478 0.0200763 28
-0.00247559 0.0729945 0.0193045 28
-0.00178433 0.0691272 0.018437 28
-0.00113181 0.0652521 0.0175664 28
-0.000520131 0.0611688 0.016815 28
5.01256e-05 0.057026 0.0162816 28
0.000578434 0.0528309 0.0160447 28
0.00106068 0.0482238 0.0161843 28
0.00149213 0.0431432 0.0167385 28
0.00187367 0.0381526 0.0176696 28
0.00220605 0.0332383 0.018633 28
0.00248902 0.0282971 0.0198196 28
0.00272196 0.0232936 0.0211287 28
0.00290458 0.0182616 0.0225508 28
0.00303671 0.0132133 0.0240946 28
0.0031182 0.00814949 0.0256417 28
0.00314892 0.00307135 0.0271954 28
0.00313265 -0.00162682 0.0286722 28
0.00306263 -0.00700128 0.0301381 28
0.00294068 -0.0121946 0.0315608 28
0.00276763 -0.0173054 0.03293 28
0.00254296 -0.0224663 0.0342419 28
0.00226628 -0.0276674 0.0354927 28
0.00193728 -0.0329 0.0366753 28
0.00155557 -0.0381701 0.0377833 28
0.00112074 -0.0434828 0.0388088 28
0.000632333 -0.0488408 0.0397506 28
8.98792e-05 -0.0542452 0.0406079 28
-0.000507074 -0.0596952 0.0413647 28
-0.00116047 -0.0653386 0.0419539 28
-0.00186377 -0.0703309 0.042504 28
-0.00261085 -0.0747088 0.0430179 28
-0.00339618 -0.0785335 0.0434452 28
-0.0042121 -0.0815919 0.0437665 28
-0.00505417 -0.084207 0.0440478 28
-0.0059174 -0.0863234 0.0443107 28
-0.00679714 -0.0879741 0.0445875 28
-0.0076893 -0.0892161 0.0449081 28
-0.00859007 -0.0900773 0.0452672 28
-0.00949542 -0.0905356 0.0456633 28
-0.0104017 -0.0906243 0.0461357 28
-0.0113056 -0.0903985 0.0467006 28
-0.0122047 -0.0899112 0.0473654 28
-0.0130967 -0.0891931 0.0481383 28
-0.0139789 -0.0882255 0.0490294 28
-0.0148499 -0.0870984 0.0500541 28
-0.0156346 -0.0783974 0.0512008 28
-0.0163584 -0.0723908 0.0519827 28
-0.0171777 -0.0819272 0.0528092 28
-0.0178877 -0.0709973 0.0534688 28
-0.0185526 -0.0664907 0.0537955 28
-0.0191701 -0.0617519 0.0535899 28
-0.0197495 -0.0579357 0.0527113 28
-0.0203012 -0.055175 0.0510539 28
-0.0208108 -0.0509522 0.0483717 28
-0.0212762 -0.0465463 0.0446202 28
-0.0216974 -0.0421203 0.0398213 28
-0.0220745 -0.0377006 0.0340655 28
-0.0224074 -0.0332924 0.0275079 28
-0.0226957 -0.0288294 0.0203595 28
-0.022939 -0.0243286 0.01291 28
-0.0231373 -0.0198375 0.00534677 28
-0.0232913 -0.0153983 -0.00199449 28
-0.0234018 -0.0110456 -0.00883908 28
-0.0234695 -0.00677808 -0.0149457 28
-0.0234947 -0.00251335 -0.0201327 28
-0.0234772 0.00174748 -0.0242663 28
-0.0234175 0.00597239 -0.02728 28
-0.0233159 0.0101554 -0.0291774 28
-0.0231724 0.0143516 -0.0300292 28
-0.0229868 0.0185601 -0.0299644 28
-0.0227592 0.0227617 -0.0291586 28
-0.0224898 0.0269428 -0.027818 28
-0.0221788 0.0311023 -0.0261624 28
-0.0218262 0.0352572 -0.0244079 28
-0.0214323 0.0394018 -0.0227511 28
-0.0209968 0.0435463 -0.0213589 28
-0.0205196 0.0477242 -0.0203243 28
-0.0199999 0.0519783 -0.0192099 28
-0.019551 0.0449053 -0.0181334 28
-0.0190237 0.0527318 -0.0172404 28
-0.0184504 0.0573303 -0.01645 28
-0.0178332 0.0617133 -0.0156126 28
-0.0171835 0.064972 -0.0145727 28
-0.0164976 0.0685921 -0.0133747 28
-0.0157851 0.0712534 -0.0117913 28
-0.0150468 0.0738213 -0.00985729 28
-0.0142855 0.0761341 -0.0076096 28
-0.0135026 0.0782899 -0.00511921 28
-0.0127008 0.0801845 -0.00246723 28
-0.0118805 0.082026 0.000232644 28
-0.0110459 0.0834558 0.00288953 28
-0.0102014 0.0844501 0.00540774 28
-0.00934934 0.0852102 0.00768236 28
-0.00849321 0.0856132 0.00963029 28
-0.00763704 0.0856166 0.0111953 28
-0.00678456 0.0852482 0.0123492 28
-0.00593903 0.0845528 0.0130927 28
-0.00520387 0.0735151 0.0133473 28
-0.00444375 0.0760132 0.0134852 28
-0.00367506 0.0768694 0.0132184 28
-0.00293432 0.0740749 0.0128072 28
-0.00223163 0.0702694 0.0123696 28
-0.00156735 0.0664276 0.0119795 28
-0.000944075 0.0623279 0.0117372 28
-0.000364458 0.0579617 0.0117321 28
0.000169669 0.0534126 0.0120305 28
0.000656921 0.0487251 0.0126739 28
0.0010986 0.044168 0.0136587 28
0.00149168 0.0393075 0.014991 28
0.00183425 0.0342565 0.0163397 28
0.00212607 0.0291814 0.0178831 28
0.00236755 0.0241478 0.0196199 28
0.00255868 0.0191126 0.0215003 28
0.00269913 0.0140443 0.0233883 28
0.00278871 0.00895861 0.0253067 28
0.00282851 0.00397997 0.0271535 28
0.00281643 -0.00120828 0.0289463 28
0.00275289 -0.00635318 0.030656 28
0.00263804 -0.011485 0.0322729 28
0.00247158 -0.0166452 0.0337842 28
0.00225324 -0.0218337 0.035199 28
0.00198273 -0.0270509 0.0364986 28
0.00165971 -0.032302 0.0376714 28
0.00128379 -0.0375918 0.0387255 28
0.000854537 -0.0429245 0.0396667 28
0.000371493 -0.0483041 0.0404995 28
-0.000166273 -0.0537764 0.0412332 28
-0.000759977 -0.0593705 0.0418812 28
-0.00141402 -0.0654034 0.0425448 28
-0.00211875 -0.0704733 0.0429907 28
-0.00287034 -0.0751595 0.0435434 28
-0.0036626 -0.079227 0.0440683 28
-0.00448899 -0.0826391 0.0445873 28
-0.00534513 -0.0856134 0.0451786 28
-0.0062267 -0.0881578 0.045885 28
-0.00712967 -0.0902965 0.0467459 28
-0.00795146 -0.0821423 0.047787 28
-0.0087583 -0.0806853 0.0485335 28
-0.00958082 -0.0822521 0.0494192 28
-0.0104201 -0.083928 0.0504908 28
-0.0112672 -0.0847142 0.0515247 28
-0.0121014 -0.0834181 0.0522508 28
-0.0129198 -0.0818405 0.052579 28
-0.0137186 -0.0798766 0.0524072 28
-0.0144962 -0.0777587 0.0516728 28
-0.0152498 -0.0753675 0.0503257 28
-0.0159776 -0.0727774 0.0483633 28
-0.0167789 -0.0801308 0.0458212 28
-0.017478 -0.069904 0.0426603 28
-0.0181318 -0.0653806 0.0390474 28
-0.0187475 -0.0615763 0.0350846 28
-0.0193246 -0.0577051 0.0308888 28
-0.0198616 -0.0537053 0.0265844 28
-0.0203575 -0.0495914 0.0222948 28
-0.0208115 -0.0453979 0.0181335 28
-0.0212231 -0.041162 0.0141976 28
-0.0215923 -0.0369188 0.0105617 28
-0.021919 -0.0326737 0.00727125 28
-0.0222026 -0.028362 0.00434249 28
-0.0224427 -0.0240018 0.00178893 28
-0.0226391 -0.0196403 -0.000497475 28
-0.0227922 -0.0153203 -0.0025104 28
-0.022903 -0.0110762 -0.00430789 28
-0.0229721 -0.00690703 -0.00595303 28
-0.0229994 -0.00273036 -0.00751187 28
-0.0229848 0.00145182 -0.00903371 28
-0.0229288 0.00560703 -0.0105512 28
-0.0228315 0.00972966 -0.0120624 28
-0.0226927 0.0138764 -0.0130472 28
-0.0225123 0.0180463 -0.0139089 28
-0.0222901 0.0222214 -0.0147846 28
-0.0220263 0.0263878 -0.0155889 28
-0.0217209 0.0305427 -0.0161855 28
-0.0213739 0.0346996 -0.0166192 28
-0.0209854 0.0388561 -0.0169144 28
-0.0205551 0.0430348 -0.0171133 28
-0.0200825 0.0472699 -0.0172401 28
-0.0195665 0.0516019 -0.0173208 28
-0.0191216 0.0445089 -0.0171062 28
-0.0185986 0.0523019 -0.0167317 28
-0.0180403 0.0558293 -0.0161859 28
-0.0174471 0.0593171 -0.0154271 28
-0.0168131 0.0634043 -0.014396 28
-0.0161408 0.067226 -0.01299 28
-0.0154383 0.070253 -0.0111235 28
-0.0147114 0.0726849 -0.00877844 28
-0.0139622 0.0749229 -0.00600738 28
-0.0131922 0.0770026 -0.00289427 28
-0.0124036 0.0788593 0.00045427 28
-0.011599 0.0804608 0.00391193 28
-0.010781 0.0818012 0.00733989 28
-0.0099522 0.0828779 0.0105972 28
-0.00911562 0.0836584 0.0135514 28
-0.00827533 0.0840286 0.0160886 28
-0.00743536 0.0839972 0.0181213 28
-0.00659934 0.0836024 0.0195959 28
-0.00577041 0.0828924 0.0204958 28
-0.00506265 0.0707761 0.0208952 28
-0.0043087 0.0753963 0.0207969 28
-0.00355581 0.0752903 0.0202586 28
-0.00283013 0.0725689 0.0194572 28
-0.00214322 0.0686924 0.0185594 28
-0.00149503 0.0648192 0.0176592 28
-0.000887617 0.0607424 0.0168814 28
-0.000323593 0.0564029 0.016343 28
0.000195958 0.0519555 0.0161277 28
0.000671478 0.0475522 0.0162806 28
0.00110214 0.0430659 0.016825 28
0.00148263 0.0380494 0.0177806 28
0.00181228 0.0329642 0.0187965 28
0.00209221 0.0279915 0.0200354 28
0.00232211 0.0229886 0.0213856 28
0.00250135 0.0179239 0.0228257 28
0.00263 0.0128649 0.0243398 28
0.00270823 0.00782275 0.0258713 28
0.00273577 0.00275433 0.0273604 28
0.00271245 -0.0023319 0.0287813 28
0.00263812 -0.00743288 0.0301433 28
0.00251259 -0.0125526 0.0314552 28
0.00233564 -0.0176952 0.0327202 28
0.002107 -0.0228643 0.0339402 28
0.00183036 -0.0276631 0.0350839 28
0.00149869 -0.0331663 0.0362053 28
0.00111361 -0.0385081 0.0372726 28
0.00067575 -0.0437858 0.0382724 28
0.000184416 -0.0491331 0.0392011 28
-0.00036096 -0.0545374 0.0400523 28
-0.000960807 -0.0599845 0.0408199 28
-0.00161478 -0.0653969 0.041396 28
-0.00231867 -0.0703892 0.0419385 28
-0.00306573 -0.074707 0.0424317 28
-0.0038507 -0.0784966 0.0428206 28
-0.00466556 -0.0814869 0.0430736 28
-0.00550596 -0.0840395 0.0432533 28
-0.00636688 -0.0860924 0.0433772 28
-0.00724363 -0.0876758 0.0434585 28
-0.00813211 -0.0888474 0.0435246 28
-0.00902845 -0.0896352 0.0436128 28
-0.00992862 -0.0900174 0.0437483 28
-0.0108289 -0.0900265 0.0439207 28
-0.011726 -0.0897159 0.0441528 28
-0.0126174 -0.0891355 0.0444779 28
-0.0135005 -0.0883091 0.0449111 28
-0.0143725 -0.0872007 0.0454627 28
-0.0152309 -0.0858465 0.0461434 28
-0.0160742 -0.0843264 0.0469658 28
-0.0169023 -0.0828086 0.0479518 28
-0.0177493 -0.0846997 0.0485788 28
-0.0184887 -0.0739473 0.0492413 28
-0.0191846 -0.0695748 0.0497828 28
-0.0198335 -0.0648856 0.0500209 28
-0.0204006 -0.0566733 0.0497542 28
-0.0209208 -0.052017 0.0488119 28
-0.0214116 -0.0490827 0.0469466 28
-0.0218672 -0.0455531 0.0441164 28
-0.0222906 -0.0423423 0.0402572 28
-0.0226705 -0.0379841 0.0352446 28
-0.0230059 -0.0335431 0.0291526 28
-0.0232965 -0.0290589 0.0221322 28
-0.0235419 -0.0245386 0.0144529 28
-0.0237422 -0.0200286 0.00628303 28
-0.0238979 -0.0155715 -0.00201562 28
-0.0240099 -0.011202 -0.0101162 28
-0.0240791 -0.00691895 -0.0176985 28
-0.0241055 -0.00264098 -0.0244864 28
-0.0240892 0.00163179 -0.0302398 28
-0.0240305 0.00586766 -0.0347832 28
-0.0239299 0.0100602 -0.0380174 28
-0.0237872 0.0142641 -0.0399241 28
-0.0236025 0.0184779 -0.0405645 28
-0.0233757 0.0226819 -0.0400722 28
-0.023107 0.0268626 -0.0386404 28
-0.0227969 0.0310191 -0.0365052 28
-0.0224452 0.03517 -0.0339262 28
-0.0220521 0.0393084 -0.0311652 28
-0.0216178 0.043439 -0.0284675 28
-0.0211419 0.0475942 -0.0260455 28
-0.0206237 0.051817 -0.0240724 28
-0.0201754 0.0448451 -0.0218142 28
-0.019648 0.0527361 -0.0199576 28
-0.0190651 0.0582896 -0.0185312 28
-0.0184462 0.0618945 -0.0172203 28
-0.0177897 0.0656478 -0.0159223 28
-0.0171017 0.0688031 -0.0144833 28
-0.0163865 0.0715152 -0.0128065 28
-0.0156459 0.0740628 -0.0109487 28
-0.0148814 0.0764437 -0.00894714 28
-0.0140953 0.0786178 -0.00674158 28
-0.0132899 0.0805404 -0.00440341 28
-0.0124678 0.0822031 -0.00201548 28
-0.0116318 0.0836083 0.000333855 28
-0.0107843 0.084749 0.00255875 28
-0.00992839 0.0855873 0.00458224 28
-0.0090683 0.0860089 0.00634215 28
-0.00820781 0.0860488 0.00779464 28
-0.0073501 0.085772 0.00891261 28
-0.00649824 0.0851862 0.00969734 28
-0.00575708 0.074115 0.0100825 28
-0.00499176 0.0765327 0.0104307 28
-0.00421743 0.0774334 0.0104172 28
-0.00347169 0.0745742 0.0103048 28
-0.00276359 0.0708102 0.0101856 28
-0.00209376 0.0669834 0.0101194 28
-0.00146502 0.0628732 0.0101908 28
-0.000886541 0.0578485 0.0105249 28
-0.000362731 0.0523816 0.0111947 28
0.000106493 0.0469236 0.0122388 28
0.000650472 0.0544086 0.013679 28
0.00106993 0.0419465 0.0153437 28
0.00144218 0.0372247 0.0171143 28
0.00176544 0.0323255 0.019174 28
0.00203457 0.0269135 0.0216385 28
0.00224751 0.0212938 0.0242617 28
0.00240916 0.0161647 0.0269584 28
0.00252009 0.0110927 0.0296186 28
0.0025797 0.00596167 0.0321651 28
0.00258791 0.000821131 0.0345398 28
0.0025447 -0.0043212 0.0366889 28
0.00244995 -0.00947467 0.0385672 28
0.0023035 -0.0146445 0.040142 28
0.00210515 -0.0198347 0.0413979 28
0.00185464 -0.0250502 0.0423375 28
0.00155168 -0.030296 0.0429799 28
0.0011959 -0.0355772 0.0433584 28
0.000786912 -0.0408985 0.0435176 28
0.000324269 -0.046264 0.0435107 28
-0.000192501 -0.0516767 0.0434006 28
-0.000763883 -0.0571379 0.0432445 28
-0.00135798 -0.0594075 0.0430162 28
-0.00199864 -0.0640676 0.0425575 28
-0.00270945 -0.0710812 0.0424779 28
-0.00346825 -0.0758802 0.0424137 28
-0.00424848 -0.0780237 0.0422308 28
-0.00504778 -0.0799295 0.0420234 28
-0.0058633 -0.0815526 0.0418068 28
-0.00669304 -0.0829737 0.0415341 28
-0.00753248 -0.0839438 0.0411651 28
-0.00837736 -0.0844882 0.0406865 28
-0.00922301 -0.0845654 0.0400968 28
-0.0100655 -0.0842453 0.0395894 28
-0.0109012 -0.0835737 0.0389804 28
-0.0117271 -0.0825934 0.038291 28
-0.0125402 -0.0813106 0.0374915 28
-0.0133369 -0.0796716 0.0365733 28
-0.0141141 -0.0777184 0.035571 28
-0.0148691 -0.0754935 0.0344714 28
-0.0155995 -0.0730479 0.0332578 28
-0.0164075 -0.0807989 0.0319484 28
-0.0171121 -0.0704552 0.0304367 28
-0.0177726 -0.0660487 0.0287959 28
-0.018396 -0.0623443 0.0270174 28
-0.0189816 -0.0585591 0.0250947 28
-0.019528 -0.054639 0.0230259 28
-0.0200339 -0.0505975 0.0208147 28
-0.0204986 -0.0464688 0.0184707 28
-0.0209215 -0.0422902 0.0160098 28
-0.0213025 -0.0380971 0.013454 28
-0.0216414 -0.0338952 0.0108306 28
-0.0219376 -0.0296204 0.00817144 28
-0.0221905 -0.0252909 0.00568078 28
-0.0224001 -0.0209544 0.00325594 28
-0.0225666 -0.0166534 0.000694766 28
-0.0226908 -0.0124231 -0.00181121 28
-0.0227734 -0.00826275 -0.00411452 28
-0.0228143 -0.00409014 -0.00625444 28
-0.0228134 9.23162e-05 -0.00822675 28
-0.0227709 0.0042517 -0.0100286 28
-0.0226871 0.00838232 -0.0116362 28
-0.0225617 0.0125409 -0.0130361 28
-0.0223944 0.0167263 -0.014221 28
-0.0221852 0.0209207 -0.0151957 28
-0.0219342 0.0251097 -0.0159718 28
-0.0216413 0.0292899 -0.0165678 28
-0.0213066 0.0334749 -0.0170066 28
-0.02093 0.0376646 -0.0173145 28
-0.0205113 0.0418813 -0.0175203 28
-0.0200498 0.046158 -0.0176518 28
-0.0195445 0.0505339 -0.017735 28
-0.0191089 0.0435762 -0.0175198 28
-0.0185955 0.0513378 -0.017145 28
-0.0180467 0.0548885 -0.0165986 28
-0.0174599 0.0586775 -0.0158614 28
-0.0168316 0.0628265 -0.0148527 28
-0.0161746 0.0657054 -0.0134009 28
-0.0154917 0.0682822 -0.0114684 28
-0.0147853 0.0706446 -0.00904549 28
-0.0140575 0.0727757 -0.00615261 28
-0.0133109 0.074666 -0.00284012 28
-0.0125478 0.0763046 0.000813943 28
-0.011771 0.0776808 0.00470874 28
-0.0109832 0.0787874 0.00872735 28
-0.0101869 0.0796214 0.0127449 28
-0.00938542 0.0801528 0.0166376 28
-0.00858265 0.0802771 0.0202914 28
-0.00778272 0.0799939 0.0236107 28
-0.00698931 0.0793418 0.0265249 28
-0.00620573 0.078359 0.0289936 28
-0.00554076 0.0665123 0.0310069 28
-0.00483739 0.0703419 0.0326001 28
-0.00414169 0.0695807 0.0338258 28
-0.00348069 0.066111 0.0347639 28
-0.00286048 0.0620321 0.0355217 28
-0.00228575 0.0574854 0.03622 28
-0.00176177 0.0524104 0.0369919 28
-0.00116251 0.0600024 0.0379268 28
-0.000687131 0.0475438 0.0389222 28
-0.000258705 0.0428477 0.0402186 28
0.000119481 0.0378228 0.0418025 28
0.000446783 0.0327337 0.0436167 28
0.000722646 0.0275892 0.0452635 28
0.000946687 0.0224062 0.0468657 28
0.00111864 0.0171972 0.0482523 28
0.00123835 0.0119714 0.0493628 28
0.0013057 0.00673528 0.0501056 28
0.00132063 0.0014928 0.0503091 28
0.00128309 -0.00375452 0.0499363 28
0.00119304 -0.00900698 0.0489783 28
0.00105039 -0.0142663 0.0474555 28
0.00085505 -0.0195354 0.0454174 28
0.00060689 -0.0248177 0.0429398 28
0.000305733 -0.0301173 0.0401199 28
-4.86375e-05 -0.0354386 0.0370702 28
-0.000456487 -0.0407861 0.033911 28
-0.000918125 -0.0461646 0.0307627 28
-0.00143391 -0.0515783 0.0277378 28
-0.00200422 -0.057031 0.0249341 28
-0.00262948 -0.062525 0.0224289 28
-0.00331009 -0.0680598 0.0202749 28
-0.00402374 -0.071359 0.0184135 28
-0.00478329 -0.0759554 0.0168976 28
-0.00561453 -0.0831243 0.0159311 28
-0.00648611 -0.0871584 0.0152494 28
-0.00738769 -0.0901576 0.0148328 28
-0.00830127 -0.0913579 0.0145744 28
-0.00922254 -0.0921269 0.0144802 28
-0.0101505 -0.0927967 0.0145892 28
-0.0110809 -0.0930414 0.0150812 28
-0.0120088 -0.0927926 0.0157498 28
-0.012929 -0.0920148 0.0165805 28
-0.0138368 -0.0907768 0.0175461 28
-0.0147283 -0.0891486 0.0186039 28
-0.0156002 -0.0871927 0.0196981 28
-0.0164496 -0.084938 0.0207624 28
-0.017273 -0.0823463 0.0217248 28
-0.0180679 -0.0794874 0.022516 28
-0.0188315 -0.0763606 0.0230674 28
-0.0195618 -0.0730225 0.0233218 28
-0.0203654 -0.080369 0.0233817 28
-0.0210584 -0.0692996 0.0229299 28
-0.0216973 -0.0638854 0.0221477 28
-0.0222941 -0.0596844 0.0210444 28
-0.022848 -0.0553949 0.019644 28
-0.0233582 -0.0510132 0.0179819 28
-0.0238236 -0.0465478 0.0161027 28
-0.0242439 -0.0420296 0.014057 28
-0.0246189 -0.0374948 0.011898 28
-0.0249487 -0.0329788 0.00967793 28
-0.0252336 -0.0284929 0.00744522 28
-0.0254735 -0.0239861 0.00524179 28
-0.025668 -0.0194583 0.00318843 28
-0.0258175 -0.0149477 0.00123913 28
-0.0259225 -0.0104962 -0.000838669 28
-0.0259838 -0.00613891 -0.0028291 28
-0.0260026 -0.00187472 -0.00475666 28
-0.0259788 0.002378 -0.00654255 28
-0.0259126 0.00661958 -0.00821674 28
-0.0258044 0.0108187 -0.00979911 28
-0.0256547 0.0149696 -0.0112704 28
-0.0254635 0.019127 -0.0126079 28
-0.0252306 0.0232901 -0.0137925 28
-0.0249562 0.0274397 -0.0148133 28
-0.0246406 0.0315632 -0.0156663 28
-0.024284 0.03566 -0.0163535 28
-0.0238865 0.039748 -0.0168834 28
-0.0234484 0.0438206 -0.01727 28
-0.0229696 0.047885 -0.0175353 28
-0.0224499 0.0519753 -0.0177008 28
-0.0218886 0.0561364 -0.0177907 28
-0.0213063 0.0582371 -0.0179754 28
-0.0207202 0.0586138 -0.017675 28
-0.0200996 0.0620567 -0.0172999 28
-0.0194528 0.064681 -0.016754 28
-0.0187562 0.0696618 -0.0161392 28
-0.0180303 0.072583 -0.0151782 28
-0.0172717 0.0758679 -0.0138789 28
-0.01649 0.0781686 -0.0121519 28
-0.015686 0.0803956 -0.0100328 28
-0.0148629 0.0823166 -0.00755742 28
-0.0140223 0.0840574 -0.00480268 28
-0.0131671 0.0855233 -0.001859 28
-0.0122996 0.0867445 0.00116328 28
-0.0114226 0.087699 0.00414782 28
-0.010539 0.0883573 0.00697793 28
-0.00965302 0.0886033 0.00954665 28
-0.00876822 0.0884799 0.0117627 28
-0.00786604 0.0902178 0.0133782 28
-0.00695947 0.0906574 0.0144428 28
-0.00616182 0.0797666 0.0148664 28
-0.00527975 0.0881724 0.0146347 28
-0.00450942 0.0770301 0.014181 28
-0.00374991 0.0759502 0.0131018 28
-0.00302745 0.072245 0.0115414 28
-0.00233212 0.0695334 0.00956817 28
-0.0016727 0.0659419 0.00746476 28
-0.00105879 0.0613911 0.00549173 28
-0.000491418 0.0567368 0.00383104 28
2.95548e-05 0.052097 0.00264627 28
0.000502517 0.0472959 0.00208494 28
0.000926722 0.0424202 0.00224303 28
0.00130171 0.0374987 0.00316525 28
0.00162672 0.0325004 0.00454737 28
0.00190121 0.0274488 0.00657922 28
0.00212524 0.0224026 0.00913015 28
0.00229872 0.0173484 0.0122737 28
0.0024213 0.012258 0.0156936 28
0.00249268 0.00713828 0.0193257 28
0.00251352 0.00208373 0.0229683 28
0.00248363 -0.00298849 0.0265213 28
0.00240264 -0.00809851 0.0298631 28
0.00227038 -0.0132261 0.0328999 28
0.00208665 -0.0183722 0.0355514 28
0.00185121 -0.023544 0.0377685 28
0.00156374 -0.0287463 0.0395298 28
0.0012239 -0.0339838 0.0408436 28
0.000831288 -0.039261 0.0417447 28
0.000385466 -0.044582 0.0422924 28
-0.000114035 -0.0499499 0.0427437 28
-0.000667698 -0.0553662 0.0430816 28
-0.0012431 -0.0575378 0.0432598 28
-0.0018652 -0.0622119 0.0434391 28
-0.00255827 -0.0693081 0.0433923 28
-0.00329815 -0.0739874 0.0433283 28
-0.00405996 -0.0761816 0.0430829 28
-0.00484115 -0.0781189 0.0428152 28
-0.00563931 -0.0798164 0.042477 28
-0.00645237 -0.081306 0.0420453 28
-0.00727596 -0.0823589 0.0415413 28
-0.00810587 -0.0829916 0.0409854 28
-0.00893759 -0.0831717 0.0403767 28
-0.00976722 -0.0829634 0.0397217 28
-0.0105913 -0.0824115 0.0390221 28
-0.0114069 -0.0815552 0.0382717 28
-0.0122109 -0.0803994 0.0374606 28
-0.0129998 -0.0788955 0.0365794 28
-0.0137706 -0.0770814 0.0356152 28
-0.0145206 -0.0749916 0.0345514 28
-0.0152475 -0.0726976 0.0333755 28
-0.0160541 -0.0806541 0.0321063 28
-0.0167573 -0.0703257 0.0306367 28
-0.0174178 -0.0660484 0.0290364 28
-0.0180423 -0.0624485 0.0272955 28
-0.0186299 -0.0587638 0.025406 28
-0.0191793 -0.0549404 0.0233641 28
-0.0196892 -0.0509907 0.021172 28
-0.0201587 -0.0469489 0.0188379 28
-0.0205872 -0.0428519 0.0163769 28
-0.0209746 -0.0387348 0.0138104 28
-0.0213206 -0.0346035 0.0111658 28
-0.0216245 -0.0303941 0.00847526 28
-0.0218858 -0.0261251 0.0059447 28
-0.0221042 -0.0218437 0.0034725 28
-0.0222801 -0.0175924 0.000849399 28
-0.0224142 -0.0134062 -0.00171101 28
-0.022507 -0.00928414 -0.00407499 28
-0.0225584 -0.00514472 -0.00627427 28
-0.0225683 -0.000990759 -0.00830514 28
-0.0225369 0.00314462 -0.0101611 28
-0.0224643 0.00725581 -0.0118174 28
-0.0223504 0.0114002 -0.0132594 28
-0.0221946 0.0155773 -0.01448 28
-0.0219969 0.0197687 -0.0154834 28
-0.0217574 0.0239596 -0.0162819 28
-0.021476 0.0281459 -0.0168944 28
-0.0211526 0.0323407 -0.017345 28
-0.0207872 0.0365484 -0.0176608 28
-0.0203793 0.0407906 -0.0178717 28
-0.0199284 0.045098 -0.0180062 28
-0.0194334 0.049507 -0.0180926 28
-0.0190059 0.0427702 -0.0178771 28
-0.0185013 0.050465 -0.017502 28
-0.0179611 0.0540199 -0.0169554 28
-0.0173892 0.0571878 -0.0161643 28
-0.0167722 0.0617023 -0.0151326 28
-0.0161261 0.0646097 -0.0136386 28
-0.0154543 0.0671742 -0.0116391 28
-0.0147591 0.0695246 -0.00911987 28
-0.0140427 0.0716423 -0.00609821 28
-0.0133075 0.0735187 -0.00262354 28
-0.0125561 0.0751436 0.00122487 28
-0.011791 0.0765071 0.00534261 28
-0.011015 0.0776022 0.00960696 28
-0.0102307 0.0784267 0.0138853 28
-0.0094412 0.0789509 0.0180447 28
-0.0086505 0.0790709 0.0219608 28
-0.00786239 0.0788118 0.0255276 28
-0.00707965 0.0782746 0.0286645 28
-0.00630552 0.0774144 0.0313219 28
-0.00565 0.0655706 0.0334795 28
-0.00495404 0.0696019 0.0351693 28
-0.00426528 0.0688868 0.0364433 28
-0.00361009 0.0655314 0.0373729 28
-0.00299456 0.0615644 0.0380672 28
-0.00242333 0.0571352 0.038648 28
-0.00190095 0.052251 0.0392454 28
-0.00130358 0.0598157 0.0399596 28
-0.000830863 0.0472776 0.040711 28
-0.00040494 0.0425977 0.0417246 28
-2.90461e-05 0.0375939 0.0429951 28
0.000296168 0.0325252 0.0444743 28
0.000570128 0.0273991 0.0457749 28
0.000792438 0.0222333 0.0470303 28
0.000962828 0.0170406 0.0480798 28
0.00108112 0.0118303 0.0488191 28
0.00114721 0.00660923 0.0492541 28
0.00116103 0.00138126 0.04918 28
0.00112251 -0.00385196 0.0485693 28
0.00103162 -0.00909073 0.0474205 28
0.000888268 -0.0143368 0.0457593 28
0.000692357 -0.0195929 0.0436379 28
0.00044375 -0.0248626 0.0411317 28
0.000142269 -0.0301499 0.0383347 28
-0.000212304 -0.035459 0.0353536 28
-0.000620235 -0.0407946 0.0323008 28
-0.00108184 -0.0461612 0.0292872 28
-0.00159746 -0.0515632 0.026415 28
-0.0021675 -0.0570043 0.0237713 28
-0.00279238 -0.0624868 0.0214236 28
-0.00347249 -0.0680102 0.019416 28
-0.00418463 -0.0712086 0.0176863 28
-0.00494263 -0.0757992 0.0162803 28
-0.00576022 -0.0817592 0.0152932 28
-0.00662548 -0.0865254 0.0146378 28
-0.00752115 -0.0895672 0.0141916 28
-0.00843973 -0.0918585 0.0139374 28
-0.00935898 -0.0919252 0.0137349 28
-0.0102844 -0.0925467 0.0137066 28
-0.0112121 -0.0927646 0.0140193 28
-0.012138 -0.0925898 0.0145064 28
-0.0130565 -0.0918478 0.0151592 28
-0.013963 -0.0906494 0.0159617 28
-0.0148535 -0.0890584 0.0168818 28
-0.015725 -0.0871436 0.0178731 28
-0.0165743 -0.0849291 0.0188769 28
-0.017398 -0.0823788 0.0198258 28
-0.0181933 -0.0795281 0.02065 28
-0.018958 -0.0764618 0.0212843 28
-0.0196896 -0.0731617 0.0216644 28
-0.0204984 -0.0808859 0.0218789 28
-0.0211942 -0.069579 0.0216122 28
-0.0218357 -0.0641542 0.0210287 28
-0.0224354 -0.059973 0.0201259 28
-0.0229923 -0.0556871 0.018916 28
-0.0235053 -0.0513042 0.0174242 28
-0.0239737 -0.0468337 0.0156869 28
-0.0243968 -0.0423093 0.0137489 28
-0.0247744 -0.0377688 0.0116608 28
-0.0251069 -0.0332477 0.00947493 28
-0.0253945 -0.0287567 0.00724288 28
-0.0256369 -0.0242427 0.00501214 28
-0.0258339 -0.0197062 0.0029109 28
-0.0259858 -0.0151879 0.00090177 28
-0.0260931 -0.0107299 -0.00113538 28
-0.0261568 -0.00636691 -0.00315494 28
-0.0261777 -0.00209703 -0.00508827 28
-0.0261561 0.00216223 -0.00695318 28
-0.026092 0.00641105 -0.00862571 28
-0.0259858 0.0106182 -0.0102057 28
-0.025838 0.0147779 -0.0116693 28
-0.0256486 0.0189454 -0.0130021 28
-0.0254174 0.0231197 -0.0141806 28
-0.0251446 0.0272818 -0.0151947 28
-0.0248304 0.0314189 -0.0160406 28
-0.0244752 0.0355307 -0.0167213 28
-0.0240788 0.0396347 -0.0172458 28
-0.0236416 0.0437267 -0.0176283 28
-0.0231635 0.0478192 -0.0178887 28
-0.022644 0.0519517 -0.0180531 28
-0.0220823 0.0561773 -0.0181433 28
-0.021502 0.058038 -0.0183227 28
-0.0209192 0.0582863 -0.0180226 28
-0.0203002 0.0619044 -0.0176476 28
-0.0196544 0.0645745 -0.0171019 28
-0.018965 0.0689407 -0.016437 28
-0.0182419 0.0723063 -0.0154633 28
-0.0174879 0.0754047 -0.014118 28
-0.016709 0.077892 -0.0123426 28
-0.0159083 0.0800684 -0.0101451 28
-0.0150883 0.0819974 -0.00756794 28
-0.0142513 0.0837022 -0.00468531 28
-0.0133997 0.0851597 -0.00159388 28
-0.012536 0.0863689 0.00159125 28
-0.0116643 0.0871726 0.00475812 28
-0.010786 0.0878329 0.00776958 28
-0.0098276 0.0958379 0.0105113 28
-0.00893066 0.0896944 0.0128686 28
-0.00803796 0.0892698 0.0147976 28
-0.00715332 0.0884638 0.0162329 28
-0.00638572 0.0767608 0.0170699 28
-0.00558947 0.0796257 0.0176397 28
-0.00478548 0.0803993 0.017616 28
-0.00401042 0.0775065 0.0172569 28
-0.00327347 0.0736948 0.0166783 28
-0.00257517 0.0698293 0.0159718 28
-0.00191811 0.0657059 0.0152643 28
-0.00130484 0.0613271 0.0146805 28
-0.000737126 0.0567709 0.0143285 28
-0.000216314 0.0520808 0.0142948 28
0.00025654 0.047285 0.0146386 28
0.000680629 0.0424086 0.0153882 28
0.00105536 0.0374727 0.0165389 28
0.0013803 0.0324938 0.017757 28
0.00165515 0.0274846 0.0192299 28
0.0018797 0.0224547 0.0208539 28
0.0020538 0.0174107 0.0227012 28
0.00217737 0.0123565 0.024614 28
0.0022503 0.00729352 0.0265492 28
0.00227251 0.00222144 0.0284434 28
0.0022439 -0.00286143 0.030269 28
0.00216432 -0.00795785 0.0320035 28
0.0020336 -0.0130714 0.0336295 28
0.00185153 -0.0182062 0.0351314 28
0.00161786 -0.0233665 0.0364986 28
0.00133229 -0.0285572 0.0377124 28
0.000994454 -0.033783 0.038784 28
0.000603963 -0.0390488 0.0397164 28
0.000160368 -0.0443591 0.0405348 28
-0.000336808 -0.0497173 0.0412195 28
-0.000888064 -0.0551253 0.0418025 28
-0.00145867 -0.0570575 0.0422182 28
-0.00207599 -0.0617325 0.0422853 28
-0.00274712 -0.0671122 0.0424351 28
-0.00347849 -0.0731372 0.0425721 28
-0.00424581 -0.0767324 0.0425087 28
-0.00502575 -0.0779939 0.0421794 28
-0.00581926 -0.0793514 0.0416965 28
-0.00662597 -0.0806714 0.0411171 28
-0.00744382 -0.0817851 0.0404782 28
-0.00826837 -0.0824563 0.0397935 28
-0.00909499 -0.0826624 0.0390752 28
-0.00991968 -0.0824699 0.0383342 28
-0.0107392 -0.081952 0.0375781 28
-0.0115506 -0.0811381 0.0368069 28
-0.0123508 -0.0800268 0.0360141 28
-0.0131365 -0.078567 0.0351873 28
-0.0139045 -0.0767984 0.0343115 28
-0.0146521 -0.0747603 0.0333688 28
-0.0153771 -0.0725003 0.0323407 28
-0.0161907 -0.0813596 0.0312575 28
-0.0169089 -0.0718263 0.030073 28
-0.0175719 -0.0663014 0.0286827 28
-0.0181999 -0.0628034 0.0271872 28
-0.0187913 -0.0591385 0.0255772 28
-0.0193446 -0.0553268 0.0238451 28
-0.0198584 -0.0513859 0.0219867 28
-0.0203319 -0.0473504 0.0200022 28
-0.0207645 -0.0432575 0.0178962 28
-0.0211559 -0.0391431 0.0156784 28
-0.0215061 -0.0350136 0.0133634 28
-0.0218141 -0.0308056 0.0109706 28
-0.0220795 -0.0265375 0.00869469 28
-0.022302 -0.0222565 0.00642291 28
-0.0224821 -0.0180047 0.00409737 28
-0.0226202 -0.0138163 0.00162597 28
-0.0227171 -0.00969007 -0.000815853 28
-0.0227726 -0.00554389 -0.00310002 28
-0.0227864 -0.00138033 -0.00528141 28
-0.0227587 0.00276759 -0.00735682 28
-0.0226898 0.00689415 -0.00930403 28
-0.0225792 0.0110565 -0.011085 28
-0.0224267 0.0152538 -0.012671 28
-0.0222321 0.0194671 -0.0140448 28
-0.0219953 0.0236816 -0.0152006 28
-0.0217164 0.0278934 -0.0161411 28
-0.0213953 0.0321174 -0.0168772 28
-0.0210317 0.0363617 -0.0174271 28
-0.0206252 0.0406546 -0.0178166 28
-0.0201749 0.0450379 -0.0180753 28
-0.0196793 0.0495694 -0.0182345 28
-0.0192653 0.0414239 -0.0180733 28
-0.0187699 0.0495436 -0.0178105 28
-0.0182352 0.0534678 -0.0172652 28
-0.0176713 0.0563894 -0.0164496 28
-0.0170705 0.0600814 -0.0153258 28
-0.0164278 0.0642653 -0.0138356 28
-0.015751 0.0676879 -0.0118612 28
-0.0150468 0.0704139 -0.00936491 28
-0.0143219 0.0724938 -0.00636076 28
-0.0135766 0.0745322 -0.00295131 28
-0.0128127 0.0763897 0.000747202 28
-0.012032 0.0780697 0.00459171 28
-0.0112379 0.0794058 0.00843627 28
-0.0104324 0.0805475 0.0121155 28
-0.00961876 0.0813674 0.0154799 28
-0.00880088 0.0817878 0.0183948 28
-0.00798226 0.0818624 0.0207484 28
-0.00716777 0.0814491 0.0224794 28
-0.00635995 0.0807826 0.0235489 28
-0.00567723 0.068272 0.0238287 28
-0.00495622 0.0721026 0.0237325 28
-0.0042269 0.072934 0.0229836 28
-0.003523 0.0703912 0.0218299 28
-0.0028571 0.0665912 0.0204522 28
-0.00223001 0.0627105 0.0189694 28
-0.00164325 0.058677 0.0175263 28
-0.00109936 0.0543898 0.0162709 28
-0.000597794 0.0501566 0.0153083 28
-0.000139337 0.0458458 0.014729 28
0.000274864 0.0414196 0.014589 28
0.000636578 0.03617 0.0149575 28
0.000948238 0.0311643 0.0154696 28
0.00121049 0.0262242 0.0163132 28
0.00142274 0.0212245 0.0173921 28
0.00158541 0.0162674 0.0186288 28
0.00169807 0.0112654 0.0200272 28
0.00176043 0.00623615 0.0215787 28
0.00177236 0.00119323 0.0231957 28
0.0017337 -0.00386582 0.0248329 28
0.00164426 -0.0089439 0.026451 28
0.00150925 -0.013501 0.0280147 28
0.0013194 -0.0189839 0.029585 28
0.00107708 -0.0242324 0.0311119 28
0.0007834 -0.0293674 0.0325598 28
0.00043772 -0.0345677 0.0339226 28
3.94939e-05 -0.0398224 0.0351846 28
-0.000411682 -0.0451173 0.0363355 28
-0.000916249 -0.0504565 0.0373736 28
-0.00147467 -0.0558419 0.0382865 28
-0.00208737 -0.0612701 0.0390846 28
-0.00275543 -0.0668052 0.0398685 28
-0.00347337 -0.0717942 0.0403744 28
-0.00423446 -0.0761096 0.0409089 28
-0.00503247 -0.079802 0.0413452 28
-0.00586002 -0.0827542 0.0416566 28
-0.0067126 -0.0852582 0.0418977 28
-0.00758508 -0.0872488 0.0420893 28
-0.00847272 -0.0887637 0.0422423 28
-0.00937132 -0.0898608 0.0423928 28
-0.010277 -0.0905678 0.0425621 28
-0.0111856 -0.0908619 0.0427674 28
-0.0120934 -0.0907754 0.042967 28
-0.012997 -0.0903628 0.0432126 28
-0.0138937 -0.0896734 0.043523 28
-0.014781 -0.0887297 0.0439026 28
-0.0156559 -0.0874919 0.0443582 28
-0.0165158 -0.0859873 0.0448978 28
-0.0173585 -0.0842712 0.0455294 28
-0.0181825 -0.0824039 0.0462633 28
-0.0190989 -0.0916475 0.0471257 28
-0.0199173 -0.0817626 0.048102 28
-0.0206135 -0.0696107 0.048758 28
-0.0212826 -0.0668924 0.0493984 28
-0.0219079 -0.0625308 0.0499055 28
-0.0224866 -0.0578614 0.050105 28
-0.0230172 -0.0530582 0.0497933 28
-0.0234985 -0.048124 0.0487667 28
-0.0239294 -0.0430885 0.0468366 28
-0.0243329 -0.0403488 0.0440322 28
-0.0246948 -0.0361873 0.0401202 28
-0.025011 -0.0316171 0.0350831 28
-0.0252811 -0.0270123 0.02905 28
-0.0255052 -0.0224074 0.0220725 28
-0.0256836 -0.0178409 0.0144228 28
-0.0258171 -0.0133508 0.00637774 28
-0.0259065 -0.00894017 -0.00176316 28
-0.0259518 -0.00453375 -0.00969513 28
-0.0259531 -0.000128339 -0.0171106 28
-0.0259106 0.00424463 -0.0237322 28
-0.0258249 0.00857553 -0.0293323 28
-0.0256957 0.0129141 -0.0337479 28
-0.0255232 0.0172571 -0.0368897 28
-0.0253074 0.0215818 -0.0387475 28
-0.0250486 0.0258732 -0.0393881 28
-0.0247473 0.0301318 -0.0389475 28
-0.0244035 0.0343834 -0.0376179 28
-0.0240173 0.038621 -0.0356314 28
-0.023589 0.0428377 -0.03324 28
-0.0231184 0.0470615 -0.0306967 28
-0.0226049 0.0513484 -0.0282359 28
-0.0221676 0.0437336 -0.0257874 28
-0.0216459 0.0521727 -0.0236998 28
-0.0210679 0.0577968 -0.0216499 28
-0.0204548 0.0613132 -0.0198342 28
-0.0197945 0.0660306 -0.0182559 28
-0.0191078 0.0686706 -0.0166386 28
-0.0183935 0.0714293 -0.0149526 28
-0.0176538 0.0739677 -0.0131352 28
-0.0168889 0.0764971 -0.0111707 28
-0.0161011 0.0787782 -0.0092395 28
-0.0152929 0.0808196 -0.00723338 28
-0.014467 0.082592 -0.0051963 28
-0.0136258 0.0841181 -0.00320157 28
-0.012772 0.0853757 -0.00131776 28
-0.0119087 0.086329 0.000395114 28
-0.0110401 0.0868586 0.00189078 28
-0.0101703 0.0869858 0.00313788 28
-0.00930254 0.0867747 0.0041241 28
-0.00843986 0.0862678 0.00485275 28
-0.00769589 0.074398 0.00525943 28
-0.00686323 0.0832584 0.00545269 28
-0.00609238 0.0770851 0.00563217 28
-0.00533286 0.0759522 0.0056377 28
-0.00460471 0.0728155 0.00558085 28
-0.00391667 0.0688035 0.00555861 28
-0.0032705 0.0646164 0.00562565 28
-0.00266858 0.0601924 0.00584588 28
-0.00211254 0.0556032 0.00627051 28
-0.00160381 0.0508727 0.00693927 28
-0.00114354 0.0460268 0.00787624 28
-0.000732599 0.0410939 0.00908804 28
-0.000371639 0.0360957 0.0102792 28
-6.11468e-05 0.0310489 0.0116742 28
0.000198523 0.0259667 0.0133847 28
0.000407114 0.020859 0.0152131 28
0.000564441 0.0157327 0.0172653 28
0.00067036 0.0105919 0.0193518 28
0.000724744 0.00543854 0.021499 28
0.000727469 0.000272663 0.0236694 28
0.000678391 -0.00490749 0.0258416 28
0.000577346 -0.0101042 0.0279698 28
0.000424135 -0.0153208 0.0300142 28
0.000218518 -0.0205613 0.0319365 28
-3.97876e-05 -0.0258301 0.0337074 28
-0.000351108 -0.0311316 0.0353033 28
-0.000715815 -0.0364703 0.0367088 28
-0.00113433 -0.0418506 0.0379166 28
-0.00160709 -0.0472759 0.0389299 28
-0.00213458 -0.0527485 0.0397598 28
-0.00271726 -0.0582681 0.0404284 28
-0.00332445 -0.0607165 0.0408814 28
-0.0039779 -0.0653459 0.0411951 28
-0.00469732 -0.0719424 0.0413791 28
-0.00546832 -0.0770996 0.0415337 28
-0.00626411 -0.0795789 0.0414728 28
-0.00707629 -0.0812182 0.0412049 28
-0.00790374 -0.0827455 0.0408122 28
-0.00874431 -0.0840568 0.0403336 28
-0.00959402 -0.0849715 0.0397873 28
-0.0104484 -0.0854337 0.0391825 28
-0.0113025 -0.0854181 0.0385253 28
-0.0121524 -0.0849895 0.0378209 28
-0.0129945 -0.0842065 0.0370706 28
-0.0138256 -0.0831113 0.0362706 28
-0.0146427 -0.0817118 0.0354125 28
-0.0154422 -0.0799504 0.0344842 28
-0.0162209 -0.07787 0.0334729 28
-0.0169761 -0.075517 0.0323647 28
-0.0177055 -0.0729454 0.0311468 28
-0.0185202 -0.0814613 0.0298386 28
-0.0192249 -0.0704711 0.0283298 28
-0.0198834 -0.0658521 0.0266926 28
-0.0205038 -0.0620444 0.0249183 28
-0.0210855 -0.0581696 0.0230003 28
-0.0216271 -0.0541623 0.0209369 28
-0.0221275 -0.0500371 0.0187325 28
-0.0225858 -0.0458291 0.0163976 28
-0.0230015 -0.0415757 0.013949 28
-0.0233747 -0.0373129 0.0114097 28
-0.0237051 -0.0330467 0.00880804 28
-0.0239922 -0.0287123 0.00617655 28
-0.0242355 -0.0243282 0.00371932 28
-0.0244349 -0.0199422 0.00133451 28
-0.0245909 -0.0155972 -0.00113692 28
-0.0247042 -0.011328 -0.00358515 28
-0.0247755 -0.00713339 -0.00585073 28
-0.0248048 -0.00293124 -0.00792869 28
-0.024792 0.00127622 -0.00984128 28
-0.0247375 0.00545631 -0.0115858 28
-0.0246414 0.00960322 -0.0131449 28
-0.0245037 0.0137732 -0.0145034 28
-0.0243241 0.017965 -0.0156545 28
-0.0241025 0.0221605 -0.0166019 28
-0.0238391 0.0263457 -0.0173573 28
-0.0235339 0.0305182 -0.0179382 28
-0.023187 0.0346921 -0.0183666 28
-0.0227985 0.0388641 -0.0186675 28
-0.0223679 0.0430572 -0.0188688 28
-0.0218949 0.0473077 -0.0189972 28
-0.0213784 0.0516598 -0.0190779 28
-0.0209357 0.0442861 -0.0188627 28
-0.020414 0.0521718 -0.018488 28
-0.0198564 0.0557582 -0.0179417 28
-0.0192539 0.0602525 -0.0172646 28
-0.0186203 0.0633638 -0.0162312 28
-0.01796 0.0660274 -0.0147643 28
-0.0172752 0.0684745 -0.012817 28
-0.0165683 0.070696 -0.0103662 28
-0.0158415 0.0726803 -0.00741627 28
-0.0150973 0.0744191 -0.00399961 28
-0.0143382 0.0759056 -0.000176084 28
-0.0135669 0.0771296 0.00397064 28
-0.0127861 0.0780827 0.0083384 28
-0.0119985 0.0787604 0.0128134 28
-0.0112073 0.0791299 0.0172783 28
-0.0104165 0.0790821 0.0216202 28
-0.00963037 0.0786109 0.0257396 28
-0.00885295 0.0777459 0.0295574 28
-0.00808792 0.076507 0.0330216 28
-0.00745361 0.0634471 0.03611 28
-0.00672687 0.0727663 0.0388127 28
-0.00603144 0.0695533 0.0409941 28
-0.00535951 0.067203 0.0428401 28
-0.00472223 0.0637377 0.0443694 28
-0.00412426 0.0598053 0.0456011 28
-0.00356871 0.0555629 0.0465508 28
-0.00305803 0.0510735 0.0472283 28
-0.00259419 0.0463896 0.047636 28
-0.0021787 0.0415533 0.047769 28
-0.00181275 0.036599 0.0476164 28
-0.00149723 0.0315547 0.0471633 28
-0.00123282 0.026443 0.0460937 28
-0.00102002 0.021282 0.0446459 28
-0.000859172 0.0160862 0.0427914 28
-0.000750518 0.0108661 0.0406898 28
-0.000694225 0.0056296 0.0382647 28
-0.000690411 0.000381276 0.035592 28
-0.000739171 -0.00487649 0.0327692 28
-0.000840598 -0.0101434 0.0298978 28
-0.000994795 -0.0154206 0.0270777 28
-0.00120189 -0.0207106 0.0244002 28
-0.00146205 -0.0260165 0.0219427 28
-0.00177546 -0.0313418 0.0197645 28
-0.00214237 -0.0366909 0.0179035 28
-0.00256305 -0.0420681 0.0163756 28
-0.00303784 -0.0474777 0.0151745 28
-0.00356709 -0.0529238 0.0142743 28
-0.00415121 -0.0584096 0.0136327 28
-0.00479981 -0.0648587 0.0132694 28
-0.00550845 -0.0708621 0.0130807 28
-0.00624307 -0.0734547 0.0128439 28
-0.00702245 -0.0779383 0.0126827 28
-0.00787577 -0.0853324 0.0129765 28
-0.0087697 -0.0893924 0.0133195 28
-0.00969348 -0.092378 0.0137579 28
-0.0106267 -0.0933213 0.0142355 28
-0.0115664 -0.0939734 0.014851 28
-0.0125105 -0.0944092 0.0156534 28
-0.0134556 -0.0945067 0.0166533 28
-0.0143965 -0.0940933 0.0178254 28
-0.0153279 -0.093138 0.0191282 28
-0.0162449 -0.0916956 0.0205056 28
-0.0171436 -0.0898736 0.0218916 28
-0.0180202 -0.0876576 0.023208 28
-0.018872 -0.0851797 0.0243748 28
-0.0196957 -0.0823748 0.0253113 28
-0.0204886 -0.0792862 0.0259443 28
-0.0212483 -0.0759713 0.0262131 28
-0.021973 -0.0724727 0.0260731 28
-0.0227793 -0.0806335 0.0256724 28
-0.0234694 -0.0690065 0.0246758 28
-0.0241022 -0.0632815 0.0233145 28
-0.0246922 -0.0589965 0.0216278 28
-0.0252389 -0.054679 0.0196686 28
-0.0257418 -0.0502903 0.0174981 28
-0.0262002 -0.0458369 0.0151818 28
-0.0266136 -0.0413354 0.0127844 28
-0.0269817 -0.0368096 0.0103666 28
-0.0273046 -0.0322932 0.0079807 28
-0.0275826 -0.0278041 0.0055944 28
-0.0278157 -0.0233103 0.00328486 28
-0.0280038 -0.0188094 0.0012497 28
-0.028147 -0.0143189 -0.000649914 28
-0.0282458 -0.00987604 -0.00267386 28
-0.0283009 -0.00551822 -0.00459893 28
-0.0283134 -0.00124724 -0.00646028 28
-0.0282833 0.00301432 -0.00816816 28
-0.0282106 0.00726873 -0.00977686 28
-0.0280957 0.0114848 -0.0112994 28
-0.0279392 0.0156545 -0.0127267 28
-0.0277409 0.0198299 -0.0140344 28
-0.0275008 0.0240087 -0.0152023 28
-0.0272191 0.0281697 -0.0162162 28
-0.0268961 0.0322997 -0.0170711 28
-0.0265322 0.0363991 -0.0177648 28
-0.0261273 0.0404896 -0.0183047 28
-0.0256817 0.044562 -0.018702 28
-0.0251956 0.0486095 -0.0189741 28
-0.024669 0.0526648 -0.0191422 28
-0.0241013 0.0567761 -0.0192299 28
-0.0235134 0.0588036 -0.0194345 28
-0.0229187 0.0594703 -0.01916 28
-0.0222893 0.0629416 -0.0188129 28
-0.0216329 0.0656425 -0.0183109 28
-0.0209282 0.0704666 -0.017744 28
-0.0201865 0.0741736 -0.0169184 28
-0.0194179 0.0768578 -0.015732 28
-0.018626 0.0791894 -0.0141721 28
-0.0178121 0.0813922 -0.0122642 28
-0.0169779 0.0834192 -0.0100523 28
-0.0161259 0.0852024 -0.0075985 28
-0.0152586 0.0867276 -0.00498352 28
-0.0143787 0.0879922 -0.0023023 28
-0.0134887 0.0889931 0.000344042 28
-0.0125917 0.0897013 0.00285569 28
-0.0116917 0.0899967 0.00514194 28
-0.0107928 0.0898917 0.00712623 28
-0.00989864 0.0894177 0.00875417 28
-0.00901245 0.0886184 0.00999635 28
-0.00824821 0.0764263 0.0107474 28
-0.00739498 0.0853145 0.0111066 28
-0.00660571 0.0789269 0.0112824 28
-0.00582831 0.0777394 0.0110962 28
-0.00508306 0.0745254 0.0106904 28
-0.00437911 0.0703945 0.0101957 28
-0.00371772 0.0661382 0.00969974 28
-0.00310058 0.0617138 0.00930352 28
-0.00252961 0.0570965 0.00910403 28
-0.00200624 0.0523366 0.00918056 28
-0.00153151 0.0474724 0.00959045 28
-0.00110623 0.0425278 0.0103661 28
-0.000730996 0.0375227 0.0115126 28
-0.000406257 0.0324734 0.0127368 28
-0.000132325 0.0273929 0.0142163 28
9.05844e-05 0.0222907 0.0158734 28
0.00026232 0.0171735 0.0178262 28
0.000382773 0.0120453 0.0199138 28
0.00045185 0.00690784 0.0220424 28
0.000469457 0.00176091 0.0241768 28
0.000435482 -0.00339718 0.0262905 28
0.000349782 -0.00856953 0.0283498 28
0.000212184 -0.0137592 0.0303177 28
2.24729e-05 -0.0189706 0.0321607 28
-0.000219615 -0.0242082 0.0338518 28
-0.000514389 -0.0294767 0.0353706 28
-0.000862205 -0.034781 0.0367046 28
-0.00126347 -0.0401255 0.0378488 28
-0.00171862 -0.0455144 0.0388078 28
-0.00222813 -0.0509506 0.0395926 28
-0.00279249 -0.0564354 0.0402211 28
-0.00337952 -0.0586996 0.0406505 28
-0.00401293 -0.0633432 0.040949 28
-0.00471728 -0.0704358 0.0411603 28
-0.00546877 -0.0751493 0.0413136 28
-0.00624224 -0.0773475 0.0412474 28
-0.00703492 -0.0792673 0.0410075 28
-0.00784414 -0.0809223 0.0406544 28
-0.00866767 -0.0823528 0.0402273 28
-0.00950102 -0.0833352 0.0397333 28
-0.0103399 -0.0838885 0.0391808 28
-0.0111797 -0.0839775 0.0385745 28
-0.0120164 -0.0836681 0.0379182 28
-0.0128464 -0.0830063 0.0372112 28
-0.0136668 -0.082035 0.0364486 28
-0.0144744 -0.0807613 0.0356211 28
-0.0152657 -0.0791318 0.0347168 28
-0.0160376 -0.0771883 0.0337231 28
-0.0167873 -0.0749727 0.0326268 28
-0.0175127 -0.0725363 0.0314165 28
-0.0183277 -0.0815085 0.0301101 28
-0.0190303 -0.0702576 0.0286011 28
-0.0196877 -0.0657424 0.0269627 28
-0.0203084 -0.062071 0.0251859 28
-0.0208913 -0.0582908 0.0232644 28
-0.021435 -0.0543715 0.0211965 28
-0.0219383 -0.050329 0.0189855 28
-0.0224003 -0.046199 0.0166412 28
-0.0228205 -0.0420188 0.0141794 28
-0.0231987 -0.037824 0.0116221 28
-0.0235349 -0.0336205 0.00899663 28
-0.0238283 -0.029344 0.0063348 28
-0.0240785 -0.0250131 0.00384095 28
-0.0242852 -0.0206753 0.00141269 28
-0.0244489 -0.0163735 -0.00115902 28
-0.0245704 -0.0121427 -0.00366413 28
-0.0246502 -0.00798238 -0.00597137 28
-0.0246883 -0.00381036 -0.00811424 28
-0.0246846 0.000370932 -0.0100903 28
