 -0.00184964 -0.000885487  -9.1106e-06            0
 -0.00189869  -0.00365674  0.000280977 -0.000848169
-0.00199072 -0.00708098  0.00020236 -0.00306832
 -0.00217125   -0.0120496 -3.41659e-06   -0.0105137
 -0.00254116   -0.0206117 -0.000307626   -0.0391838
-0.00297125  -0.0271428 -0.00074571  -0.0809318
-0.00341084  -0.0315322 -0.00123507   -0.128877
-0.00382881   -0.034135 -0.00197131   -0.171206
-0.00421587  -0.0354195  -0.0029519   -0.197216
-0.00457339  -0.0357654 -0.00417361   -0.199979
-0.00455781  -0.0301248 -0.00561407    0.149822
-0.00366777  -0.0124287 -0.00720538     1.51491
-0.000853364    0.0300533  -0.00877953      5.50495
0.00286472  0.0805451 -0.0103601    10.8502
0.00719769   0.135026 -0.0118258    17.0461
 0.0119249   0.190743 -0.0130178    23.5559
 0.0165354   0.241046 -0.0137622    29.1577
0.0207921  0.283119 -0.013846   33.1957
 0.0245369   0.315104 -0.0132453    35.2711
 0.0276439   0.335628 -0.0117907    35.1696
  0.0300502    0.344245 -0.00939619     32.9367
  0.0317953    0.342018 -0.00596652     28.9419
   0.032776    0.328054 -0.00165654     23.2426
 0.0333023   0.307268 0.00353712    16.9007
  0.033691   0.284366 0.00949537    10.8446
0.0338663  0.258496 0.0160591   4.97199
0.0337801  0.229306 0.0231374 -0.741867
0.0334365  0.197131 0.0303986  -6.20839
0.0328778  0.162879 0.0376995  -11.2821
0.0321551   0.12751 0.0448709  -15.8364
0.0313073 0.0917662  0.051741  -19.8037
0.0303673 0.0562733   0.05818  -23.1514
0.0293601 0.0215366   0.06415   -25.879
 0.0283065 -0.0121061   0.069531   -28.0047
  0.027223 -0.0443454  0.0742944   -29.5594
  0.026123 -0.0749472  0.0784584   -30.5824
0.0250178 -0.103713 0.0821591   -31.117
0.0239166  -0.13059 0.0851633   -31.209
0.0228265 -0.155473 0.0876803  -30.9038
0.0217534 -0.178337 0.0898034  -30.2456
0.0207021   -0.1992 0.0916078  -29.2766
0.0196765 -0.218086 0.0932339  -28.0359
0.0186794 -0.235126 0.0945694  -26.5599
0.0177124  -0.25037 0.0955351  -24.8816
 0.016777 -0.263869 0.0963243  -23.0305
0.0158742 -0.275711 0.0969813  -21.0334
0.0150049 -0.285994 0.0975053  -18.9142
0.0141694 -0.294811  0.097905  -16.6939
 0.013368 -0.302249 0.0981997  -14.3913
0.0126007 -0.308397  0.098428  -12.0228
0.0118674 -0.313344 0.0985964  -9.60294
0.0112284 -0.316667 0.0983467  -7.08274
0.0106145 -0.318963 0.0984016  -4.54936
0.0100126  -0.32052 0.0985151   -2.0241
0.0094253 -0.321395 0.0986122  0.490185
0.0088533 -0.321638 0.0987021   2.98997
0.00829628  -0.321366  0.0985939    5.47129
0.00775336  -0.320521  0.0986726    7.93066
0.00722466  -0.319198  0.0987855    10.3651
0.00671023  -0.317449  0.0989079    12.7725
0.00621059  -0.315308  0.0990266    15.1517
0.00572685  -0.312837  0.0990229    17.5023
0.00526084  -0.309977  0.0991282    19.8249
0.00481567   -0.30676  0.0992547    22.1206
0.00439487  -0.303188    0.09938     24.391
0.00400245  -0.299251  0.0995007    26.6382
0.00364286  -0.294935  0.0996142    28.8641
0.00332043  -0.290265  0.0995854    31.0707
0.00304112  -0.285129  0.0996725    33.2611
0.00282658  -0.279358  0.0994852    35.4505
0.00267689   -0.27292  0.0991545    37.6346
0.00259321  -0.265847  0.0984518    39.8098
0.00257769  -0.257995  0.0975731    41.9733
0.00263381  -0.249311  0.0962479    44.1225
0.00276513  -0.239677  0.0943016    46.2541
0.00297538  -0.228932  0.0915929    48.3642
0.00326837  -0.216945  0.0878194    50.4478
0.00364785  -0.203403  0.0832795    52.4984
0.00411826  -0.188154  0.0777901    54.5076
0.0046829 -0.171027 0.0713385   56.4652
0.00534399  -0.151884  0.0639866    58.3584
0.0061022 -0.130639 0.0558518   60.1725
0.00694553  -0.107434  0.0468981    61.8819
0.00787203 -0.0821895  0.0377264      63.47
0.00888517 -0.0550161   0.028405     64.924
0.00998381 -0.0260897  0.0191341    66.2284
  0.011165 0.00429018 0.00994432    67.3677
 0.0124245  0.0359382 0.00143668    68.3275
  0.0137575    0.068454 -0.00636547     69.0946
 0.0151576   0.101446 -0.0133256    69.6575
 0.0166169     0.1345 -0.0193701    70.0066
 0.0181262   0.167166 -0.0245815    70.1347
 0.0196756    0.19913 -0.0287063    70.0374
 0.0212552   0.229995 -0.0319213    69.7127
 0.0228546   0.259446 -0.0343356    69.1612
0.0244637  0.287235 -0.036054   68.3864
 0.0260728   0.313194 -0.0371491    67.3938
 0.0276731   0.337152 -0.0379311    66.1911
 0.0292565   0.359067 -0.0384922    64.7876
  0.030812   0.378904 -0.0389362     63.191
 0.0323416   0.396753 -0.0389875    61.4191
 0.0337545   0.411985 -0.0383128    59.4161
 0.0350665   0.424193 -0.0392415    57.2158
 0.0363314   0.434825 -0.0390529    54.8837
 0.0375459   0.443877 -0.0378104    52.4289
 0.0387049   0.450864 -0.0371183    49.8601
 0.0397983   0.455961 -0.0363008    47.1858
 0.0408198   0.459188 -0.0352055    44.4159
0.0417633  0.460537 -0.033746   41.5602
 0.0426242   0.459979 -0.0319136    38.6297
 0.0433995    0.45751 -0.0296935    35.6371
0.0440885  0.453146 -0.027097   32.5966
0.0446926  0.446931 -0.024158   29.5242
 0.0452154   0.438941 -0.0209307    26.4373
 0.0456629   0.429289 -0.0174867    23.3541
 0.0460428   0.418126 -0.0139109    20.2938
  0.046365   0.405639 -0.0102966    17.2759
  0.0466409    0.392049 -0.00673978     14.3196
  0.0468832    0.377606 -0.00333349     11.4434
   0.0471059     0.362583 -0.000161645      8.66494
 0.0473234   0.347267 0.00271006    6.00001
 0.0475509   0.331946 0.00521658    3.46262
 0.0477878   0.316749 0.00765997    1.05239
 0.0480493   0.301856 0.00976273   -1.21964
0.0483484  0.287527 0.0117713  -3.34586
0.0486963  0.273883  0.013739  -5.32184
0.0491018  0.260885 0.0154717  -7.14581
0.0495712  0.248819 0.0181615  -8.81823
0.0501098  0.237365 0.0212363  -10.3422
0.0507171  0.226383  0.024989  -11.7227
0.0513897  0.215621 0.0295065  -12.9662
0.0521202   0.20472 0.0345383  -14.0798
0.0528419  0.193171 0.0413336   -15.115
0.0535747   0.18053 0.0484117   -16.051
0.0543135  0.166966 0.0568381  -16.8834
0.0550511  0.152105 0.0658909  -17.6106
0.0557792  0.135775 0.0752883  -18.2288
0.0564903  0.118018 0.0852248  -18.7327
 0.057179 0.0988083 0.0954315  -19.1151
0.0578412 0.0782051  0.105678  -19.3681
0.0584765  0.056371  0.115705  -19.4812
0.0590836 0.0334879  0.125285  -19.4455
 0.0596626 0.00986082   0.134448   -19.2531
 0.0602153 -0.0142511   0.142957   -18.8967
 0.0607448 -0.0385344   0.150687     -18.37
 0.0612552 -0.0626589   0.157552   -17.6686
 0.0617514 -0.0862761   0.163563   -16.7899
0.0622392 -0.109089  0.168635  -15.7333
0.0627244 -0.130796  0.172816  -14.5006
 0.063213 -0.151139  0.176159  -13.0957
0.0637107   -0.1699  0.178747  -11.5247
0.0642855 -0.186198  0.181144  -9.74718
0.0648798 -0.200594  0.183234  -7.82756
 0.065485 -0.213581  0.183244  -5.78658
0.0660954 -0.224615  0.183125  -3.63986
0.0667073 -0.233795  0.182845  -1.40569
0.0673146 -0.241267  0.182349  0.896688
0.0679103 -0.247175  0.181689   3.24839
0.0684874 -0.251675  0.180948   5.63172
0.0690395 -0.254932  0.180211   8.03081
0.0695616  -0.25712  0.179561   10.4319
0.0700635 -0.258262  0.178788   12.8343
0.0705431 -0.258408  0.178263   15.2281
0.0710003 -0.257761  0.177552   17.6055
0.0714389 -0.256318  0.176719   19.9633
0.0718659 -0.254039  0.175695   22.3007
0.0722819 -0.250942  0.174252   24.6116
0.0726933 -0.246936  0.172174   26.8946
0.0731089 -0.241823  0.169429   29.1494
0.0735389 -0.235406  0.165886   31.3755
0.0739949  -0.22746  0.161465   33.5714
0.0744888 -0.217758  0.156209   35.7348
 0.075033 -0.206099  0.150117   37.8615
0.0756394  -0.19231  0.143278   39.9455
0.0763191 -0.176268  0.135832   41.9789
0.0770816  -0.15792  0.127956   43.9516
0.0779346  -0.13729  0.119852   45.8515
0.0788835 -0.114483  0.111735   47.6651
 0.0799306 -0.0896893   0.103818    49.3773
0.0810751 -0.063175 0.0963017   50.9718
 0.0823126 -0.0352768  0.0893594    52.4318
  0.0836351 -0.00638852   0.0831299     53.7403
0.0849788 0.0222934 0.0768866   54.8403
0.0863582 0.0510146 0.0719436   55.7444
0.0877771 0.0796111 0.0686728   56.4549
0.0892283  0.107478 0.0663024   56.9668
0.0907027  0.134103 0.0641214   57.2795
0.0921923  0.159566 0.0631712   57.3958
0.0936929  0.183552 0.0629268   57.3216
0.0952003  0.205898 0.0631935   57.0652
0.0967103  0.226518 0.0638514   56.6361
0.0982196  0.245226 0.0642847   56.0454
0.0997254  0.262332 0.0657734   55.3057
 0.101228  0.277671 0.0676213   54.4296
 0.102726  0.291248 0.0696642   53.4302
 0.104219  0.303108 0.0718361   52.3204
 0.105706  0.313278 0.0739754   51.1132
 0.107186  0.321932 0.0763721   49.8211
  0.10866  0.329115 0.0788475    48.456
 0.110126  0.334911 0.0813277   47.0293
 0.111585  0.339414 0.0837365   45.5514
  0.11296  0.342367 0.0871432   43.9717
 0.114319   0.34357 0.0883364   42.3569
 0.115655  0.344167 0.0907438   40.7145
 0.116964  0.343652 0.0924323   39.0467
0.118237 0.342206 0.093834  37.3541
 0.119462  0.339898 0.0950568   35.6367
 0.120634   0.33677 0.0961303   33.8945
 0.121743  0.332863 0.0970775   32.1286
0.122786 0.328219 0.097924  30.3412
 0.123759  0.322891 0.0986991   28.5357
 0.124662  0.316936 0.0994333   26.7174
0.125497  0.31042 0.100156  24.8925
0.126269 0.303423 0.100785  23.0685
0.126982 0.296046  0.10147   21.254
0.127645 0.288368 0.102222   19.458
0.128268 0.280481 0.102966    17.69
0.128859 0.272497 0.103721  15.9598
0.129417 0.264367 0.104763  14.2652
0.129952  0.25609  0.10575  12.6169
0.130476 0.247844 0.107066  11.0246
0.130999 0.239642 0.108698  9.49659
0.131532 0.231487 0.110751  8.04033
0.132084  0.22334 0.113358   6.6622
 0.13266 0.215119 0.116648  5.36761
0.133267 0.206698 0.120729  4.16117
0.133908 0.197915 0.125678  3.04682
0.134582 0.188589 0.131532  2.02801
0.135289 0.178527  0.13828  1.10787
0.136025 0.167541 0.145863 0.289308
 0.136786  0.155477  0.154174 -0.423933
0.137556 0.142127 0.163071 -1.03582
0.138282  0.12689 0.171798 -1.57725
0.138979 0.110164 0.180864 -2.02204
  0.13966 0.0923298  0.190215  -2.34946
0.140324 0.073463 0.199143 -2.55008
 0.140972 0.0536952    0.2069  -2.61587
0.141607 0.033619 0.213994 -2.53825
 0.142234 0.0135872  0.219969  -2.30997
    0.14286 -0.00595564    0.224594    -1.92556
  0.143495 -0.0245285   0.227778   -1.38217
 0.144148 -0.041761  0.229157  -0.67976
  0.144829 -0.0569923   0.229519   0.178842
  0.145549 -0.0699432   0.228631    1.18728
  0.14632 -0.080326  0.226603    2.3359
   0.14715 -0.0879328   0.223633    3.61176
  0.148047 -0.0926665   0.219903    4.99932
  0.149017 -0.0944521   0.215868    6.48083
  0.150064 -0.0934035    0.21167    8.03664
   0.15119 -0.0896805   0.207223    9.64596
  0.152395 -0.0834673   0.202883    11.2875
  0.153693 -0.0746244   0.199703    12.9529
  0.155058 -0.0641646   0.196383    14.6016
  0.156476 -0.0525017   0.192935    16.2101
   0.15793 -0.0398217   0.190247    17.7561
  0.159404 -0.0265845   0.188317    19.2187
  0.160879 -0.0132404   0.187148    20.5793
   0.162338 -0.00021352    0.186724     21.8229
 0.163764 0.0121163  0.187021   22.9388
 0.165141 0.0234217  0.187998   23.9205
 0.166457 0.0334364  0.189589   24.7662
 0.167702 0.0419602  0.191718   25.4785
 0.168869 0.0488615  0.194295   26.0636
 0.169956 0.0540596  0.197417   26.5314
 0.170959 0.0575139  0.200679   26.8941
 0.171882 0.0592811  0.204291    27.166
 0.172728 0.0594295  0.208056   27.3645
 0.173504 0.0580988  0.211885   27.5076
  0.17422 0.0554612  0.215714   27.6139
 0.174886 0.0517129  0.219474   27.7019
 0.175514 0.0470645  0.223116   27.7888
 0.176114 0.0417332  0.226581   27.8908
 0.176699 0.0359438  0.229828   28.0224
  0.17728 0.0299187  0.232823   28.1963
 0.177869 0.0238711  0.235542    28.423
 0.178475 0.0179992  0.237973   28.7107
 0.179108 0.0124809  0.240111   29.0652
  0.179775 0.00746831   0.241971    29.4897
  0.180483 0.00308278   0.243571    29.9851
    0.181235 -0.000587957     0.244937      30.5494
   0.182034 -0.00349169    0.246099     31.1785
   0.182878 -0.00561303    0.247093     31.8661
  0.183697 -0.0077717   0.247418    32.5509
    0.18452 -0.00949921    0.247536     33.2558
 0.185357 -0.010413  0.248498   33.9854
 0.186214 -0.010804  0.249372   34.7368
   0.18709 -0.0108455   0.249674    35.5068
  0.187986 -0.0102664   0.250442    36.2926
  0.188904 -0.0092136   0.251353    37.0915
  0.189847 -0.0077577   0.252366    37.9011
   0.190815 -0.00597017    0.253574     38.7183
   0.191807 -0.00409119    0.254445     39.5408
   0.192822 -0.00187235    0.256079     40.3674
   0.193864 0.000471622    0.258068     41.1966
  0.19493 0.0028186  0.260342   42.0269
  0.19602 0.0050624  0.262881   42.8569
  0.197149 0.00723086   0.265481    43.7007
  0.198324 0.00953474   0.268461    44.5626
 0.199534 0.0117356  0.271476   45.4341
 0.200776 0.0137582  0.274305   46.3133
 0.202047 0.0156795  0.276993   47.1993
 0.203369 0.0181362  0.280516   48.1091
  0.20471 0.0202317  0.282385    49.014
 0.206051 0.0221595  0.282793   49.9034
 0.207387 0.0243362  0.282293   50.7733
 0.208709 0.0269958  0.280891   51.6156
 0.210011 0.0302991  0.278405   52.4209
 0.211279 0.0343783  0.274949   53.1747
 0.212509 0.0393488  0.270508    53.866
 0.213697 0.0453731  0.265322   54.4859
 0.214844 0.0525336  0.259661   55.0261
  0.21595 0.0608238  0.253819   55.4789
 0.217018 0.0701561  0.248139   55.8374
 0.218053 0.0803558  0.242949   56.0964
 0.219056 0.0911642  0.238604   56.2517
0.220032 0.102246 0.235391  56.3015
0.220984 0.113213 0.233534  56.2461
0.221915  0.12365 0.233171  56.0882
0.222825 0.133137 0.234344  55.8333
0.223716 0.141288 0.237003  55.4895
0.224588 0.147769    0.241  55.0677
0.225442 0.152339 0.246046  54.5811
0.226279 0.154866 0.251885  54.0449
0.227098  0.15532 0.258185   53.476
0.227903  0.15379 0.264586  52.8918
0.228695 0.150475 0.270739  52.3099
0.229478 0.145673 0.276323   51.747
0.230257 0.139759 0.281099  51.2184
0.231038 0.133119 0.285256  50.7371
0.231826   0.1261 0.288475  50.3131
0.232626 0.119083 0.290724   49.953
0.233442 0.112408 0.292063  49.6598
0.234219 0.105604 0.291754  49.3896
 0.234988 0.0995284  0.291073   49.1659
 0.235768 0.0946342  0.290603   48.9974
 0.236568 0.0908554  0.289701   48.8839
 0.237397 0.0881152  0.287964   48.8219
  0.23826 0.0867582  0.286546   48.8076
0.239165 0.086672 0.285071  48.8361
 0.240116 0.0878119  0.283593   48.9018
 0.241118 0.0901082  0.282217   48.9981
 0.242173 0.0933207  0.280509   49.1184
0.243282 0.097641 0.279498  49.2562
0.244449 0.102825 0.278747  49.4046
0.245675 0.108739 0.278102  49.5583
0.246959 0.115297 0.277508  49.7116
0.248282 0.122185 0.277228  49.8437
 0.24964  0.12923 0.276961  49.9495
0.251029 0.136423 0.277006  50.0247
0.252446 0.143623 0.277307  50.0653
0.253886   0.1507 0.277939  50.0679
 0.25532 0.157587 0.280102  50.0097
0.256767 0.163565 0.281378  49.9083
0.258218 0.169019  0.28352  49.7634
0.259656 0.173488 0.286282  49.5656
0.261064 0.176672 0.289665  49.3101
0.262426 0.178347 0.293818  48.9935
0.263724 0.178261 0.298621  48.6149
0.264945 0.176227 0.303918  48.1763
0.266076 0.172148 0.309534  47.6833
0.267107 0.166015 0.315275  47.1447
0.268034  0.15791 0.320935  46.5724
0.268855 0.148005 0.326321  45.9803
0.269572 0.136546 0.331296  45.3841
 0.27019 0.123844 0.335623  44.8006
0.270719 0.110271 0.339286  44.2465
 0.27117 0.096206 0.342225  43.7381
  0.27156 0.0820372  0.344424   43.2906
 0.271902 0.0681387  0.345931   42.9172
 0.272215 0.0548496  0.346832   42.6292
 0.272515 0.0424588  0.347246   42.4352
  0.27282 0.0311954  0.347303   42.3413
 0.273144 0.0212238   0.34714   42.3509
 0.273502 0.0126444  0.346886   42.4649
  0.273906 0.00549755   0.346648    42.6818
    0.274366 -0.000230174     0.346531       42.998
   0.274888 -0.00459806    0.346585     43.4082
   0.275478 -0.00765991    0.346412     43.9052
   0.276138 -0.00941733    0.346201     44.4808
   0.276868 -0.00992584    0.345906     45.1254
   0.277667 -0.00924128    0.345443     45.8279
   0.278532 -0.00741268    0.344741     46.5761
   0.279394 -0.00534318    0.342773     47.3085
   0.28027 -0.0024393    0.34118    48.0355
  0.281173 0.00148851   0.340344    48.7611
  0.282111 0.00622724   0.339323    49.4833
 0.283085 0.0115755  0.337693   50.1964
 0.284095 0.0177944  0.336664   50.8958
 0.285143 0.0246535   0.33595   51.5759
 0.286231 0.0320165  0.335478   52.2339
 0.287361 0.0397668  0.335353   52.8665
 0.28853 0.047591 0.335034  53.4704
0.289739 0.055693 0.335662  54.0435
 0.290988 0.0637988  0.336723   54.5841
 0.292274 0.0717651   0.33806    55.091
 0.293596 0.0794897  0.339565   55.5633
  0.29495 0.0868626  0.340999   56.0006
 0.296334 0.0939559  0.342636   56.4031
0.297745  0.10072 0.344253  56.7711
0.299179 0.107163 0.345752   57.105
0.300635 0.113319 0.347073  57.4049
0.302124 0.119736 0.349458  57.6815
 0.30362  0.12549 0.350497  57.9134
 0.30512 0.130805 0.350495  58.1036
0.306608 0.135939 0.350668  58.2431
0.308072 0.140729 0.350691  58.3245
0.309501  0.14513 0.350716  58.3409
0.310883 0.149047 0.350779  58.2859
0.312207 0.152388 0.350931  58.1554
0.313465 0.155065  0.35124  57.9472
 0.31465 0.156995 0.351764  57.6615
 0.31576 0.158105  0.35256  57.3012
0.316791 0.158332 0.353669  56.8712
0.317744 0.157622 0.355154  56.3788
0.318622 0.155964 0.356706  55.8332
0.319429 0.153401 0.358648   55.245
0.320171 0.149933 0.360956  54.6265
0.320856 0.145587 0.363524  53.9903
0.321493 0.140427 0.366304  53.3501
0.322089 0.134544 0.369218  52.7192
0.322656 0.128046 0.372257  52.1111
0.323203 0.121054 0.375338  51.5383
0.323741 0.113706 0.378377  51.0128
0.324279 0.106156 0.381297  50.5448
 0.324826 0.0985653  0.384025   50.1432
 0.325392 0.0911064  0.386477   49.8153
 0.325984 0.0839593  0.388589   49.5664
  0.32661 0.0773005  0.390302   49.3998
 0.327276 0.0713001  0.391568   49.3164
 0.327987 0.0661161  0.392352    49.315
 0.328746 0.0618812  0.392649   49.3913
  0.32955 0.0586674  0.392507   49.5365
 0.330375 0.0560255  0.390793   49.7232
 0.331212 0.0545482  0.389735   49.9397
  0.33207 0.0540741   0.38866   50.1846
 0.332958 0.0546581  0.387363    50.456
 0.333879 0.0561657  0.385395   50.7497
 0.334838 0.0588851  0.383948   51.0603
 0.335839 0.0626152  0.382681   51.3822
 0.336884 0.0672336  0.381617   51.7095
0.337975 0.072609 0.380826  52.0365
 0.339112 0.0784344  0.379835    52.358
 0.340294 0.0848887  0.379802   52.6692
 0.341523 0.0916681  0.380255   52.9658
 0.342795 0.0985871  0.381075   53.2441
0.34411 0.10549 0.38218 53.5007
0.345462 0.112211 0.383368  53.7331
0.346848 0.118756 0.384916  53.9393
0.348265 0.125012 0.386606   54.118
0.349708 0.130928 0.388332  54.2684
0.351173 0.136486 0.390015  54.3898
0.352625 0.141747 0.392921  54.4565
0.354078 0.145969 0.393886  54.4836
0.355542 0.150052 0.395286  54.4859
 0.35699 0.153653 0.396586  54.4438
0.358412 0.156586 0.397301  54.3536
0.359796 0.159014 0.398188  54.2113
0.361129 0.160786 0.399231  54.0095
0.362399 0.161778 0.400345  53.7453
0.363598 0.161939 0.401633  53.4182
0.364721 0.161205 0.403132  53.0298
0.365763 0.159522 0.404855  52.5842
0.366723 0.156867 0.406765  52.0874
0.367601 0.153235 0.409016  51.5479
0.368401  0.14864 0.411253  50.9757
0.369128 0.143181 0.413611  50.3822
0.369788 0.136939 0.416156  49.7797
0.370392 0.129997 0.418818  49.1813
0.370948 0.122467 0.421518     48.6
0.371467 0.114487 0.424218  48.0487
 0.37196 0.106202 0.426882  47.5396
 0.372438 0.0977663  0.429471   47.0841
 0.372914 0.0893336  0.431946    46.692
0.373397 0.081059 0.434263  46.3718
 0.373898 0.0730946  0.436381   46.1301
 0.374426 0.0655875  0.438255   45.9717
 0.374989 0.0586772  0.439845   45.8991
 0.375593 0.0524933  0.441116    45.913
 0.376244 0.0471515  0.442038   46.0117
 0.376945 0.0427504  0.442593   46.1912
 0.377698 0.0393672  0.442774   46.4456
0.378502 0.037054 0.442589  46.7667
 0.379291 0.0349415   0.44089   47.0942
 0.380084 0.0337446  0.439583   47.4418
0.380898   0.0337  0.43883   47.815
 0.381743 0.0346369  0.437985   48.2122
 0.382622 0.0363477  0.436493   48.6293
0.383538 0.039124 0.435668  49.0615
 0.384495 0.0427422  0.435077   49.5043
 0.385496 0.0470759  0.434763   49.9529
 0.386543 0.0519841  0.434765   50.4029
 0.387634 0.0571552  0.434542   50.8501
  0.38877 0.0628068  0.435279   51.2914
 0.389951 0.0686559  0.436429   51.7237
 0.391176 0.0745583  0.437827   52.1444
0.392442 0.080414 0.439366  52.5515
 0.393747 0.0861087  0.440789   52.9432
 0.395088 0.0917197  0.442379   53.3181
0.396463 0.097197 0.443913  53.6751
0.397867 0.102548 0.445295  54.0131
  0.3993 0.107802 0.446472  54.3308
0.400775 0.113572 0.448555  54.6395
0.402265 0.118904 0.449324  54.9147
0.403762 0.123961 0.449015  55.1547
0.405254 0.129012 0.448733  55.3505
0.406728 0.133938 0.448276  55.4932
0.408171  0.13868 0.447744   55.574
0.409573 0.143146 0.447189   55.585
0.410922 0.147242 0.446692  55.5202
0.412211  0.15087 0.446342  55.3756
0.413431 0.153926 0.446231    55.15
 0.41458  0.15631 0.446441  54.8444
0.415654 0.157924 0.447042  54.4624
0.416655 0.158675 0.448124    54.01
0.417583 0.158502 0.449399  53.4952
0.418442 0.157402 0.451188  52.9278
0.419237 0.155324 0.453479  52.3194
0.419975 0.152247 0.456193  51.6825
0.420663 0.148188 0.459261  51.0307
0.421309 0.143196 0.462621  50.3779
0.421922 0.137345 0.466194  49.7383
0.422511 0.130737 0.469886  49.1256
0.423086 0.123504 0.473589   48.553
0.423654 0.115802 0.477192  48.0325
0.424226 0.107808 0.480586  47.5747
 0.424809 0.0997191  0.483665   47.1886
 0.425412 0.0917459  0.486336   46.8811
 0.426043 0.0841022  0.488524   46.6571
 0.426706 0.0769934  0.490182   46.5187
 0.427408 0.0706079  0.491285   46.4653
  0.42815 0.0651091  0.491834   46.4937
0.428934 0.060626 0.491859   46.598
 0.429737 0.0567274  0.490457   46.7521
 0.430549 0.0539918  0.489658   46.9442
 0.431383 0.0521474  0.488244   47.1748
 0.432246 0.0517118  0.487673   47.4419
 0.433145 0.0521139  0.486067   47.7409
 0.434082 0.0537341  0.484882   48.0664
 0.435063 0.0564042  0.483836   48.4129
  0.43609 0.0600168   0.48294   48.7747
 0.437165 0.0644581  0.482254   49.1457
 0.438288 0.0694403  0.481294   49.5203
  0.43946 0.0751611  0.481205   49.8931
  0.44068 0.0813378  0.481517   50.2593
 0.441948 0.0878051  0.482116   50.6143
 0.443261 0.0944222  0.482926    50.954
0.444615 0.101036 0.483763  51.2747
0.446008 0.107657 0.484916  51.5734
0.447436 0.114172 0.486185  51.8477
0.448895 0.120523 0.487483  52.0952
0.450381 0.126679  0.48875  52.3141
0.451856 0.132662 0.491251  52.4758
0.453337 0.137716 0.491842  52.5952
0.454817  0.14261  0.49276  52.6748
0.456285 0.147084  0.49356  52.7067
0.457729 0.151042 0.494196  52.6845
0.459134 0.154449 0.494849  52.6021
 0.46049 0.157218 0.495577  52.4542
0.461786 0.159265 0.496401  52.2381
0.463015 0.160525 0.497368  51.9532
 0.46417 0.160941 0.498515  51.6012
0.465248  0.16047 0.499864  51.1861
0.466249 0.159087 0.501432   50.714
0.467173 0.156776 0.503348  50.1929
0.468024  0.15355 0.505208  49.6328
0.468807 0.149514 0.507192  49.0447
 0.46953  0.14475 0.509281  48.4407
  0.4702 0.139364 0.511375  47.8336
0.47083 0.13351 0.51336 47.2368
 0.47142 0.127249 0.515406  46.6544
 0.47198  0.12067 0.517181  46.0981
0.472523  0.11401 0.518895  45.5791
0.473058 0.107412 0.520521  45.1068
0.473598    0.101 0.522109   44.689
0.474152 0.094882 0.523719  44.3329
 0.474729 0.0891201  0.525475   44.0428
 0.475336 0.0837136  0.527451   43.8209
 0.475977 0.0786249  0.529733   43.6679
0.476653 0.073778  0.53239   43.583
 0.477366 0.0690622  0.535468   43.5639
 0.478137 0.0645826  0.538971   43.6275
 0.478957 0.0602737  0.542935   43.7645
 0.479743 0.0548253  0.545736   43.9089
 0.480515 0.0489865  0.549011   44.0854
 0.481287 0.0430996  0.553404   44.3079
 0.482066 0.0369528  0.557504   44.5809
 0.482853 0.0305064  0.560442   44.9083
 0.483648 0.0243146  0.563253   45.2924
 0.484457 0.0184927  0.565286   45.7359
 0.485288 0.0133247  0.566368   46.2412
  0.486147 0.00911573   0.566449    46.8087
  0.487042 0.00599325   0.564988    47.4369
   0.48798 0.00457245   0.563244    48.1228
   0.48897 0.00491307   0.560855     48.861
  0.490022 0.00712191   0.557907    49.6435
 0.491139 0.0112409   0.55458   50.4605
 0.492327 0.0171884  0.550939   51.3002
 0.493587 0.0249565  0.547577   52.1499
 0.494921 0.0343089  0.544561   52.9959
0.496325 0.044977 0.542054  53.8246
 0.497797 0.0566662  0.539946   54.6223
 0.499384 0.0700021  0.539558   55.4184
 0.501027 0.0835199  0.539066   56.1531
 0.502691 0.0965314  0.538025   56.7996
0.504364 0.109193 0.537506  57.3522
0.506031 0.121311 0.537789  57.8004
 0.50767 0.132506  0.53849  58.1334
0.509266 0.142537 0.539483  58.3443
  0.5108 0.151245 0.540714  58.4294
0.512261 0.158522 0.542119  58.3888
0.513638 0.164311 0.543645  58.2262
0.514925 0.168602 0.545277  57.9481
 0.51612 0.171397 0.547305  57.5639
0.517222 0.172687 0.549466  57.0855
0.518233 0.172536 0.551837  56.5264
0.519159 0.171012 0.554458  55.9018
0.520006 0.168188 0.557348  55.2278
0.520783 0.164148 0.560488   54.521
  0.5215 0.158996 0.563808  53.7985
0.522166  0.15286 0.567273   53.077
0.522793  0.14588 0.570831  52.3728
0.523392  0.13821 0.574393  51.7011
0.523974 0.130025 0.577869   51.076
 0.52455  0.12152 0.581155  50.5103
 0.52513 0.112901 0.584177  50.0146
0.525725 0.104376 0.586845  49.5975
 0.526343 0.0961573   0.58909   49.2652
 0.526992 0.0884502  0.590861   49.0214
 0.527679 0.0814473  0.592128   48.8673
 0.528409 0.0753184   0.59288   48.8011
 0.529185 0.0702025  0.593132   48.8186
0.530007 0.066201 0.592913  48.9126
 0.530852 0.0629069  0.591468   49.0564
 0.531712 0.0607942  0.590483   49.2373
 0.532596 0.0597509  0.589215   49.4529
 0.533505 0.0598209   0.58802   49.6972
 0.534448 0.0608058  0.586153   49.9669
0.535428 0.063021 0.584782  50.2576
 0.536449 0.0662682  0.583596   50.5631
 0.537513 0.0704092  0.582611    50.877
 0.538622 0.0753144  0.581909   51.1935
0.539776  0.08068 0.581064  51.5069
 0.540974 0.0866544  0.581171   51.8123
 0.542215 0.0929305  0.581785    52.105
 0.543498 0.0993155  0.582789   52.3812
0.544819 0.105654 0.584082   52.638
0.546177 0.111794 0.585468  52.8734
0.547566 0.117732  0.58722  53.0851
0.548983 0.123351 0.589073  53.2718
0.550423  0.12862 0.590919   53.433
0.551883 0.133541 0.592664  53.5684
0.553298 0.137905 0.595453  53.6301
0.554698 0.141101 0.596031  53.6455
0.556083 0.144131 0.597232  53.6242
0.557454 0.146818 0.598138  53.5689
0.558802 0.149138 0.598797   53.474
0.560113 0.151031 0.599288  53.3323
0.561375  0.15245 0.599728  53.1381
 0.56258 0.153336 0.600228  52.8876
0.563719 0.153618 0.600861  52.5789
0.564786 0.153225 0.601694  52.2121
0.565778 0.152087 0.602789  51.7897
0.566693 0.150146 0.604196  51.3163
0.567533 0.147342 0.606085  50.7988
0.568298 0.143624 0.608212  50.2459
0.568995 0.139018 0.610548  49.6679
0.569628 0.133572 0.613131  49.0764
0.570205 0.127338 0.615984  48.4841
0.570736 0.120383 0.619026   47.904
0.571229 0.112803 0.622154   47.349
0.571695  0.10473 0.625285   46.832
 0.572145 0.0963116  0.628364    46.365
 0.572588 0.0877107  0.631311   45.9589
 0.573035 0.0791004  0.634055   45.6233
 0.573496 0.0706605  0.636531   45.3659
  0.57398 0.0625716  0.638681   45.1925
 0.574496 0.0550088   0.64047   45.1068
  0.57505 0.0481339  0.641867   45.1103
 0.575649 0.0420944  0.642821    45.202
 0.576295 0.0370217  0.643333   45.3785
 0.576992 0.0330172   0.64342   45.6341
  0.57774 0.0301491  0.643105   45.9607
 0.578472 0.0275205  0.641156   46.2979
 0.579209 0.0259147   0.63971   46.6596
 0.579969 0.0255488  0.638835   47.0514
 0.580758 0.0262161  0.637951   47.4694
 0.581585 0.0276951  0.636321   47.9113
 0.582451 0.0303334  0.635405   48.3725
 0.583362 0.0338809   0.63478   48.8479
 0.584321 0.0381917  0.634462   49.3324
 0.585328 0.0431151  0.634468   49.8213
 0.586384 0.0483261  0.634224   50.3101
 0.587488 0.0540586  0.634971   50.7955
 0.588641 0.0600222  0.636133   51.2743
 0.589842 0.0660719  0.637532   51.7438
 0.591088 0.0721123  0.639059   52.2015
 0.592377 0.0780276  0.640431   52.6455
 0.593706 0.0839053  0.641948   53.0742
0.595073   0.0897 0.643378  53.4861
 0.596474 0.0954242  0.644625   53.8795
0.597906 0.101114 0.645634  54.2529
0.599422 0.107748 0.647614  54.6456
0.600964 0.114156 0.648476  55.0072
 0.60251 0.120085  0.64783   55.322
0.604051 0.125999 0.647093  55.5861
0.605575 0.131893 0.646446  55.7916
 0.60707 0.137618 0.645775  55.9289
0.608526 0.143055 0.645126  55.9899
0.609929 0.148092 0.644614  55.9682
0.611272   0.1526 0.644329  55.8599
0.612547 0.156454 0.644363  55.6634
0.613751 0.159539 0.644774   55.381
0.614879 0.161734  0.64567  55.0154
 0.61593 0.162916 0.647068  54.5731
0.616906 0.163027 0.648688  54.0629
 0.61781 0.162067 0.650846  53.4955
0.618648 0.159996 0.653429  52.8833
0.619424 0.156819 0.656442  52.2401
0.620147 0.152563 0.659772  51.5802
0.620826 0.147301 0.663342  50.9186
0.621469  0.14113 0.667066  50.2704
0.622086 0.134181 0.670853  49.6499
0.622686 0.126606   0.6746   49.071
 0.62328  0.11858 0.678202   48.546
0.623877 0.110301 0.681553   48.086
0.624485 0.101976 0.684556  47.6999
 0.625114 0.0938245  0.687127   47.3946
  0.62577 0.0860632  0.689198   47.1747
 0.626461 0.0789012  0.690726   47.0421
  0.62719 0.0725289  0.691692    46.996
 0.627963 0.0671085  0.692103   47.0328
0.628779 0.062765 0.691992  47.1462
 0.629615 0.0590812  0.690527   47.3095
 0.630462 0.0565797  0.689662     47.51
0.631329 0.055126 0.688542  47.7464
 0.632225 0.0548112  0.687358   48.0161
 0.633156 0.0554728  0.685548   48.3157
 0.634125 0.0573913  0.684281   48.6394
 0.635136 0.0603535  0.683202   48.9811
 0.636192 0.0642324  0.682321   49.3348
 0.637294 0.0688982  0.681703   49.6944
 0.638443 0.0740504  0.680868   50.0541
 0.639638 0.0798674  0.680954   50.4092
 0.640879 0.0860586  0.681442    50.755
0.642165 0.092461 0.682215  51.0873
 0.643493 0.0989396  0.683179   51.4024
 0.64486 0.105355 0.684136  51.6973
0.646262 0.111734 0.685352  51.9695
0.647712 0.118138 0.686611  52.2295
0.649179 0.124322 0.688191  52.4521
 0.65067 0.130121 0.689015  52.6452
0.652122 0.135644 0.691314  52.7614
0.653581  0.14031 0.691483  52.8414
0.655037 0.144975 0.692597  52.8814
0.656482 0.149173 0.693204  52.8772
0.657905 0.152956 0.693777  52.8227
0.659292 0.156225 0.694417  52.7106
0.660631 0.158864 0.695176  52.5352
0.661909 0.160767 0.696113  52.2927
 0.66312 0.161833 0.697274  51.9818
0.664254 0.161973 0.698691  51.6038
0.665309 0.161118 0.700387  51.1623
0.666282 0.159221 0.702375  50.6634
0.667173 0.156245  0.70479  50.1156
0.667985 0.152185 0.707237  49.5292
0.668722  0.14713 0.709859   48.916
0.669391  0.14115 0.712704  48.2891
    0.67 0.134323 0.715726  47.6623
0.670559 0.126756 0.718822  47.0494
0.671077 0.118584 0.721938  46.4643
0.671567 0.109959 0.725027  45.9202
0.672038 0.101044 0.728037  45.4296
 0.672502 0.0920078  0.730913   45.0033
 0.672971 0.0830226    0.7336   44.6508
 0.673454 0.0742624  0.736044   44.3797
  0.67396 0.0658982  0.738191   44.1956
 0.674499 0.0580951  0.739995   44.1019
 0.675077 0.0510084  0.741416   44.0999
   0.6757 0.0447791  0.742424   44.1883
 0.676372 0.0395284   0.74301   44.3634
 0.677095 0.0353635  0.743041   44.6195
 0.677869 0.0323728  0.742735   44.9481
 0.678628 0.0296728   0.74091   45.2893
 0.679393 0.0279865  0.739559   45.6565
 0.680182 0.0275342   0.73871   46.0547
 0.681003 0.0281567  0.737745   46.4821
0.681862 0.029639 0.736148  46.9335
 0.682759 0.0322677  0.735184   47.4038
 0.683701 0.0358184  0.734507   47.8876
 0.684688 0.0401483  0.734111   48.3799
 0.685724 0.0451109   0.73402   48.8754
 0.686807 0.0503909  0.733685   49.3696
0.687936 0.056209 0.734305  49.8589
 0.689113 0.0622798  0.735332   50.3397
0.690337 0.068457 0.736598  50.8092
 0.691604 0.0746382  0.738002   51.2646
 0.692912 0.0807045  0.739283   51.7039
 0.694259 0.0867296  0.740738   52.1252
 0.695641 0.0926573  0.742145   52.5271
 0.697055 0.0984872  0.743413    52.908
0.698499 0.104242 0.744491  53.2663
0.700025 0.110879 0.746617  53.6433
0.701581 0.117268 0.747598  53.9905
0.703133  0.12308 0.747356  54.2854
0.704673 0.128685 0.746915  54.5262
0.706193 0.134175 0.746681  54.7082
0.707683  0.13938 0.746521  54.8227
0.709128 0.144155 0.746423  54.8626
0.710519 0.148387 0.746508  54.8224
0.711846 0.151946 0.746846  54.6991
0.713101 0.154714 0.747509  54.4926
 0.71428 0.156577 0.748546   54.205
0.715381 0.157443 0.749989  53.8415
0.716403 0.157232 0.751884  53.4094
0.717347 0.155914 0.753905  52.9184
0.718216 0.153526  0.75635  52.3799
0.719018 0.150067 0.759169  51.8069
0.719759 0.145571 0.762249  51.2133
0.720447 0.140118 0.765516  50.6137
0.721092 0.133816 0.768902  50.0228
0.721703 0.126799 0.772336  49.4551
0.722291 0.119218 0.775737  48.9243
0.722867 0.111247 0.779019  48.4431
0.723441 0.103071   0.7821  48.0228
 0.724023 0.0948864  0.784897   47.6728
 0.724624 0.0868961  0.787338   47.4006
  0.72525 0.0793017   0.78936   47.2116
 0.725911 0.0722982  0.790915   47.1085
0.726612 0.066067 0.791973  47.0918
 0.727382 0.0609817  0.792526   47.1771
 0.728198 0.0570226  0.792921   47.3384
 0.729065 0.0540225  0.792233   47.5696
 0.729917 0.0514771  0.790621   47.8138
0.730775  0.04989 0.789354  48.0833
 0.731657 0.0495136  0.788308   48.3834
 0.732572 0.0502437  0.787209   48.7114
 0.733521 0.0518462  0.785598   49.0609
 0.734507 0.0545515  0.784555   49.4265
 0.735533 0.0581492  0.783803   49.8024
 0.736602 0.0624883  0.783329   50.1832
 0.737713 0.0674219  0.783183   50.5635
 0.738867 0.0726416   0.78287   50.9387
 0.740062 0.0783235  0.783481   51.3049
 0.741298 0.0841865  0.784519   51.6588
 0.742573 0.0900769  0.785832   51.9975
 0.743884 0.0958785  0.787308   52.3186
0.745229 0.101476 0.788731  52.6205
0.746604 0.106924 0.790358  52.9019
0.748007 0.112162 0.791974  53.1619
0.749433 0.117187 0.793484  53.3997
 0.75088 0.122019 0.794832  53.6147
0.752281 0.126431 0.797243  53.7548
0.753693  0.13005 0.797271  53.8688
0.755099 0.133828 0.798411  53.9503
0.756495 0.137219 0.798826  53.9951
0.757871 0.140348 0.799141  53.9971
0.759213  0.14313  0.79946  53.9485
 0.76051 0.145461 0.799839  53.8428
 0.76175  0.14724 0.800357  53.6751
0.762926 0.148367 0.801075  53.4432
0.764031 0.148746  0.80204  53.1469
0.765061 0.148301  0.80326  52.7888
0.766013  0.14697 0.804809  52.3736
0.766887 0.144705 0.806698  51.9086
0.767687 0.141506 0.808605  51.4026
0.768416 0.137435 0.810855  50.8665
 0.76908  0.13251 0.813389  50.3121
0.769689 0.126784 0.816103  49.7522
0.770249 0.120346 0.818952  49.1998
0.770772 0.113305 0.821891  48.6681
0.771267 0.105785 0.824867    48.17
 0.771746 0.0979259  0.827819   47.7174
 0.772217 0.0898772  0.830681   47.3212
 0.772693 0.0817988  0.833386    46.991
 0.773183 0.0738565  0.835864   46.7346
0.773695 0.066219 0.838051  46.5579
 0.774237 0.0590542  0.839887   46.4648
0.774818 0.052524 0.841324   46.457
 0.775441 0.0467785  0.842328   46.5339
0.776111  0.04195 0.842884  46.6923
 0.776831 0.0381468  0.842991    46.927
   0.7776 0.0354469   0.84267   47.2301
0.778352  0.03297 0.840727  47.5415
 0.779108 0.0314793  0.839383   47.8755
 0.779886 0.0311858  0.838506    48.238
 0.780695 0.0319317  0.837547    48.627
 0.781537 0.0334697   0.83597   49.0364
 0.782417 0.0361135  0.834997   49.4635
 0.783341 0.0396668  0.834366   49.9037
 0.784312 0.0439688  0.834033   50.3522
 0.785329 0.0488708  0.834024   50.8041
 0.786394 0.0540427  0.833791   51.2548
 0.787504 0.0596942   0.83457   51.7002
 0.788661 0.0655377  0.835761   52.1379
 0.789866 0.0714691  0.837184   52.5677
 0.791119 0.0774157  0.838763   52.9884
 0.792416 0.0832424  0.840205   53.3972
 0.793752 0.0889981  0.841802   53.7904
 0.795124 0.0946318  0.843255   54.1667
0.796529 0.100186 0.844497  54.5251
0.797965 0.105711 0.845452   54.864
0.799487 0.112221 0.847387  55.2261
0.801042 0.118596  0.84808  55.5617
0.802595 0.124501 0.847357  55.8475
0.804142  0.13038 0.846336  56.0824
0.805673 0.136331 0.845523  56.2591
0.807176 0.142159 0.844724  56.3677
 0.80864 0.147724 0.843996  56.3996
0.810053 0.152895 0.843475  56.3486
0.811405 0.157525 0.843267  56.2104
0.812691  0.16146 0.843464  55.9837
0.813904  0.16455 0.844136  55.6698
0.815042 0.166658 0.845332  55.2728
0.816131 0.167924 0.847099  54.8216
0.817136 0.168033 0.849535  54.2946
0.818068   0.1667 0.851685  53.7099
0.818931 0.164274 0.854726  53.0814
 0.81973 0.160634 0.858091  52.4227
0.820474 0.155834 0.861725  51.7489
 0.82117 0.149974 0.865532   51.076
0.821829 0.143183 0.869403  50.4193
0.822461 0.135623 0.873239   49.794
0.823074 0.127483 0.876925  49.2143
0.823681 0.118974  0.88035  48.6926
0.824291 0.110323 0.883461    48.24
0.824914 0.101751 0.886232  47.8653
  0.82556 0.0934679  0.888585   47.5748
 0.826235 0.0856835  0.890441   47.3725
 0.826948 0.0786012  0.891737   47.2598
 0.827702 0.0724051  0.892509   47.2351
 0.828501 0.0672379  0.892778   47.2943
 0.829348 0.0632035  0.892572   47.4303
 0.830179 0.0595498  0.891164   47.5863
 0.831016 0.0568586  0.890019   47.7756
0.831875 0.055412 0.889073  48.0036
 0.832767 0.0551133  0.888091    48.268
 0.833695 0.0557343  0.886555   48.5625
 0.834659 0.0575137  0.885554   48.8811
 0.835666 0.0602485  0.884816   49.2181
 0.836715 0.0637927  0.884341   49.5675
 0.837809 0.0680019   0.88418   49.9236
 0.838946 0.0725704  0.883846   50.2812
 0.840125 0.0776706  0.884415   50.6359
 0.841347 0.0830225  0.885398   50.9838
 0.842609 0.0884706  0.886652   51.3216
 0.843909 0.0938999  0.888012   51.6463
0.845244   0.0992 0.889353  51.9556
 0.84661 0.104413 0.890904  52.2477
0.848005 0.109472 0.892433  52.5213
0.849424 0.114372 0.893859  52.7749
0.850866 0.119127 0.895132  53.0076
0.852261 0.123489 0.897426  53.1657
0.853662 0.127054 0.897498  53.2949
0.855063 0.130808 0.898459  53.3958
0.856456 0.134272 0.898924  53.4614
0.857829 0.137458 0.899201  53.4843
 0.85917 0.140314 0.899483  53.4567
0.860465 0.142734 0.899832  53.3719
0.861705 0.144615  0.90031   53.225
 0.86288 0.145858 0.900973  53.0133
0.863986 0.146371 0.901869  52.7368
0.865016 0.146077 0.903033  52.3978
0.865969 0.144913 0.904493  52.0009
0.866845 0.142836 0.906294  51.5532
0.867647 0.139844 0.908114  51.0636
0.868378 0.135998 0.910279  50.5427
0.869046 0.131311 0.912736  50.0021
0.869659 0.125833 0.915387  49.4545
0.870224 0.119646 0.918189  48.9129
0.870751 0.112853   0.9211  48.3904
0.871251 0.105573 0.924067  47.8997
 0.871735 0.0979373  0.927032   47.4529
 0.872212 0.0900896  0.929927   47.0608
 0.872693 0.0821845  0.932681   46.7331
 0.873187 0.0743837  0.935223   46.4776
 0.873704 0.0668535  0.937483   46.3004
 0.874251 0.0597608  0.939397   46.2057
 0.874835 0.0532681  0.940914   46.1953
 0.875461 0.0475281  0.941994   46.2687
 0.876134 0.0426766  0.942619   46.4232
 0.876855 0.0388263  0.942785   46.6536
 0.877626 0.0360607  0.942511   46.9522
 0.878379 0.0335121  0.940651   47.2598
 0.879136 0.0319431  0.939251   47.5903
 0.879914 0.0315806  0.938445   47.9499
 0.880725 0.0322582  0.937474   48.3373
0.881572 0.033768 0.935851  48.7475
 0.882457 0.0364063  0.934857   49.1756
 0.883385 0.0399565  0.934144   49.6168
 0.884359 0.0442819  0.933705   50.0663
 0.885382 0.0492413  0.933561   50.5192
 0.886452 0.0545212  0.933152   50.9712
 0.887569 0.0603532    0.9337   51.4187
 0.888735 0.0664529  0.934649   51.8583
 0.889948 0.0726758  0.935835   52.2871
 0.891207 0.0789216  0.937158   52.7025
 0.892521 0.0851997  0.938355   53.1133
 0.893874 0.0914983  0.939942   53.5046
 0.895265 0.0975981  0.941111   53.8758
0.896688  0.10365  0.94229  54.2253
0.898143 0.109632 0.943306  54.5514
0.899683  0.11651 0.945435  54.8967
0.901251 0.123112 0.946409  55.2102
0.902816 0.129107 0.946151  55.4697
0.904372 0.134898 0.945698  55.6754
0.905908 0.140556 0.945541  55.8206
0.907411 0.145869 0.945428  55.8965
 0.90887 0.150708 0.945405  55.8959
0.910273 0.154957 0.945566  55.8141
0.911611 0.158492 0.945984  55.6483
0.912877 0.161198 0.946717  55.3986
0.914065 0.162967 0.947814  55.0676
0.915174  0.16371 0.949306  54.6606
0.916203 0.163358 0.951237  54.1853
0.917153 0.161883 0.953283  53.6514
0.918029 0.159327  0.95575  53.0708
0.918836 0.155692 0.958592  52.4564
0.919581 0.151016 0.961681  51.8223
0.920273 0.145382 0.964956  51.1832
0.920921 0.138899 0.968354  50.5539
0.921535   0.1317 0.971806  49.9489
0.922127 0.123936  0.97523   49.382
0.922705 0.115778 0.978547  48.8659
0.923281  0.10741 0.981671  48.4119
 0.923866 0.0990252  0.984524   48.0295
 0.924467 0.0908232  0.987033   47.7262
 0.925095 0.0830029  0.989134   47.5072
0.925756 0.075756 0.990783  47.3756
 0.926457 0.0692608  0.991939   47.3317
 0.927203 0.0636754  0.992606   47.3732
 0.927996 0.0591263  0.992787   47.4953
 0.928837 0.0557056  0.992511   47.6905
 0.929664 0.0526469   0.99096    47.902
 0.930497 0.0505542  0.989771   48.1427
0.931354 0.049684 0.988801   48.418
 0.932244 0.0499315  0.987815   48.7254
 0.933169 0.0510603  0.986258   49.0588
 0.934132 0.0533179  0.985254   49.4124
 0.935136 0.0564985   0.98452   49.7806
 0.936184 0.0604573  0.984051   50.1578
0.937275 0.065051 0.983889  50.5386
 0.938411 0.0699748  0.983538   50.9179
 0.939589 0.0754121  0.984093   51.2918
 0.940809 0.0810847  0.985056   51.6565
 0.942071 0.0868414  0.986279   52.0089
0.943371 0.092568 0.987652  52.3463
 0.944707 0.0981479  0.988961   52.6665
0.946074 0.103635 0.990471  52.9679
0.947471 0.108966 0.991971  53.2492
0.948893 0.114133 0.993368  53.5092
0.950339 0.119149 0.994611  53.7468
0.951739 0.123774 0.996945  53.9084
0.953151 0.127625 0.996875  54.0436
0.954559 0.131664 0.997958  54.1455
0.955959 0.135325 0.998319  54.2099
0.957339 0.138729 0.998595  54.2301
0.958687 0.141799 0.998856  54.1991
0.960018 0.144675 0.999176  54.1301
 0.96129 0.147058 0.999994  53.9927
0.962498  0.14857  1.00029  53.7873
0.963634 0.149431  1.00113   53.514
0.964695 0.149471  1.00225  53.1749
0.965678 0.148628  1.00365  52.7748
0.966583 0.146865  1.00536  52.3209
0.967413 0.144187  1.00707   51.822
0.968173 0.140662  1.00911  51.2888
0.968868 0.136306  1.01142  50.7332
0.969507 0.131172  1.01392  50.1676
0.970099 0.125343  1.01658  49.6053
0.970653 0.118919  1.01935  49.0592
 0.97118 0.112012  1.02221   48.542
0.971691 0.104746  1.02509  48.0657
 0.972194 0.0972541   1.02794   47.6412
 0.972702 0.0896793   1.03069   47.2781
 0.973223 0.0821712   1.03327   46.9844
 0.973765 0.0748845   1.03561   46.7665
 0.974337 0.0679756   1.03764   46.6285
 0.974945 0.0615989    1.0393   46.5726
 0.975594 0.0559014   1.04056   46.5989
 0.976288 0.0510168   1.04137   46.7048
  0.97703 0.0470589   1.04173   46.8858
 0.977819 0.0441155   1.04165   47.1346
 0.978589 0.0413424   1.03998   47.3925
 0.979361 0.0394825   1.03883   47.6738
 0.980153 0.0387694   1.03809   47.9852
 0.980975 0.0390714   1.03722   48.3251
 0.981829 0.0401624   1.03572   48.6877
  0.98272 0.0423528    1.0348   49.0704
 0.983653 0.0454555   1.03422   49.4688
 0.984631 0.0493155   1.03388   49.8781
 0.985655 0.0537959   1.03386   50.2934
 0.986726 0.0585785   1.03362   50.7103
 0.987843 0.0638841   1.03434   51.1255
 0.989006 0.0694261   1.03549   51.5358
 0.990215 0.0750566   1.03688   51.9382
 0.991468 0.0806739   1.03842   52.3304
 0.992761 0.0861614   1.03983   52.7104
 0.994091 0.0915967   1.04141   53.0766
 0.995456 0.0969303   1.04291   53.4275
0.996854  0.10217  1.04425  53.7616
 0.99828 0.107349  1.04537  54.0775
 0.99979 0.113451   1.0474  54.4169
 1.00132 0.119337  1.04842  54.7278
 1.00286 0.124667  1.04798  54.9917
 1.00438 0.129935  1.04735  55.2084
 1.00589 0.135192  1.04691    55.37
1.00737 0.14025 1.04642 55.4673
  1.0088 0.144994  1.04597  55.4921
 1.01018 0.149317  1.04566  55.4387
 1.01151 0.153097  1.04558  55.3035
 1.01276 0.156208  1.04581  55.0852
 1.01394 0.158531  1.04644  54.7854
 1.01504 0.159957  1.04749  54.4082
 1.01607 0.160388  1.04906  53.9603
 1.01702 0.159767  1.05081  53.4505
  1.0179 0.158104  1.05306  52.8895
 1.01871 0.155366  1.05575  52.2898
 1.01946 0.151565  1.05874  51.6648
 1.02016 0.146761  1.06202  51.0287
 1.02082 0.141029   1.0655  50.3962
 1.02145 0.134482  1.06908  49.7817
 1.02205 0.127257  1.07267  49.1994
 1.02263 0.119517  1.07618  48.6624
 1.02321 0.111445  1.07952  48.1824
  1.0238 0.103234  1.08259  47.7697
   1.0244 0.0950916   1.08532   47.4326
  1.02502 0.0872253   1.08763   47.1773
  1.02568 0.0798399   1.08947   47.0075
  1.02637 0.0731281    1.0908   46.9245
   1.0271 0.0672626   1.09161   46.9269
  1.02788 0.0623879   1.09191   47.0106
  1.02871 0.0586117   1.09173   47.1689
  1.02956 0.0555054   1.09028   47.3742
1.03042 0.05355 1.08942 47.6134
   1.0313 0.0526182   1.08822   47.8848
  1.03221 0.0527998   1.08705    48.185
  1.03315 0.0539147   1.08523   48.5107
  1.03413 0.0562493   1.08395   48.8564
  1.03516 0.0595919   1.08285    49.216
 1.03622 0.063816  1.08195  49.5835
  1.03733 0.0688006   1.08131   49.9537
  1.03849 0.0742414    1.0805   50.3205
  1.03969 0.0802954    1.0806   50.6789
  1.04094 0.0866776   1.08115   51.0248
  1.04223 0.0932136   1.08203   51.3543
  1.04355 0.0997584   1.08314   51.6639
 1.04492 0.106166  1.08428  51.9511
 1.04632 0.112455  1.08571  52.2137
 1.04774 0.118532  1.08722  52.4504
  1.0492 0.124362   1.0887  52.6598
 1.05067 0.129942  1.09007  52.8411
 1.05211 0.135025  1.09253  52.9427
 1.05352 0.138976  1.09277  52.9926
 1.05492 0.142788  1.09376  52.9994
 1.05631 0.146254  1.09453  52.9667
 1.05767 0.149352  1.09516    52.89
   1.059 0.151983  1.09575  52.7617
 1.06029 0.154051  1.09638   52.576
 1.06151 0.155465   1.0972  52.3289
 1.06267 0.156121  1.09824  52.0185
 1.06375 0.155924  1.09956  51.6456
 1.06476 0.154792  1.10121  51.2135
 1.06569 0.152661  1.10319  50.7278
 1.06653 0.149478  1.10563  50.1964
  1.0673 0.145226  1.10813  49.6291
   1.068 0.139982  1.11084  49.0376
 1.06862 0.133809  1.11375  48.4346
 1.06919 0.126787  1.11685  47.8337
1.06971 0.11902    1.12 47.2486
 1.07019 0.110653  1.12314  46.6931
 1.07064 0.101847  1.12621  46.1803
 1.07107 0.092774  1.12917  45.7225
   1.0715 0.0836138   1.13194   45.3305
  1.07193 0.0745538   1.13448   45.0136
 1.07237 0.065778  1.13673  44.7792
  1.07284 0.0574638   1.13867   44.6324
  1.07335 0.0497793   1.14024   44.5765
  1.07389 0.0428785   1.14143    44.612
  1.07448 0.0368964   1.14222   44.7374
  1.07512 0.0319449    1.1426   44.9485
  1.07581 0.0281081    1.1426    45.239
  1.07655 0.0254385   1.14222   45.6003
  1.07728 0.0230084   1.14019   45.9712
  1.07801 0.0216145   1.13872   46.3653
  1.07877 0.0214476   1.13786   46.7873
  1.07956 0.0223391   1.13688   47.2369
  1.08038 0.0240719    1.1353   47.7091
  1.08125 0.0269337   1.13437   48.1988
  1.08216 0.0306987   1.13372   48.7013
  1.08312 0.0352276   1.13337   49.2115
  1.08413 0.0403761   1.13331   49.7247
  1.08519 0.0458213   1.13298   50.2365
  1.08629 0.0518091   1.13363   50.7436
  1.08745 0.0580521   1.13467   51.2427
 1.08866 0.064408  1.13595  51.7312
  1.08991 0.0707829   1.13736   52.2065
   1.0912 0.0770574   1.13861   52.6666
  1.09254 0.0833172   1.14001   53.1096
  1.09392 0.0895114   1.14135    53.534
 1.09533 0.095644  1.14253  53.9379
 1.09678 0.101742   1.1435  54.3197
 1.09831 0.108821  1.14555  54.7222
 1.09988 0.115684  1.14642  55.0943
 1.10144 0.121986  1.14595  55.4128
   1.103 0.128123  1.14531   55.675
 1.10454 0.134181  1.14486   55.876
 1.10605 0.139995   1.1445  56.0069
 1.10752 0.145421  1.14419  56.0605
 1.10894 0.150326   1.1441  56.0301
 1.11029 0.154563  1.14426  55.9122
 1.11157 0.158006  1.14479  55.7063
 1.11278 0.160537  1.14571  55.4146
 1.11391 0.162047  1.14708  55.0419
 1.11496 0.162439  1.14893  54.5952
 1.11593 0.161676  1.15094  54.0843
 1.11682 0.159787  1.15337  53.5208
 1.11765 0.156764  1.15624  52.9178
1.11841 0.15263 1.15939 52.2894
 1.11912 0.147459  1.16275  51.6506
 1.11978 0.141358  1.16625  51.0164
 1.12041 0.134456  1.16981  50.4019
 1.12101 0.126907  1.17336  49.8213
  1.1216 0.118884  1.17679  49.2879
 1.12218 0.110577  1.18003  48.8134
 1.12276 0.102185  1.18299   48.408
  1.12337 0.0939166   1.18559   48.0797
  1.12399 0.0859792   1.18776   47.8343
 1.12465 0.078574  1.18947  47.6753
  1.12534 0.0718884   1.19068   47.6034
  1.12608 0.0660879   1.19138   47.6169
  1.12686 0.0613084   1.19158   47.7113
 1.12769 0.057649  1.19131  47.8794
  1.12853 0.0546607   1.18967   48.0932
   1.1294 0.0528564    1.1888   48.3399
  1.13028 0.0520731   1.18757   48.6175
  1.13119 0.0524233   1.18628   48.9239
  1.13214 0.0537331   1.18443   49.2552
  1.13312 0.0562678   1.18313   49.6058
  1.13415 0.0598092   1.18204   49.9696
  1.13523 0.0642327   1.18112   50.3408
  1.13636 0.0695635   1.18046   50.7261
  1.13754 0.0753453    1.1799   51.1004
  1.13875 0.0815733   1.17967   51.4645
  1.14002 0.0882205   1.18018   51.8142
  1.14132 0.0950177   1.18101   52.1452
 1.14267 0.101818  1.18206  52.4542
 1.14405 0.108473  1.18315  52.7385
 1.14547 0.115001  1.18457   52.996
 1.14691 0.121294   1.1861  53.2253
 1.14838 0.127306  1.18765  53.4252
 1.14987 0.133016  1.18916  53.5948
 1.15131 0.138167  1.19186  53.6825
 1.15277 0.142343  1.19227  53.7367
 1.15421 0.146477  1.19384  53.7522
 1.15564 0.150023  1.19474  53.7258
 1.15705 0.153099  1.19556  53.6523
 1.15842 0.155631  1.19637  53.5251
 1.15974 0.157534   1.1972   53.339
 1.16099 0.158732  1.19812  53.0906
 1.16218 0.159156  1.19918  52.7789
  1.1633 0.158746   1.2004  52.4049
 1.16433 0.157453  1.20184  51.9721
 1.16528 0.155248  1.20351  51.4864
 1.16616 0.152103  1.20557  50.9555
 1.16695 0.148015  1.20766  50.3889
 1.16768 0.143065  1.20992  49.7978
 1.16833 0.137312  1.21245  49.1942
 1.16894 0.130811  1.21519   48.591
 1.16949 0.123645  1.21806  48.0013
    1.17 0.115925  1.22102   47.438
 1.17049 0.107775  1.22402  46.9138
  1.17096 0.0993295   1.22701   46.4404
  1.17143 0.0907416   1.22984   46.0284
   1.1719 0.0821796   1.23255   45.6871
  1.17238 0.0737961   1.23505   45.4239
  1.17289 0.0657571   1.23725   45.2444
  1.17343 0.0582298   1.23909   45.1522
  1.17401 0.0513741   1.24053   45.1487
  1.17463 0.0453374   1.24155   45.2328
   1.1753 0.0402497   1.24211   45.4014
 1.17602 0.036217  1.24223  45.6486
  1.17679 0.0333152   1.24192   45.9666
  1.17754 0.0306554   1.23998   46.2945
  1.17829 0.0290025   1.23863   46.6466
  1.17907 0.0285701   1.23777   47.0287
  1.17988 0.0291886   1.23684   47.4382
1.18072 0.03062 1.23525 47.8701
  1.18161 0.0331886   1.23431   48.3211
 1.18253 0.036677  1.23369  48.7861
  1.18351 0.0409275   1.23336   49.2603
  1.18453 0.0457926   1.23336   49.7386
  1.1856 0.050949  1.23312  50.2169
  1.18671 0.0566255   1.23386   50.6916
  1.18788 0.0625323   1.23502   51.1596
  1.18909 0.0685225   1.23643    51.618
 1.19035 0.074498  1.23796  52.0646
  1.19165 0.0803418   1.23936   52.4972
  1.19298 0.0861381   1.24091   52.9145
  1.19436 0.0918396   1.24238   53.3147
  1.19576 0.0974578   1.24367   53.6967
  1.1972 0.103029  1.24473  54.0589
1.19873 0.10954 1.24686 54.4426
 1.20028 0.115847   1.2478  54.7991
 1.20183 0.121613  1.24739  55.1058
 1.20338 0.127271  1.24673   55.362
 1.20491 0.132903  1.24632  55.5607
  1.2064 0.138304  1.24593   55.692
 1.20786 0.143338  1.24561   55.748
1.20926 0.14789 1.24547 55.7232
  1.2106 0.151843  1.24557  55.6149
 1.21187 0.155071  1.24601  55.4221
1.21307 0.15744 1.24684 55.1459
 1.21419 0.158837  1.24809  54.7906
 1.21523 0.159184   1.2498  54.3634
  1.2162 0.158437  1.25166  53.8734
 1.21709 0.156622  1.25397  53.3318
 1.21791 0.153731  1.25663  52.7513
1.21867  0.1498 1.25956 52.1456
 1.21938 0.144899  1.26272  51.5292
 1.22005 0.139123  1.26603  50.9169
 1.22068 0.132602   1.2694  50.3234
1.22129 0.12548 1.27279 49.7623
1.22188 0.11791 1.27608 49.2462
 1.22247 0.110075   1.2792  48.7867
 1.22307 0.102161  1.28208  48.3936
  1.22368 0.0943621   1.28464   48.0747
  1.22432 0.0868724   1.28682   47.8356
  1.22499 0.0798811   1.28856   47.6798
  1.2257 0.073565  1.28983   47.608
  1.22644 0.0680816   1.29061   47.6186
  1.22724 0.0635608   1.29092   47.7072
  1.22808 0.0600975   1.29077   47.8669
  1.22894 0.0572643   1.28925   48.0704
  1.22981 0.0555639   1.28847   48.3052
   1.2307 0.0548349   1.28733   48.5694
  1.23162 0.0551766   1.28623   48.8603
  1.23258 0.0564096    1.2845    49.175
  1.23357 0.0588187   1.28333   49.5082
   1.2346 0.0621899   1.28234   49.8541
  1.23567 0.0663982   1.28156   50.2071
  1.23679 0.0713116   1.28108   50.5616
 1.23795 0.076625  1.28041  50.9124
 1.23916 0.082517  1.28064  51.2553
  1.24041 0.0887047    1.2813   51.5862
   1.2417 0.0950226   1.28226   51.9014
 1.24303 0.101337  1.28343   52.198
 1.24439 0.107511   1.2846  52.4734
 1.24579 0.113578  1.28602  52.7259
 1.24722 0.119453  1.28749   52.954
 1.24869 0.125271   1.2889  53.1697
1.25017 0.13085 1.29048 53.3512
 1.25162 0.135822   1.2926  53.4551
 1.25307 0.140029  1.29279  53.5263
 1.25451 0.144272  1.29398    53.56
1.25595 0.14806 1.29454 53.5526
 1.25736 0.151486  1.29501  53.4979
 1.25873 0.154464  1.29551  53.3887
 1.26006 0.156891  1.29608  53.2191
 1.26133 0.158667  1.29681  52.9851
 1.26254 0.159697  1.29773  52.6847
 1.26366 0.159893  1.29891  52.3189
 1.26472 0.159178  1.30037  51.8906
 1.26569 0.157499  1.30214  51.4056
 1.26658 0.154805  1.30437  50.8715
 1.26739 0.151078  1.30666  50.2981
 1.26813 0.146388  1.30916  49.6968
 1.26881 0.140792  1.31191  49.0802
 1.26942 0.134356  1.31488  48.4616
 1.26999 0.127168  1.31796  47.8548
 1.27052 0.119354  1.32109  47.2733
 1.27102 0.111056  1.32421  46.7304
  1.2715 0.102431  1.32726  46.2384
  1.27197 0.0936452   1.33019   45.8083
  1.27245 0.0848713   1.33292   45.4499
  1.27294 0.0762854   1.33541   45.1708
  1.27345 0.0680629   1.33758   44.9768
    1.274 0.0603745    1.3394   44.8718
  1.27458 0.0533817   1.34083    44.857
  1.27521 0.0472316   1.34182   44.9314
 1.27589 0.042051  1.34238  45.0917
  1.27662 0.0379406   1.34251    45.332
  1.2774 0.034977  1.34215  45.6442
  1.27816 0.0323162   1.34031   45.9687
  1.27893 0.0306616   1.33898   46.3186
  1.27972 0.0302317   1.33812   46.6996
  1.28055 0.0308673   1.33716   47.1089
  1.28141 0.0323513   1.33556   47.5419
 1.28231 0.034977  1.33459  47.9936
  1.28326 0.0385171   1.33392   48.4587
  1.28425 0.0428277   1.33353   48.9319
  1.28528 0.0477627   1.33344   49.4083
  1.28637 0.0530074   1.33312   49.8832
   1.2875 0.0587791   1.33376   50.3531
  1.28868 0.0647928    1.3348   50.8145
   1.2899 0.0709022   1.33608   51.2646
  1.29117 0.0770047   1.33751   51.7007
  1.29248 0.0829829   1.33881   52.1209
  1.29382 0.0889095   1.34029   52.5233
   1.2952 0.0947304   1.34171   52.9065
 1.29661 0.100447  1.34299  53.2691
 1.29805 0.106084  1.34408  53.6096
 1.29958 0.112623  1.34618  53.9713
 1.30113 0.118935  1.34718  54.3039
 1.30268 0.124661  1.34689  54.5846
 1.30422 0.130184  1.34642  54.8112
 1.30574 0.135602  1.34613  54.9794
 1.30723 0.140757  1.34592  55.0807
 1.30867 0.145497  1.34577  55.1076
 1.31006 0.149706  1.34579  55.0547
 1.31138 0.153263  1.34608  54.9191
 1.31263 0.156042   1.3467  54.7005
 1.31381 0.157931   1.3477  54.4014
 1.31491 0.158832  1.34913  54.0267
 1.31593 0.158657  1.35103  53.5834
 1.31688 0.157365  1.35307  53.0811
 1.31775 0.154991  1.35556  52.5312
 1.31855 0.151529  1.35842  51.9468
 1.31929 0.147014  1.36155  51.3416
 1.31998 0.141523  1.36487  50.7304
 1.32062 0.135166   1.3683  50.1281
 1.32123 0.128079  1.37178  49.5492
 1.32182 0.120415  1.37522  49.0075
1.32239 0.11235 1.37854 48.5157
 1.32296 0.104074  1.38164  48.0853
  1.32354 0.0957873   1.38445   47.7258
  1.32414 0.0876936    1.3869   47.4446
  1.32477 0.0799965   1.38893   47.2472
  1.32542 0.0728909    1.3905   47.1364
  1.32612 0.0665563   1.39158   47.1124
  1.32686 0.0611486   1.39217    47.173
  1.32766 0.0567929   1.39228   47.3131
  1.32849 0.0535771   1.39195   47.5253
 1.32936 0.051078  1.39032  47.7818
  1.33024 0.0497507   1.38944    48.069
  1.33114 0.0494284   1.38819   48.3847
  1.33207 0.0502092   1.38693   48.7255
  1.33303 0.0519172   1.38513   49.0881
  1.33403 0.0548057   1.38389   49.4664
  1.33508 0.0586534   1.38284   49.8544
 1.33617 0.063364  1.38193  50.2486
 1.33732 0.068975  1.38131  50.6549
  1.33851 0.0749951   1.38083   51.0464
  1.33975 0.0813981   1.38058   51.4242
 1.34102 0.088195  1.38105  51.7844
  1.34234 0.0951202   1.38179   52.1229
 1.34369 0.102046   1.3827  52.4363
 1.34508 0.108843  1.38362  52.7223
 1.34649 0.115535   1.3848  52.9788
 1.34794 0.122028  1.38608  53.2043
 1.34941 0.128282  1.38735  53.3974
 1.35089 0.134278  1.38859  53.5574
 1.35233 0.139733  1.39096  53.6322
 1.35378 0.144268  1.39114  53.6707
 1.35522 0.148789  1.39254  53.6674
 1.35665 0.152725  1.39333  53.6188
 1.35805 0.156174   1.3941  53.5199
 1.35941 0.159046  1.39493  53.3643
 1.36073 0.161233  1.39586  53.1467
 1.36198 0.162644  1.39693  52.8642
 1.36316 0.163194  1.39818  52.5161
 1.36426 0.162814  1.39965  52.1039
 1.36529 0.161453  1.40134  51.6317
1.36623 0.15908 1.40328 51.1059
 1.36709 0.155675  1.40561   50.535
 1.36787 0.151245  1.40793  49.9292
 1.36858 0.145888   1.4104  49.3004
1.36922 0.13968 1.41307 48.6613
  1.3698 0.132704  1.41591  48.0252
 1.37033 0.125059  1.41884  47.4057
 1.37083 0.116876   1.4218  46.8162
  1.3713 0.108291  1.42483  46.2695
  1.37175 0.0994379   1.42783   45.7773
   1.3722 0.0904766   1.43062   45.3504
  1.37265 0.0815887   1.43329   44.9979
  1.37312 0.0729272   1.43574    44.727
  1.37362 0.0646563    1.4379   44.5433
  1.37414 0.0569405    1.4397     44.45
  1.37471 0.0499358   1.44112   44.4482
  1.37532 0.0437864   1.44211   44.5366
  1.37598 0.0386187   1.44265   44.7116
  1.3767 0.034535  1.44274  44.9672
  1.37746 0.0316078   1.44241   45.2952
  1.37821 0.0289755   1.44052   45.6355
  1.37897 0.0273635   1.43918   46.0013
  1.37975 0.0269826   1.43829   46.3982
  1.38056 0.0276706   1.43732   46.8231
  1.38141 0.0291858   1.43574   47.2701
   1.3823 0.0318337   1.43476   47.7359
  1.38323 0.0354093   1.43412   48.2154
  1.38421 0.0397492   1.43378   48.7032
  1.38523 0.0447018   1.43376   49.1945
  1.38631 0.0499449   1.43351   49.6844
  1.38743 0.0556947   1.43425   50.1696
  1.38859 0.0616615   1.43541   50.6468
  1.38981 0.0676964   1.43682    51.113
  1.39106 0.0736976   1.43837    51.566
  1.39236 0.0795487   1.43979   52.0038
  1.39369 0.0853289   1.44137   52.4249
  1.39506 0.0909904   1.44288    52.828
  1.39646 0.0965431   1.44421   53.2116
 1.39789 0.102022  1.44532  53.5746
 1.39941 0.108405  1.44745  53.9585
 1.40095 0.114575  1.44844  54.3148
 1.40249 0.120192  1.44807  54.6216
 1.40402 0.125694  1.44747  54.8783
1.40554 0.13116 1.44709  55.078
 1.40702 0.136393  1.44672  55.2112
 1.40846 0.141265  1.44641  55.2702
 1.40985 0.145664  1.44627  55.2493
 1.41117 0.149461  1.44637  55.1452
 1.41242 0.152539  1.44679  54.9576
1.41361 0.15479 1.44759 54.6886
 1.41471 0.156107  1.44881  54.3424
1.41574 0.15639 1.45049 53.9253
 1.41669 0.155595  1.45232  53.4465
 1.41757 0.153755   1.4546  52.9172
 1.41838 0.150859  1.45725  52.3499
 1.41913 0.146939  1.46014  51.7584
 1.41983 0.142067  1.46328  51.1568
 1.42049 0.136338  1.46655  50.5598
 1.42111 0.129874   1.4699  49.9815
 1.42171 0.122821  1.47324  49.4359
 1.4223 0.11534 1.47649 48.9356
 1.42288 0.107606  1.47958  48.4919
 1.42347 0.099806  1.48243  48.1145
  1.42408 0.0921366   1.48495   47.8115
  1.42472 0.0847887   1.48711   47.5881
 1.42539 0.077942  1.48882  47.4474
  1.42609 0.0717756   1.49007   47.3903
  1.42684 0.0664449   1.49084   47.4149
  1.42764 0.0620774   1.49113   47.5168
  1.42848 0.0587671   1.49097   47.6891
  1.42934 0.0560993   1.48946   47.9049
  1.43022 0.0545566   1.48868   48.1511
  1.43111 0.0539813   1.48753   48.4261
  1.43204 0.0544678   1.48642   48.7266
  1.43299 0.0558396   1.48469   49.0498
  1.43399 0.0583791    1.4835   49.3905
  1.43502 0.0618701   1.48251   49.7426
   1.4361 0.0661857   1.48172   50.1006
  1.43722 0.0711973   1.48122   50.4589
  1.43838 0.0766044   1.48054   50.8124
  1.43959 0.0825742    1.4808   51.1567
 1.44084 0.088817  1.48149  51.4877
  1.44213 0.0951658   1.48248    51.802
 1.44346 0.101487  1.48369  52.0966
 1.44482 0.107644  1.48491  52.3692
 1.44622 0.113663   1.4864   52.618
 1.44764 0.119461  1.48794  52.8417
 1.44909 0.125012  1.48943  53.0394
 1.45056 0.130321  1.49081  53.2102
 1.45197 0.135075  1.49337   53.298
  1.4534 0.138911  1.49347  53.3552
 1.45482 0.142842  1.49481  53.3763
 1.45622 0.146281  1.49546  53.3583
1.45763 0.14956 1.49604 53.3131
   1.459 0.152453  1.49697  53.2136
 1.46032 0.154601   1.4974  53.0549
 1.46158 0.156144  1.49824  52.8331
 1.46278 0.156919  1.49934  52.5464
  1.4639 0.156829  1.50069  52.1956
 1.46494 0.155799  1.50233  51.7842
  1.4659 0.153777  1.50427  51.3179
 1.46678 0.150724  1.50663  50.8047
 1.46759 0.146629  1.50903  50.2546
 1.46832 0.141579  1.51159   49.679
 1.46898 0.135644  1.51435  49.0909
 1.46958 0.128909  1.51728  48.5034
 1.47014 0.121476  1.52026  47.9303
 1.47066 0.113484  1.52325  47.3851
 1.47114 0.105088  1.52619  46.8806
  1.47162 0.0964525   1.52903   46.4289
  1.47208 0.0877477   1.53172   46.0406
  1.47256 0.0791463   1.53421   45.7248
  1.47305 0.0708199   1.53645   45.4887
  1.47356 0.0629352    1.5384   45.3375
  1.47411 0.0556514   1.54002   45.2742
   1.4747 0.0491153   1.54127   45.2998
  1.47533 0.0434581   1.54214   45.4125
1.47602 0.03879 1.54261 45.6087
  1.47676 0.0351961   1.54267   45.8821
  1.47754 0.0327321   1.54236   46.2241
  1.47832 0.0305534   1.54043   46.5755
   1.4791 0.0293727   1.53912   46.9492
  1.47991 0.0293784   1.53826   47.3503
  1.48075 0.0304292   1.53728   47.7772
 1.48162 0.032309  1.53568  48.2245
  1.48254 0.0352928   1.53471   48.6871
   1.4835 0.0391613   1.53401   49.1597
   1.4845 0.0437765   1.53358   49.6374
  1.48555 0.0489967   1.53344   50.1152
  1.48664 0.0545122   1.53307   50.5887
  1.48778 0.0605389   1.53365   51.0545
  1.48897 0.0667952   1.53463   51.5091
   1.4902 0.0731354   1.53585   51.9498
  1.49148 0.0794558   1.53721   52.3741
  1.49279 0.0856393   1.53847     52.78
  1.49414 0.0917556   1.53991    53.166
  1.49553 0.0977469   1.54131   53.5306
1.49694 0.10361 1.54259 53.8726
 1.49838 0.109366  1.54369  54.1906
 1.49991 0.115979  1.54586   54.528
 1.50147 0.122313  1.54692  54.8344
1.50301 0.12802 1.54675 55.0876
 1.50455 0.133496  1.54638  55.2876
 1.50607 0.138826  1.54627  55.4285
 1.50755 0.143817  1.54622  55.5021
 1.50899 0.148339  1.54624  55.5014
 1.51037 0.152288  1.54642  55.4223
 1.51169 0.155564  1.54682  55.2627
 1.51294 0.158092  1.54745  55.0252
 1.51415 0.160049  1.54839  54.7326
 1.51527 0.161034  1.55012  54.3547
1.51631 0.16072 1.55128 53.9082
1.51727 0.15955 1.55296 53.4036
 1.51816 0.157424  1.55496  52.8512
 1.51898 0.154357  1.55722  52.2634
 1.51974 0.150415  1.55964  51.6535
1.52045 0.14569  1.5622 51.0353
 1.52113 0.140293  1.56487  50.4226
 1.52177 0.134345   1.5676  49.8289
 1.52239 0.127976  1.57037  49.2668
 1.52301 0.121322  1.57311  48.7478
 1.52363 0.114526  1.57578  48.2822
1.52425 0.10773 1.57833 47.8787
 1.5249 0.10108  1.5807  47.544
  1.52558 0.0947183   1.58282   47.2832
  1.52629 0.0887852   1.58466   47.0989
  1.52704 0.0834112   1.58616    46.992
  1.52784 0.0787144    1.5873   46.9607
  1.52867 0.0747952   1.58804   47.0012
  1.52956 0.0717304    1.5884   47.1072
  1.53042 0.0687878   1.58763   47.2242
  1.53129 0.0665237   1.58713   47.3662
  1.53218 0.0652251   1.58677     47.54
  1.53309 0.0648317    1.5863   47.7448
  1.53404 0.0651566   1.58522   47.9759
  1.53501 0.0664705   1.58458    48.229
  1.53602 0.0686164   1.58409   48.4998
  1.53707 0.0714913   1.58379   48.7837
  1.53816 0.0749861   1.58374    49.076
  1.53929 0.0788211   1.58354   49.3724
  1.54046 0.0831652   1.58423   49.6694
  1.54167 0.0877635   1.58515   49.9633
  1.54291 0.0924998   1.58638   50.2512
 1.54419 0.097251  1.58778  50.5303
 1.54551 0.101897  1.58912  50.7984
 1.54686 0.106489  1.59067  51.0537
 1.54823 0.110961  1.59221  51.2947
1.54963  0.1153 1.59366 51.5199
 1.55105 0.119519  1.59497  51.7281
 1.55242 0.123346   1.5973  51.8653
  1.5538 0.126448   1.5973  51.9816
 1.55518 0.129774  1.59848  52.0699
 1.55655 0.132747  1.59894  52.1257
  1.5579 0.135488  1.59929  52.1427
 1.55922 0.137914  1.59966  52.1126
 1.56049 0.139915  1.60008  52.0288
1.56171 0.14139 1.60064 51.8864
1.56286 0.14224 1.60139 51.6827
 1.56395 0.142373  1.60237  51.4177
1.56495 0.14171 1.60362 51.0935
 1.56589 0.140191  1.60516  50.7149
 1.56674 0.137774  1.60704  50.2887
 1.56753 0.134458  1.60892  49.8238
 1.56824 0.130307  1.61114  49.3306
1.56889 0.12534 1.61364 48.8209
 1.56949 0.119608  1.61631   48.307
1.57004  0.1132 1.61912 47.8019
 1.57055 0.106225  1.62201  47.3184
  1.57104 0.0988041   1.62494   46.8691
  1.57151 0.0910741   1.62784   46.4658
  1.57197 0.0831822   1.63066   46.1191
  1.57245 0.0752848   1.63332   45.8382
  1.57293 0.0675446   1.63576   45.6308
 1.57344 0.060127  1.63792  45.5026
  1.57399 0.0531965   1.63972   45.4573
  1.57457 0.0469121   1.64114   45.4963
  1.57519 0.0414211   1.64212    45.619
  1.57587 0.0368533   1.64265   45.8221
  1.57659 0.0333145   1.64274      46.1
  1.57737 0.0308807   1.64241    46.445
  1.57812 0.0286935   1.64049   46.7976
  1.57889 0.0274865   1.63915   47.1714
  1.57968 0.0274673   1.63825   47.5722
 1.58049 0.028496  1.63725  47.9985
  1.58135 0.0303517   1.63562    48.445
  1.58224 0.0333183   1.63461   48.9069
1.58318 0.03718 1.63388 49.3793
  1.58416 0.0417985   1.63344   49.8573
   1.5852 0.0470306   1.63329   50.3361
  1.58627 0.0525639   1.63289   50.8113
   1.5874 0.0586232   1.63345   51.2795
  1.58857 0.0649246   1.63441   51.7373
  1.58979 0.0713224   1.63561   52.1819
  1.59105 0.0777142   1.63696   52.6109
  1.59235 0.0839801   1.63819   53.0222
  1.59369 0.0901921   1.63961   53.4142
  1.59507 0.0962916   1.64099   53.7854
 1.59648 0.102275  1.64225  54.1343
 1.59792 0.108163  1.64332  54.4595
 1.59945 0.114942  1.64547  54.8051
   1.601 0.121479  1.64654   55.121
 1.60256 0.127382  1.64629   55.384
  1.6041 0.133071  1.64584  55.5932
 1.60562 0.138632  1.64564   55.743
 1.60711 0.143876   1.6455  55.8244
 1.60856 0.148665  1.64543  55.8305
 1.60998 0.153138  1.64551  55.7769
 1.61133 0.156996  1.64619  55.6355
 1.61261 0.159839  1.64647   55.409
 1.61381 0.161869  1.64744     55.1
 1.61494 0.162904  1.64882  54.7134
 1.61598 0.162863  1.65064  54.2565
 1.61695 0.161718  1.65258  53.7391
 1.61784 0.159508  1.65495  53.1727
1.61867 0.15623  1.6577 52.5702
 1.61943 0.151915  1.66071  51.9456
 1.62014 0.146644  1.66392  51.3134
  1.6208 0.140521  1.66727  50.6886
1.62144 0.13367 1.67069 50.0855
1.62205 0.12624  1.6741 49.5179
 1.62264 0.118395  1.67742  48.9987
 1.62324 0.110314  1.68056  48.5392
 1.62384 0.102188  1.68344   48.149
 1.62446 0.094214  1.68599  47.8359
 1.62511 0.086589  1.68814  47.6052
  1.62579 0.0795048   1.68984   47.4602
  1.62651 0.0731404   1.69106   47.4013
  1.62727 0.0676538   1.69179   47.4268
  1.62808 0.0631752   1.69203   47.5318
  1.62894 0.0597994   1.69182   47.7093
  1.62979 0.0567769   1.69044   47.9024
  1.63064 0.0546672   1.68933   48.1243
  1.63151 0.0537582   1.68842    48.381
  1.63242 0.0539497   1.68747   48.6696
  1.63336 0.0550088   1.68596    48.984
  1.63434 0.0571773   1.68499   49.3184
  1.63536 0.0602542   1.68427   49.6673
  1.63642 0.0640967   1.68382   50.0251
  1.63752 0.0685633   1.68367   50.3862
  1.63867 0.0733547   1.68335   50.7457
  1.63985 0.0786417   1.68393   51.0996
  1.64108 0.0841503    1.6849   51.4441
 1.64234 0.089729  1.68614   51.776
  1.64365 0.0952627   1.68754   52.0928
 1.64498 0.100635  1.68888  52.3924
 1.64635 0.105897  1.69043  52.6731
 1.64774 0.110983  1.69197  52.9338
 1.64916 0.115886  1.69342  53.1733
  1.6506 0.120621  1.69471  53.3907
 1.65199 0.124943  1.69694   53.533
 1.65338 0.128431  1.69709  53.6422
 1.65477 0.132099  1.69791   53.726
 1.65615 0.135542  1.69842  53.7752
 1.65752 0.138687  1.69863  53.7818
 1.65885 0.141519   1.6988  53.7382
 1.66014 0.143948  1.69901  53.6375
 1.66137 0.145877  1.69932   53.475
 1.66254 0.147216  1.69978  53.2478
1.66364 0.14788 1.70045 52.9557
 1.66466 0.147795  1.70138  52.6006
 1.66561 0.146897  1.70259   52.187
 1.66648 0.145138  1.70417  51.7216
 1.66728 0.142507  1.70578  51.2128
 1.66802 0.139053  1.70778   50.671
 1.66869 0.134774  1.71012  50.1075
  1.6693 0.129701   1.7127  49.5346
 1.66987 0.123899  1.71549  48.9652
  1.6704 0.117452  1.71845  48.4124
  1.6709 0.110462  1.72151  47.8888
 1.67139 0.103046  1.72462  47.4066
  1.67187 0.0953368    1.7277   46.9769
  1.67235 0.0874829   1.73066   46.6098
  1.67285 0.0796434   1.73342   46.3135
  1.67336 0.0719867   1.73591   46.0947
  1.67391 0.0646862   1.73804   45.9581
  1.67449 0.0579144   1.73975    45.906
  1.67511 0.0518367     1.741   45.9387
  1.67577 0.0466036   1.74176   46.0538
  1.67649 0.0423431   1.74202   46.2467
  1.67725 0.0391532   1.74182   46.5101
 1.67803 0.036542  1.73996  46.8147
  1.67881 0.0350391   1.73895   47.1404
  1.67961 0.0345045   1.73781   47.4943
1.68045 0.03511 1.73667 47.8764
  1.68131 0.0366117    1.7349   48.2815
  1.68222 0.0392895   1.73371   48.7043
  1.68317 0.0429372   1.73276   49.1398
  1.68417 0.0474239   1.73206   49.5826
  1.68521 0.0526082   1.73165   50.0276
   1.6863 0.0581783   1.73099   50.4697
  1.68744 0.0643475   1.73129   50.9051
  1.68863 0.0708218   1.73203   51.3298
  1.68986 0.0774401   1.73305   51.7405
  1.69114 0.0840799   1.73427   52.1342
  1.69246 0.0906006   1.73544   52.5084
  1.69382 0.0970497   1.73686   52.8613
 1.69521 0.103346  1.73832  53.1912
 1.69663 0.109468  1.73971  53.4969
 1.69809 0.115423  1.74097  53.7772
 1.69963 0.122174  1.74336  54.0764
 1.70124 0.128995   1.7447  54.3803
 1.70285 0.135298  1.74526  54.6289
 1.70445 0.140979  1.74449  54.8217
 1.70603 0.146564  1.74441  54.9509
 1.70757 0.151761  1.74433  55.0086
 1.70906 0.156476  1.74425  54.9886
 1.71049 0.160625  1.74423  54.8864
 1.71186 0.164126  1.74433  54.6997
 1.71316 0.166902  1.74464  54.4288
 1.71438 0.168876  1.74522  54.0762
 1.71552 0.169979  1.74614   53.647
 1.71658 0.170138  1.74759  53.1483
 1.71756 0.169301  1.74913  52.5891
 1.71848 0.167506  1.75111  51.9805
 1.71933 0.164726  1.75359  51.3346
 1.72012 0.160954  1.75645  50.6647
 1.72085 0.156229  1.75962  49.9849
 1.72155 0.150612  1.76305  49.3095
 1.72222 0.144191  1.76668  48.6528
 1.72286 0.137079   1.7704  48.0286
 1.72349 0.129413  1.77412  47.4501
 1.72412 0.121353  1.77773   46.929
 1.72475 0.113078  1.78112  46.4758
  1.7254 0.104785   1.7842  46.0989
  1.72607 0.0966816   1.78686   45.8049
  1.72677 0.0889778   1.78903   45.5981
 1.72751 0.081878  1.79066  45.4799
  1.72829 0.0755717   1.79172   45.4496
  1.72911 0.0702213   1.79223   45.5034
 1.72998 0.065952   1.7922  45.6348
  1.73084 0.0621046   1.79102   45.7894
   1.7317 0.0592033   1.78994   45.9795
  1.73259 0.0575435   1.78912   46.2105
  1.73351 0.0570221   1.78818   46.4793
  1.73446 0.0574427   1.78666   46.7795
  1.73545 0.0590317   1.78564   47.1049
  1.73648 0.0615907   1.78487   47.4492
 1.73756 0.064975  1.78436  47.8062
 1.73867 0.069035  1.78417  48.1699
  1.73983 0.0734766   1.78385   48.5347
  1.74103 0.0784404   1.78439   48.8959
  1.74226 0.0836533   1.78534   49.2494
  1.74354 0.0889537   1.78656   49.5915
  1.74485 0.0942259   1.78795   49.9192
  1.74619 0.0993456   1.78932   50.2302
 1.74755 0.104351  1.79091  50.5226
 1.74895 0.109173  1.79251  50.7953
 1.75036 0.113797  1.79402  51.0469
 1.75179 0.118231  1.79539  51.2766
 1.75317 0.122181  1.79775  51.4303
 1.75456 0.125371  1.79781  51.5601
 1.75594 0.128739  1.79914  51.6587
 1.75731 0.131687  1.79969  51.7222
1.75866 0.13436 1.80015 51.7449
 1.75997 0.136676  1.80061  51.7195
 1.76124 0.138535  1.80111  51.6397
 1.76244 0.139847  1.80173  51.5013
1.76359 0.14052 1.80253 51.3019
 1.76466 0.140472  1.80354  51.0419
 1.76566 0.139632   1.8048  50.7237
 1.76658 0.137947  1.80634  50.3523
 1.76743 0.135381   1.8082  49.9347
 1.7682 0.13194 1.81006 49.4798
 1.7689 0.12769 1.81225 48.9981
 1.76954 0.122651   1.8147  48.5012
 1.77013 0.116879  1.81732  48.0015
 1.77067 0.110462  1.82007  47.5118
 1.77118 0.103508  1.82291  47.0447
  1.77166 0.0961369   1.82578   46.6126
 1.77213 0.088484  1.82864  46.2272
 1.77259 0.080694  1.83141  45.8989
  1.77306 0.0729204   1.83402   45.6366
 1.77355 0.065323  1.83643   45.448
  1.77406 0.0580645   1.83854   45.3385
  1.77461 0.0513068   1.84032   45.3116
  1.77519 0.0452061    1.8417   45.3687
  1.77582 0.0399074   1.84266    45.509
   1.7765 0.0355385   1.84317    45.729
 1.77724 0.032203  1.84324  46.0232
  1.77802 0.0299751   1.84288   46.3835
  1.77879 0.0280286   1.84101   46.7515
  1.77956 0.0270526   1.83969     47.14
  1.78036 0.0272523   1.83876   47.5545
   1.7812 0.0284973   1.83772   47.9931
 1.78207 0.030569  1.83609  48.4504
  1.78297 0.0337384   1.83506   48.9215
 1.78393 0.037791  1.83431  49.4011
  1.78492 0.0425866   1.83383   49.8845
 1.78596 0.047982  1.83366  50.3665
  1.78705 0.0536678   1.83326   50.8429
  1.78819 0.0598559    1.8338   51.3101
  1.78937 0.0662652   1.83475   51.7649
  1.79059 0.0727496   1.83594   52.2043
  1.79186 0.0792043   1.83727   52.6261
  1.79317 0.0855121   1.83851   53.0283
  1.79451 0.0917407   1.83993   53.4093
  1.79589 0.0991974   1.84599   53.7659
  1.7973 0.103682  1.84273  54.0912
 1.79871 0.109042  1.84295  54.3847
 1.80019 0.115444  1.84515   54.691
 1.80169 0.121641  1.84692  54.9585
 1.80317 0.126755  1.84635  55.1651
 1.80463 0.131637  1.84602  55.3113
 1.80605 0.136421  1.84652  55.3927
 1.80743 0.140456  1.84611  55.4017
 1.80874 0.144028  1.84617   55.333
 1.81002 0.147206  1.84648  55.2056
 1.81122 0.149661  1.84745  54.9906
 1.81233 0.150989  1.84795  54.6934
 1.81336 0.151437  1.84918  54.3183
 1.81431 0.150823  1.85081  53.8714
1.81516 0.14908 1.85287 53.3614
1.81593  0.1462 1.85502 52.7992
 1.81663 0.142237  1.85758  52.1972
 1.81724 0.137205  1.86048  51.5691
  1.8178 0.131157   1.8636  50.9293
 1.81829 0.124189  1.86687  50.2929
 1.81874 0.116424  1.87023  49.6748
 1.81916 0.108003  1.87361  49.0895
  1.81955 0.0990902   1.87693   48.5506
  1.81992 0.0898626    1.8801   48.0705
   1.8203 0.0805104   1.88306   47.6602
  1.82068 0.0712316   1.88572   47.3286
  1.82108 0.0622266   1.88801   47.0825
   1.8215 0.0536935   1.88989   46.9268
  1.82195 0.0458214    1.8913   46.8635
  1.82245 0.0387832   1.89222   46.8923
  1.82299 0.0327293   1.89265   47.0104
  1.82357 0.0277812    1.8926   47.2123
  1.82421 0.0240271   1.89209     47.49
  1.82482 0.0204082   1.88967   47.7807
  1.82543 0.0179322   1.88815   48.1006
  1.82606 0.0167847    1.8871   48.4573
  1.82673 0.0168168   1.88604   48.8497
  1.82744 0.0177425   1.88425   49.2729
  1.82819 0.0199249   1.88319   49.7225
  1.82899 0.0231325   1.88241   50.1939
  1.82985 0.0272314   1.88191   50.6824
  1.83076 0.0320901   1.88168   51.1834
  1.83173 0.0373644   1.88105   51.6923
  1.83276 0.0433622   1.88148   52.2054
  1.83385 0.0497782   1.88229    52.719
  1.83501 0.0564688   1.88332   53.2298
 1.83622 0.063339  1.88447  53.7343
 1.83748 0.070262  1.88545  54.2294
  1.8388 0.077317  1.88658  54.7124
  1.84018 0.0844434   1.88764   55.1802
   1.8416 0.0916329   1.88855   55.6301
  1.84306 0.0988967   1.88927   56.0587
  1.8445 0.106124  1.89146   56.408
1.84596 0.11252 1.89092 56.7185
 1.84744 0.119249  1.89099  56.9953
1.84893 0.12589 1.89075 57.2264
1.85042 0.13234 1.89026 57.4008
 1.85188 0.138535  1.88979  57.5079
  1.8533 0.144337  1.88945  57.5385
 1.85468 0.149602   1.8893  57.4855
   1.856 0.154189   1.8894  57.3445
 1.85724 0.157965  1.88982  57.1142
1.85842 0.16081  1.8906 56.7957
 1.85951 0.162622   1.8918  56.3935
 1.86052 0.163314  1.89345  55.9143
 1.86146 0.162847  1.89524  55.3675
 1.86231 0.161245   1.8975  54.7643
  1.8631 0.158487  1.90019  54.1175
 1.86382 0.154594  1.90319  53.4412
 1.86448 0.149627  1.90644    52.75
 1.86509 0.143674  1.90989  52.0592
 1.86566 0.136846  1.91347  51.3838
  1.8662 0.129277   1.9171  50.7381
 1.86672 0.121121  1.92068  50.1357
 1.86724 0.112551  1.92413  49.5889
 1.86775 0.103755  1.92734  49.1082
  1.86826 0.0949329   1.93024   48.7025
   1.8688 0.0862882   1.93273   48.3784
  1.86935 0.0780256   1.93477   48.1401
  1.86994 0.0703409   1.93629   47.9895
  1.87056 0.0634139   1.93728   47.9258
  1.87122 0.0574003   1.93775   47.9458
  1.87192 0.0524257   1.93771   48.0437
  1.87263 0.0478039    1.9355   48.1866
  1.87332 0.0443602   1.93453   48.3555
  1.87403 0.0419237    1.9335   48.5618
  1.87476 0.0406848   1.93257   48.8077
  1.87553 0.0403537   1.93084   49.0894
  1.87633 0.0413119    1.9298   49.4032
  1.87718 0.0433428     1.929   49.7451
  1.87808 0.0463288   1.92844   50.1106
  1.87904 0.0501486   1.92815   50.4951
  1.88005 0.0544621   1.92744    50.894
  1.88112 0.0595794   1.92778   51.3034
  1.88224 0.0651913   1.92854   51.7194
  1.88343 0.0711448   1.92953   52.1381
  1.88468 0.0773333   1.93068   52.5559
  1.88598 0.0836328   1.93167   52.9705
  1.88735 0.0902292   1.93285   53.3875
  1.88877 0.0969415   1.93422   53.7912
 1.89024 0.103611  1.93509    54.18
 1.89175 0.111957  1.94127  54.5484
 1.89337 0.118238  1.93844  54.9333
 1.89499 0.125392  1.93833  55.2791
 1.89661 0.132266  1.93822  55.5607
1.89821 0.13862 1.93714 55.7757
 1.89978 0.144872  1.93679  55.9169
  1.9013 0.150697  1.93661  55.9751
 1.90277 0.155925  1.93656  55.9436
1.90417 0.16042 1.93675 55.8178
 1.90549 0.164045  1.93726  55.5962
 1.90672 0.166667  1.93816    55.28
 1.90787 0.168164  1.93951  54.8733
 1.90892 0.168433  1.94134  54.3826
 1.90988 0.167378   1.9438  53.8174
 1.91075 0.164949  1.94638  53.1891
 1.91154 0.161198  1.94942  52.5113
 1.91224 0.156131  1.95288  51.7989
 1.91286 0.149791  1.95661  51.0677
 1.91342 0.142277   1.9605  50.3344
 1.91392 0.133725  1.96447  49.6155
1.91438  0.1243 1.96842 48.9272
  1.9148 0.114194  1.97226  48.2848
 1.91519 0.103618  1.97588  47.7025
  1.91558 0.0927976   1.97921   47.1925
  1.91596 0.0819691   1.98216   46.7651
  1.91635 0.0713689   1.98467   46.4286
  1.91675 0.0612276   1.98668   46.1883
  1.91718 0.0517596    1.9882   46.0472
  1.91765 0.0431525    1.9892   46.0056
  1.91815 0.0355735   1.98964   46.0608
  1.91869 0.0291632    1.9896   46.2078
  1.91928 0.0240131   1.98912    46.439
  1.91983 0.0188626   1.98625   46.6845
  1.92038 0.0149813   1.98461   46.9646
  1.92094 0.0125398   1.98362    47.289
  1.92154 0.0113563   1.98267   47.6582
  1.92217 0.0111139   1.98088   48.0677
  1.92286 0.0122395   1.97991   48.5138
  1.92359 0.0144865   1.97925   48.9925
  1.92438 0.0177238   1.97885   49.4994
  1.92524 0.0218266   1.97872     50.03
  1.92616 0.0264303   1.97808   50.5799
  1.92715 0.0319114   1.97856   51.1455
   1.9282 0.0379519   1.97941   51.7229
  1.92933 0.0444131   1.98044   52.3084
  1.93053 0.0512097   1.98154    52.898
   1.9318 0.0582258   1.98243   53.4879
  1.93313 0.0655458   1.98341   54.0744
  1.93453 0.0731158   1.98428   54.6534
  1.93599 0.0809306   1.98495   55.2207
   1.9375 0.0890019   1.98539   55.7717
    1.939 0.0972833   1.98773   56.2456
 1.94051 0.104534  1.98682  56.6644
 1.94204 0.112112  1.98641  57.0447
 1.94359 0.119804  1.98617  57.3771
 1.94514 0.127329  1.98565  57.6505
 1.94668 0.134591  1.98524  57.8524
 1.94818 0.141405  1.98506  57.9724
 1.94963 0.147586  1.98519  58.0026
 1.95102 0.152948  1.98571  57.9378
1.95235 0.15732 1.98664 57.7764
 1.95359 0.160554  1.98802  57.5199
 1.95475 0.162532  1.98984   57.173
1.95583 0.16317 1.99211 56.7435
 1.95682 0.162441  1.99447  56.2415
 1.95772 0.160396  1.99725  55.6795
 1.95855 0.157049  2.00034  55.0716
  1.9593 0.152461  2.00362  54.4328
 1.95999 0.146745  2.00702   53.779
 1.96062 0.140034  2.01048  53.1261
 1.96121 0.132487  2.01395  52.4899
 1.96176 0.124275  2.01734   51.885
 1.96228 0.115587  2.02061  51.3251
  1.9628 0.106617  2.02367  50.8222
   1.9633 0.0975629   2.02646   50.3866
  1.96382 0.0886246   2.02894   50.0264
  1.96435 0.0799961   2.03103   49.7474
  1.9649 0.071862  2.03272  49.5533
 1.96548 0.064393  2.03396  49.4449
1.96609 0.05774 2.03474 49.4209
  1.96674 0.0520302   2.03508   49.4778
  1.96743 0.0473652   2.03499   49.6097
  1.96807 0.0424249   2.03241   49.7413
  1.96869 0.0385182   2.03084   49.8968
  1.96932 0.0358948   2.03033   50.0885
  1.96997 0.0343241   2.02969   50.3197
  1.97066 0.0335162   2.02823   50.5858
 1.97138 0.033931  2.02751  50.8874
 1.97214 0.035385  2.02716  51.2225
  1.97296 0.0377336    2.0271   51.5879
  1.97384 0.0408534   2.02732   51.9803
 1.97478 0.044388  2.02705  52.3964
  1.97579 0.0487188   2.02793   52.8335
  1.97685 0.0535259   2.02921   53.2883
  1.97799 0.0586775   2.03065    53.758
  1.97919 0.0641029   2.03216   54.2395
  1.98046 0.0697005   2.03342   54.7297
  1.98179 0.0755744   2.03473   55.2254
  1.98319 0.0816957   2.03585   55.7232
  1.98464 0.0880864   2.03671   56.2193
  1.98615 0.0947871   2.03724   56.7093
1.98776 0.10297 2.03935 57.2304
 1.98943 0.111057  2.03957   57.728
 1.99112 0.118877  2.03822  58.1784
 1.99282 0.126906  2.03665   58.577
 1.99452 0.135164  2.03531  58.9119
 1.99621 0.143405  2.03401  59.1694
1.99786 0.15145 2.03284 59.3378
 1.99946 0.159122  2.03192  59.4077
 2.00101 0.166238  2.03136  59.3734
 2.00249 0.172619  2.03125  59.2322
  2.0039 0.178094  2.03166  58.9847
 2.00523 0.182475  2.03268  58.6327
 2.00648 0.185595   2.0343  58.1822
 2.00765 0.187373  2.03621  57.6426
 2.00873 0.187788  2.03873  57.0255
 2.00974 0.186782  2.04179  56.3442
 2.01067 0.184351  2.04516   55.614
2.01154 0.18056 2.04889  54.851
 2.01235 0.175487  2.05284  54.0722
  2.0131 0.169253  2.05691  53.2942
 2.01382 0.162013    2.061  52.5337
 2.01451 0.153954  2.06501  51.8066
 2.01518 0.145278  2.06884  51.1268
 2.01584 0.136194  2.07238  50.5066
 2.0165 0.12694 2.07555 49.9568
 2.01716 0.117751  2.07828  49.4856
 2.01785 0.108856  2.08051  49.0987
 2.01855 0.100475  2.08221  48.7992
  2.01929 0.0928031   2.08337   48.5876
 2.02005 0.086009  2.08399  48.4613
  2.02085 0.0802243   2.08411   48.4153
 2.02166 0.074812  2.08234  48.4186
  2.02246 0.0706164   2.08167   48.4619
  2.02327 0.0674459   2.08081   48.5469
  2.02411 0.0653933      2.08   48.6734
  2.02498 0.0642508   2.07841   48.8399
  2.02588 0.0644057   2.07749   49.0425
  2.02682 0.0656353   2.07677   49.2769
  2.02781 0.0678334   2.07623   49.5382
  2.02885 0.0708875   2.07595   49.8216
  2.02994 0.0744672   2.07529   50.1223
  2.03109 0.0788549   2.07567   50.4361
  2.03229 0.0837448   2.07643   50.7586
  2.03355 0.0889876   2.07744   51.0859
  2.03486 0.0944727   2.07861   51.4141
 2.03622 0.100053  2.07966  51.7396
 2.03763 0.105789  2.08092  52.0591
 2.03908 0.111601  2.08217  52.3694
 2.04058 0.117466   2.0833  52.6675
 2.04212 0.123385  2.08427  52.9502
2.04362 0.12918 2.08671  53.159
 2.04512 0.133921  2.08641  53.3195
 2.04662 0.138767  2.08682  53.4419
 2.04812 0.143514  2.08713  53.5263
  2.0496 0.148053  2.08731  53.5654
 2.05106 0.152252  2.08751  53.5485
 2.05248 0.155964  2.08786  53.4671
 2.05385 0.159049  2.08847  53.3152
2.05515 0.16136 2.08941 53.0894
 2.05638 0.162756  2.09071  52.7888
 2.05753 0.163119   2.0924  52.4159
  2.0586 0.162356  2.09449  51.9757
 2.05958 0.160391  2.09709  51.4759
 2.06048 0.157189  2.09979  50.9265
  2.0613 0.152816  2.10272  50.3396
 2.06205 0.147332   2.1059  49.7287
2.06273 0.14081 2.10927 49.1081
 2.06335 0.133361  2.11271  48.4926
 2.06392 0.125134  2.11613  47.8972
2.06445  0.1163 2.11947 47.3361
 2.06496 0.107044  2.12268  46.8227
  2.06545 0.0975605    2.1257   46.3692
  2.06593 0.0880482   2.12847    45.986
  2.06642 0.0787045   2.13095   45.6815
  2.06693 0.0697214   2.13308   45.4621
  2.06746 0.0612806   2.13484   45.3319
  2.06802 0.0535492   2.13619   45.2924
  2.06862 0.0466751   2.13713    45.343
  2.06926 0.0407822   2.13765   45.4804
  2.06995 0.0359668   2.13777    45.699
  2.07068 0.0322952   2.13751   45.9913
  2.07139 0.0286396    2.1352   46.2887
  2.07208 0.0260412   2.13369     46.61
  2.07279 0.0247287   2.13296   46.9642
  2.07354 0.0245035   2.13217   47.3518
  2.07431 0.0251046   2.13062    47.769
  2.07513 0.0269075    2.1298   48.2119
  2.07599 0.0296814   2.12925   48.6766
  2.07691 0.0333018   2.12896   49.1589
  2.07787 0.0376439   2.12896   49.6546
   2.0789 0.0423682   2.12854   50.1596
  2.07997 0.0477944   2.12916   50.6709
  2.08111 0.0536246   2.13015    51.185
   2.0823 0.0597233   2.13135    51.699
 2.08355 0.066005  2.13263  52.2097
  2.08486 0.0723533   2.13373   52.7143
  2.08622 0.0788567   2.13495   53.2101
  2.08763 0.0854634   2.13608   53.6943
  2.08908 0.0921727   2.13703   54.1639
  2.09058 0.0990029   2.13777   54.6158
2.09219 0.10708 2.13997  55.095
 2.09388 0.115402  2.14069  55.5819
 2.09559 0.123442  2.14047   56.014
 2.09731 0.131105  2.13897  56.3866
 2.09901 0.138859  2.13821  56.6887
 2.10068 0.146368  2.13756  56.9096
 2.10231 0.153485  2.13702  57.0406
 2.10389 0.160064  2.13665  57.0747
 2.10541 0.165967  2.13652  57.0081
 2.10685 0.171065   2.1367  56.8395
 2.10822 0.175235  2.13727  56.5708
  2.1095 0.178368  2.13827  56.2064
 2.11071 0.180369  2.13976  55.7534
 2.11183 0.181184  2.14144  55.2215
 2.11288 0.180824  2.14365  54.6223
 2.11385 0.179249  2.14636  53.9688
 2.11475 0.176458  2.14946  53.2755
  2.1156 0.172493  2.15288  52.5579
 2.11639 0.167427  2.15657  51.8315
 2.11715 0.161357  2.16045  51.1122
 2.11787 0.154406  2.16443  50.4153
 2.11857 0.146724   2.1684  49.7552
 2.11925 0.138485  2.17225  49.1454
 2.11994 0.129884  2.17587  48.5975
 2.12063 0.121131  2.17916  48.1215
 2.12133 0.112448  2.18203   47.725
 2.12205 0.104058   2.1844  47.4135
  2.12281 0.0961815   2.18621   47.1898
   2.1236 0.0890195   2.18745    47.054
  2.12442 0.0827495    2.1881   47.0033
  2.12529 0.0775143   2.18821   47.0323
  2.12612 0.0725098   2.18683    47.082
  2.12696 0.0684652   2.18575   47.1691
  2.12781 0.0656889    2.1851    47.301
  2.12869 0.0640477   2.18432   47.4765
  2.12961 0.0633351   2.18286   47.6902
  2.13056 0.0638443   2.18197   47.9371
  2.13154 0.0653705   2.18136   48.2117
 2.13258 0.067774    2.181  48.5086
  2.13366 0.0709128   2.18094   48.8221
  2.13478 0.0744771   2.18065    49.147
  2.13595 0.0786742   2.18128   49.4791
2.13717 0.08322 2.18231 49.8142
  2.13843 0.0879642   2.18358   50.1485
  2.13973 0.0927965   2.18499   50.4787
  2.14107 0.0975951    2.1863   50.8021
 2.14245 0.102421   2.1878  51.1161
 2.14386 0.107209  2.18926  51.4187
  2.1453 0.111949   2.1906  51.7077
 2.14677 0.116654  2.19177  51.9811
 2.14819 0.121054  2.19413  52.1801
2.14963 0.12473 2.19389 52.3575
2.15107 0.12872 2.19491 52.5057
 2.15251 0.132407  2.19517  52.6194
 2.15392 0.135913  2.19535  52.6911
 2.15531 0.139136  2.19555  52.7119
 2.15665 0.141952  2.19584  52.6742
 2.15794 0.144245  2.19629  52.5723
 2.15917 0.145896  2.19697   52.403
 2.16032 0.146798  2.19792  52.1658
  2.1614 0.146857  2.19917  51.8627
2.16241   0.146 2.20074 51.4982
 2.16333 0.144173  2.20268  51.0792
 2.16418 0.141367  2.20466  50.6148
 2.16495 0.137642  2.20698  50.1157
 2.16566 0.133009  2.20961   49.594
2.16631 0.12752 2.21241 49.0625
 2.16691 0.121265  2.21536  48.5346
 2.16747 0.114353   2.2184  48.0239
   2.168 0.106912  2.22147  47.5435
  2.16851 0.0990824   2.22451   47.1057
  2.16901 0.0910192   2.22746   46.7218
 2.16951 0.082886  2.23025  46.4017
 2.17002 0.074853  2.23281  46.1535
  2.17055 0.0670933   2.23506   45.9836
  2.17111 0.0597792   2.23696   45.8961
   2.1717 0.0530766   2.23846    45.893
  2.17233 0.0471399   2.23952   45.9738
 2.17301 0.042105  2.24012   46.136
  2.17374 0.0380839   2.24027   46.3742
  2.17451 0.0351587   2.23999   46.6811
  2.17526 0.0323932   2.23797   46.9944
  2.17601 0.0306208   2.23663   47.3299
  2.17679 0.0300549    2.2358   47.6945
 2.17759 0.030546  2.23488  48.0876
  2.17843 0.0318635   2.23328   48.5044
   2.1793 0.0343239   2.23233   48.9406
  2.18022 0.0377063   2.23167   49.3915
  2.18119 0.0418767   2.23129   49.8526
   2.1822 0.0466993   2.23119   50.3192
  2.18327 0.0518525   2.23078   50.7872
  2.18438 0.0575934   2.23136   51.2531
  2.18555 0.0636348   2.23232   51.7136
  2.18676 0.0698357   2.23351   52.1658
  2.18803 0.0761024   2.23482   52.6069
  2.18933 0.0823123   2.23598   53.0347
  2.19069 0.0885489    2.2373   53.4471
  2.19208 0.0947559   2.23856   53.8421
 2.19351 0.100931  2.23968  54.2178
 2.19497 0.107095   2.2406   54.572
 2.19653 0.114332   2.2427  54.9537
2.19818 0.12186 2.24367 55.3463
 2.19983 0.129001  2.24371  55.6832
2.20148 0.13566 2.24235 55.9628
 2.20311 0.142384  2.24177  56.1753
 2.20471 0.148837  2.24124  56.3113
 2.20626 0.154896  2.24076  56.3631
 2.20776 0.160446   2.2404  56.3248
  2.2092 0.165374  2.24023  56.1932
 2.21057 0.169572  2.24032  55.9676
 2.21186 0.172933  2.24076    55.65
 2.21307 0.175361   2.2416  55.2448
  2.2142 0.176768  2.24292  54.7591
 2.21526 0.177102  2.24444  54.2021
 2.21624 0.176367  2.24649  53.5848
 2.21715 0.174522  2.24905    52.92
   2.218 0.171554  2.25202  52.2214
  2.2188 0.167497  2.25535  51.5038
 2.21955 0.162408  2.25896  50.7822
 2.22026 0.156374  2.26279  50.0719
 2.22095 0.149507  2.26674  49.3877
 2.22162 0.141947   2.2707  48.7435
 2.22228 0.133862  2.27455  48.1523
 2.22295 0.125442  2.27818  47.6255
 2.22362 0.116894  2.28147  47.1726
 2.22431 0.108439  2.28433  46.8009
 2.22503 0.100303  2.28668  46.5158
 2.22578 0.092707  2.28846  46.3196
  2.22657 0.0858565   2.28964   46.2123
  2.22741 0.0799314   2.29023   46.1909
  2.22828 0.0750751   2.29025   46.2494
  2.22913 0.0705925   2.28907   46.3316
  2.22999 0.0670542     2.288   46.4517
  2.23087 0.0647819   2.28722   46.6163
  2.23179 0.0636644   2.28634   46.8224
  2.23273 0.0634933   2.28483   47.0637
  2.23371 0.0645201   2.28385   47.3344
  2.23473 0.0665433   2.28314   47.6286
   2.2358 0.0694135    2.2827   47.9399
   2.2369 0.0729823   2.28257   48.2624
  2.23805 0.0769471    2.2823   48.5905
  2.23924 0.0814638    2.2829   48.9196
 2.24047 0.086255  2.28392  49.2453
 2.24174 0.091162   2.2852  49.5641
  2.24305 0.0960676   2.28664   49.8727
2.24439 0.10085 2.28804 50.1685
 2.24576 0.105554  2.28964  50.4498
 2.24715 0.110113  2.29123  50.7148
 2.24857 0.114516  2.29274  50.9623
 2.25001 0.118777  2.29408  51.1912
 2.25139 0.122583  2.29631  51.3434
 2.25278 0.125555  2.29648  51.4641
 2.25416 0.128763  2.29737  51.5636
 2.25554 0.131797  2.29795  51.6328
2.25689 0.13456  2.2982 51.6626
 2.25822 0.137037  2.29837  51.6452
  2.2595 0.139152  2.29857  51.5737
 2.26072 0.140815  2.29884  51.4431
 2.26188 0.141938  2.29924  51.2503
 2.26298 0.142442  2.29983  50.9949
   2.264 0.142254  2.30065  50.6785
 2.26494 0.141314  2.30176  50.3052
 2.26581 0.139572  2.30322  49.8814
 2.26661 0.137015  2.30472  49.4151
 2.26734 0.133685  2.30662  48.9162
 2.26801 0.129573  2.30886  48.3958
 2.26863 0.124703  2.31137  47.8657
  2.2692 0.119129  2.31411  47.3386
 2.26974 0.112925  2.31704   46.827
 2.27025 0.106181  2.32011  46.3435
  2.27074 0.0990054   2.32325   45.9001
  2.27123 0.0915225   2.32638   45.5077
  2.27172 0.0838726   2.32941   45.1764
  2.27223 0.0762101   2.33226   44.9144
  2.27275 0.0687008   2.33483   44.7286
   2.2733 0.0615172   2.33705   44.6235
  2.27389 0.0548332   2.33885   44.6019
  2.27452 0.0488172   2.34018    44.664
  2.27519 0.0436241     2.341   44.8078
  2.27591 0.0393872   2.34132   45.0286
  2.27667 0.0362102   2.34115   45.3195
  2.27746 0.0336144   2.33937   45.6515
  2.27825 0.0321208   2.33837   46.0045
  2.27905 0.0316074   2.33722   46.3861
  2.27989 0.0322332   2.33612   46.7953
  2.28077 0.0337528   2.33434   47.2272
  2.28168 0.0364587   2.33314   47.6768
  2.28263 0.0401415   2.33219   48.1386
  2.28364 0.0446688   2.33148   48.6075
  2.28468 0.0498998   2.33106   49.0781
  2.28578 0.0555219   2.33041   49.5454
  2.28692 0.0617426   2.33071   50.0053
  2.28812 0.0682675   2.33144   50.4539
  2.28935 0.0749339   2.33247   50.8877
  2.29063 0.0816169    2.3337   51.3037
  2.29196 0.0881759   2.33488   51.6995
  2.29332 0.0946554   2.33632   52.0732
 2.29471 0.100973   2.3378   52.423
 2.29614 0.107104  2.33921  52.7475
 2.29759 0.113048  2.34051  53.0456
 2.29913 0.119818  2.34296  53.3663
2.30075 0.12668 2.34445 53.6933
 2.30237 0.133011  2.34508  53.9666
 2.30398 0.138696  2.34443  54.1832
 2.30556 0.144231  2.34447  54.3349
 2.30711 0.149335  2.34456  54.4145
  2.3086 0.153908   2.3447  54.4161
2.31004 0.15786 2.34492 54.3357
 2.31141 0.161107  2.34526  54.1713
  2.3127 0.163574  2.34581  53.9236
 2.31392 0.165192  2.34662  53.5957
 2.31505 0.165902  2.34774  53.1929
 2.31611 0.165644  2.34936  52.7227
 2.31709 0.164382    2.351  52.1946
   2.318 0.162171  2.35307  51.6198
 2.31884 0.159004  2.35554  51.0108
 2.31963 0.154895  2.35834  50.3808
 2.32036 0.149898  2.36141   49.744
2.32105 0.14409 2.36469 49.1143
 2.32172 0.137569  2.36812  48.5059
 2.32236 0.130454  2.37162  47.9322
 2.32299 0.122884  2.37511  47.4057
 2.32362 0.115017  2.37847  46.9376
 2.32425 0.107028  2.38163  46.5377
  2.32491 0.0991029   2.38449   46.2139
  2.32559 0.0914355   2.38696    45.972
   2.3263 0.0842212   2.38897   45.8157
  2.32706 0.0776487   2.39048   45.7461
  2.32785 0.0718908   2.39145   45.7617
   2.3287 0.0670959   2.39189   45.8584
  2.32959 0.0633788   2.39182   46.0294
  2.33046 0.0600911   2.39062   46.2205
  2.33135 0.0577302   2.38949   46.4434
  2.33226 0.0565866   2.38868   46.7032
   2.3332 0.0565445   2.38773    46.997
  2.33418 0.0574183   2.38621   47.3182
  2.33519 0.0594241   2.38518   47.6606
  2.33624 0.0623626   2.38441   48.0181
  2.33733 0.0660889   2.38391   48.3845
  2.33847 0.0704507   2.38373   48.7539
  2.33964 0.0751583   2.38345   49.1209
  2.34085 0.0803424   2.38401    49.481
   2.3421 0.0857329   2.38499   49.8303
 2.34339 0.091169  2.38623  50.1653
  2.34471 0.0965375   2.38765   50.4834
 2.34605 0.101719  2.38906  50.7824
 2.34743 0.106748  2.39068  51.0609
2.34882 0.11156 2.39231 51.3178
 2.35024 0.116144  2.39386  51.5522
 2.35167 0.120509  2.39526  51.7637
 2.35304 0.124301   2.3976  51.8934
 2.35442 0.127273   2.3977  51.9967
 2.35579 0.130446  2.39902  52.0712
 2.35715 0.133222  2.39968  52.1117
 2.35848 0.135689  2.40017  52.1124
 2.35978 0.137792  2.40066   52.066
 2.36103 0.139438   2.4012  51.9666
 2.36222 0.140535  2.40184  51.8099
 2.36335 0.140997  2.40265  51.5939
 2.36441 0.140743  2.40367  51.3189
  2.3654 0.139709  2.40493  50.9874
  2.3663 0.137844  2.40645  50.6044
 2.36713 0.135116  2.40829  50.1768
 2.36789 0.131534  2.41011  49.7136
 2.36858 0.127168  2.41224  49.2252
 2.36921 0.122041  2.41464  48.7229
 2.36979 0.116207   2.4172  48.2192
 2.37032 0.109757  2.41988  47.7265
 2.37082 0.102796  2.42265  47.2574
