0.393577 0 0 0 0
0.392282 -0.12941 -12.9405 0 0
0.39004 -0.224252 -9.48355 0 0
0.387905 -0.213173 1.13622 0 0
0.385261 -0.264201 -5.09839 0 0
0.38232 -0.293933 -2.96998 0 0
0.379242 -0.307906 -1.39446 0 0
0.376478 -0.276423 3.18767 0 0
0.375401 -0.10664 17.0921 0 0
0.375683 0.030747 13.8506 0 0
0.377453 0.181689 15.2339 0 0
0.378158 0.0748608 -10.6627 0 0
0.377933 -0.0194441 -9.42855 0 0
0.377488 -0.0422137 -2.29126 0 0
0.377486 0.000918194 4.28969 0 0
0.376495 -0.0986824 -9.96522 0 0
0.376492 -1.22971e-05 9.85328 0 0
0.376419 -0.00702163 -0.705109 0 0
0.37643 0.00102346 0.803441 0 0
0.376825 0.039491 3.84954 0 0
0.377077 0.0252496 -1.42368 0 0
0.377101 0.00235773 -2.28893 0 0
0.377065 -0.00358431 -0.594144 0 0
0.377064 -4.57182e-05 0.353847 0 0
0.377066 0.000223257 0.0268894 0 0
0.377063 -0.000304617 -0.0527794 0 0
0.377059 -0.000493533 -0.0188997 0 0
0.377052 -0.000610662 -0.0117269 0 0
0.377045 -0.000760887 -0.0150366 0 0
0.377036 -0.000918412 -0.0157688 0 0
0.377025 -0.00107409 -0.0155873 0 0
0.377013 -0.00123064 -0.0156768 0 0
0.376999 -0.00138901 -0.0158615 0 0
0.376983 -0.00154908 -0.016034 0 0
0.376966 -0.0017109 -0.0162126 0 0
0.376947 -0.00187464 -0.016407 0 0
0.376927 -0.00204044 -0.0166156 0 0
0.376905 -0.00220844 -0.0168385 0 0
0.376881 -0.00237877 -0.017075 0 0
0.376856 -0.00255159 -0.0173266 0 0
0.376829 -0.00272704 -0.0175931 0 0
0.3768 -0.00290528 -0.0178745 0 0
0.376769 -0.00308646 -0.018172 0 0
0.376736 -0.00327074 -0.0184859 0 0
0.376702 -0.00345829 -0.0188156 0 0
0.376666 -0.00364927 -0.0191629 0 0
0.376627 -0.00384387 -0.0195279 0 0
0.376587 -0.00404225 -0.0199104 0 0
0.376545 -0.00424463 -0.0203134 0 0
0.3765 -0.00445117 -0.0207335 0 0
0.376454 -0.0046621 -0.0211762 0 0
0.376405 -0.00487762 -0.021639 0 0
0.376355 -0.00509794 -0.022124 0 0
0.376302 -0.00532332 -0.0226344 0 0
0.376246 -0.005554 -0.023169 0 0
0.376189 -0.00579025 -0.0237306 0 0
0.376129 -0.00603241 -0.0243256 0 0
0.376066 -0.0062808 -0.0249549 0 0
0.376001 -0.00653585 -0.0256249 0 0
0.375934 -0.00679813 -0.0263537 0 0
0.375863 -0.00706842 -0.0271604 0 0
0.37579 -0.00734821 -0.0281165 0 0
0.375714 -0.00764124 -0.0294457 0 0
0.375635 -0.00796943 -0.0329698 0 0
0.375715 0.00790441 1.58783 0 0
0.375786 0.00715685 -0.0744126 0 0
0.375851 0.00642114 -0.0732623 0 0
0.375908 0.00569641 -0.0721992 0 0
0.375958 0.00498143 -0.0712589 0 0
0.376001 0.00427492 -0.0704463 0 0
0.376037 0.0035756 -0.0697607 0 0
0.376066 0.00288225 -0.069198 0 0
0.376088 0.00219362 -0.0687584 0 0
0.376103 0.00150849 -0.0684433 0 0
0.376111 0.000825621 -0.0682495 0 0
0.376112 0.00014508 -0.0680502 0 0
0.376108 -0.000401539 -0.0546858 0 0
0.376099 -0.000941886 -0.054086 0 0
0.376084 -0.00148735 -0.0546257 0 0
0.376064 -0.00203898 -0.0552689 0 0
0.376038 -0.00259783 -0.0560199 0 0
0.376006 -0.00316502 -0.0568818 0 0
0.375969 -0.00374172 -0.0578619 0 0
0.375926 -0.00432921 -0.0589692 0 0
0.375877 -0.00492905 -0.0602331 0 0
0.375822 -0.00554302 -0.0616769 0 0
0.37576 -0.00617417 -0.0634245 0 0
0.375692 -0.00682951 -0.0658741 0 0
0.375617 -0.00757516 -0.0749391 0 0
0.375693 0.00753757 1.51144 0 0
0.375766 0.00724946 -0.0286725 0 0
0.375836 0.00696744 -0.0280686 0 0
0.375903 0.00669163 -0.0274541 0 0
0.375967 0.00642176 -0.0268658 0 0
0.376029 0.00615757 -0.026303 0 0
0.376089 0.00589881 -0.025765 0 0
0.376145 0.00564525 -0.0252511 0 0
0.376199 0.00539664 -0.0247607 0 0
0.376251 0.00515275 -0.0242934 0 0
0.3763 0.00491335 -0.0238486 0 0
0.376347 0.00467823 -0.0234257 0 0
0.376392 0.00444718 -0.0230244 0 0
0.376434 0.00421996 -0.0226441 0 0
0.376475 0.00399639 -0.0222844 0 0
0.376512 0.00377626 -0.021945 0 0
0.376548 0.00355936 -0.0216254 0 0
0.376582 0.00334551 -0.0213253 0 0
0.376613 0.0031345 -0.0210443 0 0
0.376642 0.00292616 -0.0207822 0 0
0.37667 0.00272029 -0.0205385 0 0
0.376695 0.00251671 -0.0203132 0 0
0.376718 0.00231525 -0.0201058 0 0
0.376739 0.00211571 -0.0199162 0 0
0.376758 0.00191794 -0.0197442 0 0
0.376776 0.00172174 -0.0195895 0 0
0.376791 0.00152696 -0.019452 0 0
0.376804 0.00133342 -0.0193316 0 0
0.376816 0.00114095 -0.019228 0 0
0.376825 0.000949375 -0.0191413 0 0
0.376833 0.000758539 -0.0190712 0 0
0.376839 0.000568272 -0.0190178 0 0
0.376842 0.000378408 -0.0189809 0 0
0.376844 0.000188782 -0.0189606 0 0
0.376844 2.63247e-05 -0.0162466 0 0
0.376843 -0.000129258 -0.0155617 0 0
0.37684 -0.000285557 -0.0156359 0 0
0.376836 -0.000442696 -0.0157227 0 0
0.37683 -0.0006008 -0.0158219 0 0
0.376822 -0.000759998 -0.0159339 0 0
0.376813 -0.000920416 -0.0160586 0 0
0.376802 -0.00108219 -0.0161965 0 0
0.37679 -0.00124544 -0.0163475 0 0
0.376776 -0.00141031 -0.0165121 0 0
0.37676 -0.00157692 -0.0166899 0 0
0.376743 -0.00174544 -0.0168821 0 0
0.376724 -0.00191598 -0.0170883 0 0
0.376703 -0.0020887 -0.0173088 0 0
0.37668 -0.00226374 -0.017544 0 0
0.376656 -0.00244125 -0.0177944 0 0
0.37663 -0.00262139 -0.01806 0 0
0.376602 -0.00280431 -0.018342 0 0
0.376572 -0.00299017 -0.0186396 0 0
0.37654 -0.00317915 -0.0189537 0 0
0.376507 -0.00337141 -0.0192858 0 0
0.376471 -0.00356712 -0.0196345 0 0
0.376433 -0.00376647 -0.0200025 0 0
0.376394 -0.00396965 -0.0203887 0 0
0.376352 -0.00417686 -0.0207958 0 0
0.376309 -0.00438828 -0.0212216 0 0
0.376263 -0.00460416 -0.0216712 0 0
0.376215 -0.00482473 -0.0221435 0 0
0.376164 -0.00505021 -0.0226402 0 0
0.376112 -0.00528089 -0.0231638 0 0
0.376057 -0.00551707 -0.0237187 0 0
0.376 -0.00575908 -0.0243062 0 0
0.37594 -0.0060074 -0.0249431 0 0
0.375877 -0.00626261 -0.0256361 0 0
0.375813 -0.0065256 -0.0264202 0 0
0.375745 -0.00679836 -0.0274025 0 0
0.375674 -0.00708745 -0.0290411 0 0
0.374623 -0.105189 -9.81019 0 0
0.374696 0.00726877 11.2465 0 0
0.374761 0.00653923 -0.0726863 0 0
0.37482 0.00581606 -0.0720832 0 0
0.374871 0.00510112 -0.0712952 0 0
0.374915 0.00439315 -0.070633 0 0
0.374952 0.00369089 -0.0700952 0 0
0.374982 0.0029931 -0.0696822 0 0
0.375005 0.00229852 -0.0693939 0 0
0.375021 0.00160595 -0.0692279 0 0
0.375031 0.00099933 -0.060662 0 0
0.375041 0.0010002 8.51742e-05 0 0
0.375051 0.00100669 0.000645581 0 0
0.375061 0.00101075 0.000400459 0 0
0.375071 0.000999154 -0.00115985 0 0
0.375081 0.000984252 -0.00149002 0 0
0.375091 0.00096931 -0.00149389 0 0
0.3751 0.000954596 -0.0014712 0 0
0.37511 0.000940109 -0.0014485 0 0
0.375119 0.000925843 -0.00142634 0 0
0.375128 0.000911797 -0.00140441 0 0
0.375137 0.000897967 -0.00138279 0 0
0.375146 0.000884349 -0.00136159 0 0
0.375154 0.000870941 -0.00134059 0 0
0.375163 0.000857736 -0.00132034 0 0
0.375172 0.000844731 -0.00130026 0 0
0.37518 0.000831927 -0.0012803 0 0
0.375188 0.000819318 -0.00126069 0 0
0.375196 0.000806899 -0.00124174 0 0
0.375204 0.000794668 -0.00122291 0 0
0.375212 0.000782625 -0.00120415 0 0
0.37522 0.000770762 -0.00118616 0 0
0.375227 0.000759078 -0.00116823 0 0
0.375235 0.000747573 -0.00115038 0 0
0.375242 0.000736238 -0.00113333 0 0
0.375249 0.000725078 -0.00111596 0 0
0.375256 0.000714082 -0.00109941 0 0
0.375263 0.000703254 -0.00108267 0 0
0.37527 0.000692587 -0.00106665 0 0
0.375277 0.000682079 -0.00105066 0 0
0.375284 0.00067173 -0.00103479 0 0
0.375291 0.000661534 -0.00101945 0 0
0.375297 0.000651492 -0.00100408 0 0
0.375303 0.0006416 -0.000989162 0 0
0.37531 0.000631854 -0.00097448 0 0
0.375316 0.000622255 -0.000959756 0 0
0.375322 0.000612796 -0.000945828 0 0
0.375328 0.000603481 -0.000931408 0 0
0.375334 0.000594302 -0.000917817 0 0
0.37534 0.000585262 -0.000903878 0 0
0.375346 0.000576356 -0.000890582 0 0
0.375351 0.000567581 -0.000877428 0 0
0.375357 0.000575557 0.000797618 0 0
0.375363 0.000564243 -0.00113126 0 0
0.375368 0.000553094 -0.00111482 0 0
0.375374 0.00054218 -0.00109133 0 0
0.375379 0.000531499 -0.00106805 0 0
0.375384 0.000521044 -0.00104543 0 0
0.375389 0.000511581 -0.00094616 0 0
0.375394 0.000502531 -0.000904936 0 0
0.375399 0.000493212 -0.000931907 0 0
0.375404 0.000484054 -0.000915652 0 0
0.375409 0.000475058 -0.000899561 0 0
0.375414 0.000466671 -0.00083863 0 0
0.375418 0.000458425 -0.00082461 0 0
0.375423 0.000450306 -0.000811777 0 0
0.375427 0.000442315 -0.000799069 0 0
0.375431 0.00043445 -0.00078646 0 0
0.375436 0.000426709 -0.000774084 0 0
0.37544 0.000419092 -0.000761664 0 0
0.375444 0.000411595 -0.000749659 0 0
0.375448 0.000404218 -0.00073758 0 0
0.375452 0.000396961 -0.000725669 0 0
0.375456 0.00038982 -0.000714045 0 0
0.37546 0.000382793 -0.000702671 0 0
0.375464 0.000375881 -0.0006912 0 0
0.375467 0.000369082 -0.000679892 0 0
0.375471 0.000362394 -0.000668683 0 0
0.375474 0.000355814 -0.000658009 0 0
0.375478 0.000349345 -0.000646888 0 0
0.375481 0.00034298 -0.000636385 0 0
0.375485 0.000336724 -0.000625635 0 0
0.375489 0.000407739 0.0071021 0 0
0.375493 0.000395856 -0.00118823 0 0
0.375497 0.00039018 -0.000567661 0 0
0.3755 0.000384905 -0.000527452 0 0
0.375504 0.000379698 -0.000520731 0 0
0.375508 0.000374529 -0.000516863 0 0
0.375512 0.000369397 -0.000513256 0 0
0.375515 0.000364299 -0.000509731 0 0
0.375519 0.000359237 -0.000506284 0 0
0.375523 0.000385757 0.00265129 0 0
0.375527 0.000403065 0.00172988 0 0
0.375531 0.000394945 -0.000811995 0 0
0.375535 0.000385655 -0.000928883 0 0
0.375538 0.000376545 -0.000910939 0 0
0.375542 0.000394666 0.00181271 0 0
0.375546 0.000350611 -0.00440544 0 0
0.375549 0.000343815 -0.000679597 0 0
0.375553 0.000339134 -0.000468115 0 0
0.375556 0.000334649 -0.000448417 0 0
0.375559 0.000330211 -0.000443846 0 0
0.375563 0.000325807 -0.000440399 0 0
0.375566 0.000321436 -0.000437121 0 0
0.375569 0.000317097 -0.000433911 0 0
0.375572 0.000312789 -0.000430794 0 0
0.375575 0.000308513 -0.000427611 0 0
0.375578 0.000304267 -0.000424608 0 0
0.375581 0.000300051 -0.000421564 0 0
0.375584 0.000295865 -0.000418595 0 0
0.375587 0.000291709 -0.000415668 0 0
0.37559 0.00028758 -0.000412822 0 0
0.375593 0.000283481 -0.000409985 0 0
0.375596 0.000279409 -0.000407197 0 0
0.375598 0.000275363 -0.000404521 0 0
0.375601 0.000271345 -0.000401818 0 0
0.375604 0.000267354 -0.000399155 0 0
0.375606 0.000263387 -0.000396668 0 0
0.375609 0.000259447 -0.00039403 0 0
0.375612 0.000255531 -0.000391592 0 0
0.375614 0.00025164 -0.000389146 0 0
0.375617 0.000247772 -0.000386734 0 0
0.375619 0.000243929 -0.000384351 0 0
0.375621 0.000241428 -0.000250053 0 0
0.375624 0.000240351 -0.000107799 0 0
0.375626 0.000240592 2.41298e-05 0 0
0.375629 0.000242054 0.000146128 0 0
0.375631 0.000244638 0.000258254 0 0
0.375634 0.000248246 0.000360731 0 0
0.375636 0.000252791 0.000454209 0 0
0.375639 0.000256045 0.000325214 0 0
0.375641 0.000249414 -0.000663046 0 0
0.375644 0.000242294 -0.000711995 0 0
0.375646 0.000235324 -0.000696967 0 0
0.375648 0.000228514 -0.000680887 0 0
0.37565 0.000221868 -0.000664609 0 0
0.375653 0.000215378 -0.000649009 0 0
0.375655 0.000209041 -0.000633676 0 0
0.375657 0.000202853 -0.000618723 0 0
0.375659 0.000196815 -0.000603775 0 0
0.375661 0.000190916 -0.000589923 0 0
0.375662 0.000185159 -0.000575592 0 0
0.375664 0.000179536 -0.000562284 0 0
0.375666 0.000174051 -0.00054848 0 0
0.375668 0.000168694 -0.000535697 0 0
0.375669 0.0001635 -0.00051943 0 0
0.375671 0.000158619 -0.000488053 0 0
0.375672 0.000153838 -0.000478206 0 0
0.375674 0.000148978 -0.00048598 0 0
0.375675 0.000143944 -0.000503534 0 0
0.375677 0.000138539 -0.000540538 0 0
0.375678 0.000132704 -0.000583568 0 0
0.375679 0.000126483 -0.000622256 0 0
0.375681 0.000119784 -0.000670165 0 0
0.375682 0.000112505 -0.000728271 0 0
0.375683 0.000104558 -0.000795093 0 0
0.375684 9.58539e-05 -0.000870888 0 0
0.375685 8.63162e-05 -0.000954416 0 0
0.375685 7.58628e-05 -0.00104613 0 0
0.375686 6.44306e-05 -0.00114415 0 0
0.375686 5.19623e-05 -0.00124789 0 0
0.375687 3.83675e-05 -0.00136074 0 0
0.375687 2.35975e-05 -0.00147848 0 0
0.375687 7.60035e-06 -0.00160144 0 0
0.375687 -9.68436e-06 -0.00173047 0 0
0.375687 -2.83056e-05 -0.00186443 0 0
0.375686 -4.83077e-05 -0.00200284 0 0
0.375686 -6.97312e-05 -0.00214535 0 0
0.375685 -9.26452e-05 -0.00229478 0 0
0.375683 -0.000117071 -0.00244633 0 0
0.375682 -0.000143018 -0.00259901 0 0
0.37568 -0.000170569 -0.00275989 0 0
0.375678 -0.000199619 -0.00291024 0 0
0.375676 -0.000230255 -0.00306943 0 0
0.375673 -0.000261924 -0.00317335 0 0
0.375671 -0.000291137 -0.00292823 0 0
0.375677 0.000673427 0.0964771 0 0
0.375679 0.000120912 -0.0552497 0 0
0.375677 -0.000153819 -0.0274777 0 0
0.375672 -0.00048558 -0.0331892 0 0
0.375665 -0.000760442 -0.0275058 0 0
0.375667 0.000260485 0.102103 0 0
0.375667 1.32774e-05 -0.0247208 0 0
0.375667 1.28891e-05 -3.88356e-05 0 0
0.375668 1.27314e-05 -1.57713e-05 0 0
0.375668 1.25738e-05 -1.57562e-05 0 0
0.375668 1.24176e-05 -1.56178e-05 0 0
0.375668 1.22619e-05 -1.55733e-05 0 0
0.375668 1.21063e-05 -1.55612e-05 0 0
0.375668 1.1951e-05 -1.55273e-05 0 0
0.375668 1.17976e-05 -1.53412e-05 0 0
0.375668 1.16447e-05 -1.52944e-05 0 0
0.375668 1.14917e-05 -1.53013e-05 0 0
0.375669 1.13387e-05 -1.52982e-05 0 0
0.375669 1.11861e-05 -1.52553e-05 0 0
0.375669 1.10355e-05 -1.50598e-05 0 0
0.375669 1.08846e-05 -1.50966e-05 0 0
0.375669 1.0733e-05 -1.51573e-05 0 0
0.375669 1.05811e-05 -1.51897e-05 0 0
0.375669 1.04388e-05 -1.42258e-05 0 0
0.375669 1.03586e-05 -8.02269e-06 0 0
0.375669 1.02755e-05 -8.31173e-06 0 0
0.37567 1.06689e-05 3.93371e-05 0 0
0.37567 1.1537e-05 8.68112e-05 0 0
0.37567 1.28525e-05 0.00013153 0 0
0.37567 1.4407e-05 0.000155408 0 0
0.37567 1.60411e-05 0.000163335 0 0
0.37567 1.75929e-05 0.000155042 0 0
0.37567 1.88951e-05 0.00013001 0 0
0.375671 1.97585e-05 8.60343e-05 0 0
0.375671 2.00217e-05 2.58827e-05 0 0
0.375671 1.93103e-05 -7.17447e-05 0 0
0.375671 1.66782e-05 -0.000264057 0 0
0.375671 1.01072e-06 -0.00156673 0 0
0.375671 -3.0554e-07 -0.000131627 0 0
0.375671 -3.37164e-07 -3.16242e-06 0 0
0.375671 -3.5051e-07 -1.33457e-06 0 0
0.375671 -3.63637e-07 -1.31266e-06 0 0
0.375671 -3.73384e-07 -9.74716e-07 0 0
0.375671 -3.8539e-07 -1.20065e-06 0 0
0.375671 -3.93502e-07 -8.11191e-07 0 0
0.375671 -4.03109e-07 -9.60664e-07 0 0
0.375671 -4.12345e-07 -9.23593e-07 0 0
0.375671 -4.20792e-07 -8.4476e-07 0 0
0.375671 -4.28657e-07 -7.86426e-07 0 0
0.375671 -4.34767e-07 -6.11035e-07 0 0
0.375671 -4.43284e-07 -8.51714e-07 0 0
0.375671 -4.46434e-07 -3.15013e-07 0 0
0.375671 -4.50073e-07 -3.6384e-07 0 0
0.375671 -4.52523e-07 -2.44973e-07 0 0
0.375671 -4.5608e-07 -3.55692e-07 0 0
0.375671 -4.56035e-07 4.49423e-09 0 0
0.375671 -4.57003e-07 -9.68631e-08 0 0
0.375671 -4.59218e-07 -2.21461e-07 0 0
0.375671 -4.60388e-07 -1.17026e-07 0 0
0.375671 -4.60958e-07 -5.69626e-08 0 0
0.375671 -4.59833e-07 1.12534e-07 0 0
0.375671 -4.61754e-07 -1.92185e-07 0 0
0.375671 -4.59892e-07 1.86252e-07 0 0
0.375671 -4.60471e-07 -5.79448e-08 0 0
0.375671 -4.57461e-07 3.01079e-07 0 0
0.375671 -4.55537e-07 1.92399e-07 0 0
0.375671 -4.55463e-07 7.39329e-09 0 0
0.375671 -4.5352e-07 1.94303e-07 0 0
0.375671 -4.50745e-07 2.77527e-07 0 0
0.375671 -4.49581e-07 1.16378e-07 0 0
0.375671 -4.46201e-07 3.38004e-07 0 0
0.375671 -4.44887e-07 1.31393e-07 0 0
0.375671 -4.40976e-07 3.91105e-07 0 0
0.375671 -4.37826e-07 3.1501e-07 0 0
0.375671 -4.35829e-07 1.99647e-07 0 0
0.375671 -4.33452e-07 2.37771e-07 0 0
0.375671 -4.29046e-07 4.40591e-07 0 0
0.375671 -4.26818e-07 2.22788e-07 0 0
0.375671 -4.22704e-07 4.1135e-07 0 0
0.375671 -4.17638e-07 5.06592e-07 0 0
0.375671 -4.15019e-07 2.61904e-07 0 0
0.375671 -4.10971e-07 4.04805e-07 0 0
0.375671 -4.07688e-07 3.28336e-07 0 0
0.375671 -4.04121e-07 3.56733e-07 0 0
0.375671 -4.00009e-07 4.11217e-07 0 0
0.375671 -3.94759e-07 5.25003e-07 0 0
0.375671 -3.91533e-07 3.22515e-07 0 0
0.375671 -3.87189e-07 4.34417e-07 0 0
0.375671 -3.83893e-07 3.29646e-07 0 0
0.375671 -3.78279e-07 5.61422e-07 0 0
0.375671 -3.73802e-07 4.4768e-07 0 0
0.375671 -3.68918e-07 4.8837e-07 0 0
0.375671 -3.66155e-07 2.7636e-07 0 0
0.375671 -3.60235e-07 5.91931e-07 0 0
0.375671 -3.56961e-07 3.2741e-07 0 0
0.375671 -3.52161e-07 4.79994e-07 0 0
0.375671 -3.48541e-07 3.61977e-07 0 0
0.375671 -3.42716e-07 5.825e-07 0 0
0.375671 -3.38685e-07 4.0312e-07 0 0
0.375671 -3.34265e-07 4.42039e-07 0 0
0.375671 -3.29987e-07 4.27775e-07 0 0
0.375671 -3.25152e-07 4.83497e-07 0 0
0.375671 -3.21733e-07 3.41938e-07 0 0
0.375671 -3.18222e-07 3.5107e-07 0 0
0.375671 -3.13283e-07 4.93957e-07 0 0
0.375671 -3.08978e-07 4.305e-07 0 0
0.375671 -3.04231e-07 4.74615e-07 0 0
0.375671 -3.01213e-07 3.01826e-07 0 0
0.375671 -2.96775e-07 4.43805e-07 0 0
0.375671 -2.92062e-07 4.71313e-07 0 0
0.375671 -2.88655e-07 3.40728e-07 0 0
0.375671 -2.83708e-07 4.9465e-07 0 0
0.375671 -2.80401e-07 3.30764e-07 0 0
0.375671 -2.76828e-07 3.57278e-07 0 0
0.375671 -2.73888e-07 2.93935e-07 0 0
0.375671 -2.68568e-07 5.32096e-07 0 0
0.375671 -2.65514e-07 3.05401e-07 0 0
0.375671 -2.61683e-07 3.83089e-07 0 0
0.375671 -2.57611e-07 4.07201e-07 0 0
0.375671 -2.54523e-07 3.08797e-07 0 0
0.375671 -2.51128e-07 3.39474e-07 0 0
0.375671 -2.47656e-07 3.47233e-07 0 0
0.375671 -2.44905e-07 2.75106e-07 0 0
0.375671 -3.74824e-07 -1.29919e-05 0 0
0.375671 -3.72051e-07 2.77298e-07 0 0
0.375671 -3.84163e-07 -1.21121e-06 0 0
0.375671 -1.8097e-07 2.03193e-05 0 0
0.375671 -1.809e-07 6.97768e-09 0 0
0.375671 -1.81605e-07 -7.05066e-08 0 0
0.375671 -1.82314e-07 -7.08796e-08 0 0
0.375671 -1.83933e-07 -1.61859e-07 0 0
0.375671 -1.84471e-07 -5.3867e-08 0 0
0.375671 -1.84909e-07 -4.38202e-08 0 0
0.375671 -1.85264e-07 -3.54258e-08 0 0
0.375671 -1.85349e-07 -8.49193e-09 0 0
0.375671 -1.86088e-07 -7.39843e-08 0 0
0.375671 -1.86037e-07 5.18846e-09 0 0
0.375671 -1.8655e-07 -5.13823e-08 0 0
0.375671 -1.872e-07 -6.49993e-08 0 0
0.375671 -1.87007e-07 1.93292e-08 0 0
0.375671 -1.8695e-07 5.70845e-09 0 0
0.375671 -1.86771e-07 1.78826e-08 0 0
0.375671 -1.86999e-07 -2.27654e-08 0 0
0.375671 -1.86887e-07 1.11524e-08 0 0
0.375671 -1.86884e-07 3.10679e-10 0 0
0.375671 -1.86742e-07 1.42066e-08 0 0
0.375671 -1.85814e-07 9.27973e-08 0 0
0.375671 -1.8601e-07 -1.9597e-08 0 0
0.375671 -1.85707e-07 3.03122e-08 0 0
0.375671 -1.85364e-07 3.42949e-08 0 0
0.375671 -1.85055e-07 3.08685e-08 0 0
0.375671 -2.42625e-07 -5.75697e-06 0 0
0.375671 -2.41284e-07 1.34086e-07 0 0
0.375671 -2.40215e-07 1.06919e-07 0 0
0.375671 -2.38646e-07 1.56888e-07 0 0
0.375671 -2.37549e-07 1.09732e-07 0 0
0.375671 -2.35942e-07 1.60727e-07 0 0
0.375671 -2.34784e-07 1.15732e-07 0 0
0.375671 -2.33307e-07 1.47739e-07 0 0
0.375671 -2.32239e-07 1.06751e-07 0 0
0.375671 -2.30708e-07 1.53112e-07 0 0
0.375671 -2.2908e-07 1.62786e-07 0 0
0.375671 -2.28411e-07 6.69563e-08 0 0
0.375671 -2.26614e-07 1.79651e-07 0 0
0.375671 -2.25135e-07 1.47958e-07 0 0
0.375671 -2.2379e-07 1.34479e-07 0 0
0.375671 -2.22453e-07 1.33673e-07 0 0
0.375671 -2.21013e-07 1.44013e-07 0 0
0.375671 -2.55717e-07 -3.47037e-06 0 0
0.375671 -2.02804e-07 5.29128e-06 0 0
0.375671 -2.02258e-07 5.45918e-08 0 0
0.375671 -1.74669e-07 2.75887e-06 0 0
0.375671 -1.73811e-07 8.58001e-08 0 0
0.375671 -1.73085e-07 7.25995e-08 0 0
0.375671 -1.72451e-07 6.34098e-08 0 0
0.375671 -1.71637e-07 8.14526e-08 0 0
0.375671 -1.709e-07 7.36448e-08 0 0
0.375671 -1.70296e-07 6.04244e-08 0 0
0.375671 -1.6939e-07 9.0636e-08 0 0
0.375671 -1.68692e-07 6.98065e-08 0 0
0.375671 -1.6795e-07 7.41873e-08 0 0
0.375671 -1.66981e-07 9.69017e-08 0 0
0.375671 -1.66172e-07 8.08259e-08 0 0
0.375671 -1.65182e-07 9.9023e-08 0 0
0.375671 -1.6458e-07 6.0209e-08 0 0
0.375671 -1.63653e-07 9.27333e-08 0 0
0.375671 -1.62893e-07 7.60116e-08 0 0
0.375671 -1.61857e-07 1.03588e-07 0 0
0.375671 -1.60923e-07 9.34169e-08 0 0
0.375671 -1.60173e-07 7.49969e-08 0 0
0.375671 -1.59214e-07 9.58403e-08 0 0
0.375671 -1.58492e-07 7.22128e-08 0 0
0.375671 -1.57297e-07 1.19555e-07 0 0
0.375671 -1.56604e-07 6.9291e-08 0 0
0.375671 -1.55484e-07 1.12003e-07 0 0
0.375671 -1.54588e-07 8.95266e-08 0 0
0.375671 -1.53804e-07 7.84769e-08 0 0
0.375671 -1.52896e-07 9.08058e-08 0 0
0.375671 -1.51679e-07 1.21671e-07 0 0
0.375671 -1.50899e-07 7.79593e-08 0 0
0.375671 -1.49878e-07 1.02149e-07 0 0
0.375671 -1.33121e-07 1.67564e-06 0 0
0.375671 -1.32471e-07 6.50153e-08 0 0
0.375671 -1.31851e-07 6.20314e-08 0 0
0.375671 -1.31184e-07 6.66783e-08 0 0
0.375671 -1.30517e-07 6.67303e-08 0 0
0.375671 -1.29679e-07 8.38168e-08 0 0
0.375671 -8.82037e-08 4.1475e-06 0 0
0.375671 -8.79628e-08 2.40875e-08 0 0
0.375671 -8.75344e-08 4.28468e-08 0 0
0.375671 -1.05194e-07 -1.76598e-06 0 0
0.375671 -1.0489e-07 3.03747e-08 0 0
0.375671 -1.65821e-07 -6.09306e-06 0 0
0.375671 -1.03969e-07 6.18517e-06 0 0
0.375671 -1.03337e-07 6.32279e-08 0 0
0.375671 -1.03086e-07 2.5143e-08 0 0
0.375671 -1.02762e-07 3.23368e-08 0 0
0.375671 -1.02284e-07 4.77979e-08 0 0
0.375671 -1.01903e-07 3.81159e-08 0 0
0.375671 -1.01534e-07 3.69079e-08 0 0
0.375671 -1.01097e-07 4.37244e-08 0 0
0.375671 -1.61086e-07 -5.99897e-06 0 0
0.375671 -1.44768e-07 1.63179e-06 0 0
0.375671 -1.25854e-07 1.89142e-06 0 0
0.375671 -1.25096e-07 7.58748e-08 0 0
0.375671 -1.24103e-07 9.92958e-08 0 0
0.375671 -1.23428e-07 6.74217e-08 0 0
0.375671 -1.22341e-07 1.08712e-07 0 0
0.375671 -1.21618e-07 7.23037e-08 0 0
0.375671 -1.20788e-07 8.29924e-08 0 0
0.375671 -1.19902e-07 8.8582e-08 0 0
0.375671 -1.18905e-07 9.97442e-08 0 0
0.375671 -1.18108e-07 7.96723e-08 0 0
0.375671 -1.17155e-07 9.53805e-08 0 0
0.375671 -1.16179e-07 9.75215e-08 0 0
0.375671 -1.15338e-07 8.41519e-08 0 0
0.375671 -1.14313e-07 1.02524e-07 0 0
0.375671 -1.13425e-07 8.87349e-08 0 0
0.375671 -1.37107e-07 -2.36821e-06 0 0
0.375671 -1.36783e-07 3.24111e-08 0 0
0.375671 -1.36373e-07 4.10032e-08 0 0
0.375671 -1.35995e-07 3.77681e-08 0 0
0.375671 -1.3563e-07 3.65646e-08 0 0
0.375671 -1.35256e-07 3.73374e-08 0 0
0.375671 -1.34878e-07 3.78301e-08 0 0
0.375671 -1.34497e-07 3.81314e-08 0 0
0.375671 -1.34112e-07 3.84678e-08 0 0
0.375671 -1.33724e-07 3.88258e-08 0 0
0.375671 -1.33332e-07 3.91923e-08 0 0
0.375671 -1.32936e-07 3.95615e-08 0 0
0.375671 -1.32537e-07 3.99341e-08 0 0
0.375671 -1.32134e-07 4.03184e-08 0 0
0.375671 -1.31727e-07 4.07056e-08 0 0
0.375671 -1.31316e-07 4.1099e-08 0 0
0.375671 -1.30901e-07 4.14949e-08 0 0
0.375671 -1.30482e-07 4.19039e-08 0 0
0.375671 -1.30059e-07 4.23111e-08 0 0
0.375671 -1.29631e-07 4.27303e-08 0 0
0.375671 -1.292e-07 4.31518e-08 0 0
0.375671 -1.28764e-07 4.35741e-08 0 0
0.375671 -1.28324e-07 4.40072e-08 0 0
0.375671 -1.08026e-07 2.02976e-06 0 0
0.375671 -1.07519e-07 5.07621e-08 0 0
0.375671 -1.07087e-07 4.32257e-08 0 0
0.375671 -1.06619e-07 4.6738e-08 0 0
0.375671 -1.05963e-07 6.55867e-08 0 0
0.375671 -1.05231e-07 7.32183e-08 0 0
0.375671 -1.24479e-07 -1.92476e-06 0 0
0.375671 -1.23758e-07 7.20745e-08 0 0
0.375671 -1.22963e-07 7.95295e-08 0 0
0.375671 -1.22199e-07 7.63728e-08 0 0
0.375671 -1.21447e-07 7.51587e-08 0 0
0.375671 -1.2069e-07 7.57649e-08 0 0
0.375671 -1.19929e-07 7.61114e-08 0 0
0.375671 -9.90409e-08 2.08877e-06 0 0
0.375671 -1.18398e-07 -1.93568e-06 0 0
0.375671 -9.75741e-08 2.08236e-06 0 0
0.375671 -9.67736e-08 8.00489e-08 0 0
0.375671 -9.60711e-08 7.02551e-08 0 0
0.375671 -9.53532e-08 7.17929e-08 0 0
0.375671 -9.4618e-08 7.35108e-08 0 0
0.375671 -9.3885e-08 7.33045e-08 0 0
0.375671 -9.31534e-08 7.31559e-08 0 0
0.375671 -9.24213e-08 7.3214e-08 0 0
0.375671 -9.16887e-08 7.32556e-08 0 0
0.375671 -9.09557e-08 7.33004e-08 0 0
0.375671 -9.02224e-08 7.33344e-08 0 0
0.375671 -8.94885e-08 7.33944e-08 0 0
0.375671 -8.87542e-08 7.34246e-08 0 0
0.375671 -1.07866e-07 -1.91119e-06 0 0
0.375671 -8.72719e-08 2.05941e-06 0 0
0.375671 -8.64583e-08 8.13658e-08 0 0
0.375671 -8.57549e-08 7.0337e-08 0 0
0.375671 -8.50317e-08 7.23204e-08 0 0
0.375671 -1.0396e-07 -1.89284e-06 0 0
0.375671 -1.03178e-07 7.81876e-08 0 0
0.375671 -1.02324e-07 8.54296e-08 0 0
0.375671 -1.01499e-07 8.24488e-08 0 0
0.375671 -1.00686e-07 8.13359e-08 0 0
0.375671 -9.98657e-08 8.20354e-08 0 0
0.375671 -9.90411e-08 8.24561e-08 0 0
0.375671 -9.82141e-08 8.2704e-08 0 0
0.375671 -9.73844e-08 8.29737e-08 0 0
0.375671 -9.65518e-08 8.32523e-08 0 0
0.375671 -9.57164e-08 8.35435e-08 0 0
0.375671 -9.48779e-08 8.38503e-08 0 0
0.375671 -9.40365e-08 8.41431e-08 0 0
0.375671 -7.33862e-08 2.06503e-06 0 0
0.375671 -7.24131e-08 9.73065e-08 0 0
0.375671 -7.15191e-08 8.94012e-08 0 0
0.375671 -7.05923e-08 9.26768e-08 0 0
0.375671 -6.96498e-08 9.42576e-08 0 0
0.375671 -6.87134e-08 9.36368e-08 0 0
0.375671 -6.77761e-08 9.37328e-08 0 0
0.375671 -6.68369e-08 9.39147e-08 0 0
0.375671 -8.64754e-08 -1.96384e-06 0 0
0.375671 -6.49589e-08 2.15165e-06 0 0
0.375671 -8.42998e-08 -1.93409e-06 0 0
0.375671 -8.32823e-08 1.01754e-07 0 0
0.375671 -8.21759e-08 1.10638e-07 0 0
0.375671 -8.10786e-08 1.09733e-07 0 0
0.375671 -7.9992e-08 1.08657e-07 0 0
0.375671 -7.88997e-08 1.09226e-07 0 0
0.375671 -5.81006e-08 2.07991e-06 0 0
0.375671 -5.71144e-08 9.86245e-08 0 0
0.375671 -5.61979e-08 9.16502e-08 0 0
0.375671 -5.52526e-08 9.45282e-08 0 0
0.375671 -5.42945e-08 9.58073e-08 0 0
0.375671 -5.33388e-08 9.55658e-08 0 0
0.375671 -5.23833e-08 9.55565e-08 0 0
0.375671 -5.14263e-08 9.56943e-08 0 0
0.375671 -5.04682e-08 9.58148e-08 0 0
0.375671 -4.9509e-08 9.59142e-08 0 0
0.375671 -4.85488e-08 9.60252e-08 0 0
0.375671 -4.75875e-08 9.61311e-08 0 0
0.375671 -4.66251e-08 9.6242e-08 0 0
0.375671 -4.56616e-08 9.6345e-08 0 0
0.375671 -4.46971e-08 9.64533e-08 0 0
0.375671 -4.37314e-08 9.65649e-08 0 0
0.375671 -5.98953e-08 -1.61639e-06 0 0
0.375671 -5.87668e-08 1.12849e-07 0 0
0.375671 -5.7577e-08 1.18983e-07 0 0
0.375671 -5.64075e-08 1.16944e-07 0 0
0.375671 -5.52448e-08 1.1627e-07 0 0
0.375671 -5.40755e-08 1.16932e-07 0 0
0.375671 -5.29016e-08 1.17392e-07 0 0
0.375671 -5.17245e-08 1.17713e-07 0 0
0.375671 -5.05439e-08 1.18061e-07 0 0
0.375671 -4.93598e-08 1.18409e-07 0 0
0.375671 -4.81722e-08 1.18761e-07 0 0
0.375671 -4.69811e-08 1.19109e-07 0 0
0.375671 -4.57866e-08 1.19444e-07 0 0
0.375671 -2.97468e-08 1.60399e-06 0 0
0.375671 -2.87374e-08 1.00935e-07 0 0
0.375671 -2.77807e-08 9.56745e-08 0 0
0.375671 -2.68019e-08 9.78759e-08 0 0
0.375671 -2.58133e-08 9.88606e-08 0 0
0.375671 -2.48265e-08 9.86804e-08 0 0
0.375671 -2.38397e-08 9.86836e-08 0 0
0.375671 -2.28517e-08 9.87986e-08 0 0
0.375671 -2.18627e-08 9.88938e-08 0 0
0.375671 -2.08731e-08 9.89668e-08 0 0
0.375671 -3.24897e-08 -1.16166e-06 0 0
0.375671 -1.88929e-08 1.35968e-06 0 0
0.375671 -1.78555e-08 1.03744e-07 0 0
0.375671 -1.688e-08 9.75531e-08 0 0
0.375671 -1.58935e-08 9.86458e-08 0 0
0.375671 -1.48267e-08 1.06683e-07 0 0
0.375671 -1.38082e-08 1.01846e-07 0 0
0.375671 -1.27894e-08 1.01884e-07 0 0
0.375671 -1.17698e-08 1.01957e-07 0 0
0.375671 -1.05879e-08 1.18191e-07 0 0
0.375671 -9.29705e-09 1.29085e-07 0 0
0.375671 -8.00412e-09 1.29293e-07 0 0
0.375671 -6.66318e-09 1.34094e-07 0 0
0.375671 -5.36402e-09 1.29916e-07 0 0
0.375671 -4.06349e-09 1.30052e-07 0 0
0.375671 -2.76018e-09 1.30331e-07 0 0
0.375671 -1.40541e-09 1.35477e-07 0 0
0.375671 -9.74775e-11 1.30793e-07 0 0
0.375671 1.21264e-09 1.31011e-07 0 0
0.375671 2.57851e-09 1.36588e-07 0 0
0.375671 3.89348e-09 1.31497e-07 0 0
0.375671 5.23726e-09 1.34378e-07 0 0
0.375671 6.58377e-09 1.34651e-07 0 0
0.375671 7.93275e-09 1.34898e-07 0 0
0.375671 9.2566e-09 1.32385e-07 0 0
0.375671 1.05826e-08 1.32598e-07 0 0
0.375671 1.19736e-08 1.39101e-07 0 0
0.375671 1.33043e-08 1.33075e-07 0 0
0.375671 1.46956e-08 1.39125e-07 0 0
0.375671 1.60302e-08 1.33456e-07 0 0
0.375671 1.73971e-08 1.36691e-07 0 0
0.375671 1.87359e-08 1.33881e-07 0 0
0.375671 4.61913e-08 2.74555e-06 0 0
0.375671 4.79052e-08 1.71384e-07 0 0
0.375671 4.96999e-08 1.79476e-07 0 0
0.375671 5.1378e-08 1.67807e-07 0 0
0.375671 5.31968e-08 1.8188e-07 0 0
0.375671 5.4871e-08 1.67421e-07 0 0
0.375671 5.65868e-08 1.71577e-07 0 0
0.375671 5.83482e-08 1.76137e-07 0 0
0.375671 6.01074e-08 1.75928e-07 0 0
0.375671 6.19339e-08 1.82645e-07 0 0
0.375671 6.36987e-08 1.7648e-07 0 0
0.375671 6.54559e-08 1.75721e-07 0 0
0.375671 6.71881e-08 1.73224e-07 0 0
0.375671 6.89484e-08 1.76025e-07 0 0
0.375671 7.07259e-08 1.77754e-07 0 0
0.375671 7.25501e-08 1.82415e-07 0 0
0.375671 7.43326e-08 1.78248e-07 0 0
0.375671 7.61376e-08 1.80503e-07 0 0
0.375671 7.78566e-08 1.71905e-07 0 0
0.375671 7.9761e-08 1.90434e-07 0 0
0.375671 8.15152e-08 1.7542e-07 0 0
0.375671 1.01591e-07 2.0076e-06 0 0
0.375671 1.03401e-07 1.81027e-07 0 0
0.375671 1.05164e-07 1.76273e-07 0 0
0.375671 1.06949e-07 1.78438e-07 0 0
0.375671 1.08631e-07 1.68238e-07 0 0
0.375671 1.10609e-07 1.97838e-07 0 0
0.375671 1.1239e-07 1.78106e-07 0 0
0.375671 1.14169e-07 1.77823e-07 0 0
0.375671 1.15857e-07 1.68845e-07 0 0
0.375671 1.17684e-07 1.82693e-07 0 0
0.375671 1.19462e-07 1.77829e-07 0 0
0.375671 1.2115e-07 1.68741e-07 0 0
0.375671 1.23012e-07 1.8625e-07 0 0
0.375671 1.07921e-07 -1.5091e-06 0 0
0.375671 1.4206e-07 3.41385e-06 0 0
0.375671 1.44126e-07 2.06678e-07 0 0
0.375671 1.46458e-07 2.33177e-07 0 0
0.375671 1.48581e-07 2.12244e-07 0 0
0.375671 1.50908e-07 2.32783e-07 0 0
0.375671 1.53187e-07 2.279e-07 0 0
0.375671 1.55393e-07 2.20556e-07 0 0
0.375671 1.57623e-07 2.22968e-07 0 0
0.375671 1.59684e-07 2.06126e-07 0 0
0.375671 1.62206e-07 2.5224e-07 0 0
0.375671 1.64313e-07 2.10708e-07 0 0
0.375671 1.66592e-07 2.27868e-07 0 0
0.375671 1.52765e-07 -1.3827e-06 0 0
0.375671 1.31772e-07 -2.0993e-06 0 0
0.375671 1.35465e-07 3.69327e-07 0 0
0.375671 1.39377e-07 3.91205e-07 0 0
0.375671 1.43095e-07 3.71802e-07 0 0
0.375671 1.46884e-07 3.78806e-07 0 0
0.375671 1.50442e-07 3.55887e-07 0 0
0.375671 1.78964e-07 2.85215e-06 0 0
0.375671 1.83317e-07 4.35342e-07 0 0
0.375671 1.87463e-07 4.14536e-07 0 0
0.375671 1.91358e-07 3.89539e-07 0 0
0.375671 1.95467e-07 4.10917e-07 0 0
0.375671 1.9933e-07 3.86251e-07 0 0
0.375671 2.03577e-07 4.24741e-07 0 0
0.375671 1.52481e-07 -5.10963e-06 0 0
0.375671 1.56428e-07 3.94738e-07 0 0
0.375671 1.5991e-07 3.48227e-07 0 0
0.375671 1.63723e-07 3.81296e-07 0 0
0.375671 1.67573e-07 3.8501e-07 0 0
0.375671 1.71357e-07 3.78381e-07 0 0
0.375671 1.74884e-07 3.52678e-07 0 0
0.375671 1.78746e-07 3.86162e-07 0 0
0.375671 1.82606e-07 3.85987e-07 0 0
0.375671 1.86197e-07 3.59144e-07 0 0
0.375671 1.89757e-07 3.55993e-07 0 0
0.375671 1.93628e-07 3.87124e-07 0 0
0.375671 1.97182e-07 3.55363e-07 0 0
0.375671 2.00834e-07 3.65216e-07 0 0
0.375671 2.04385e-07 3.55102e-07 0 0
0.375671 2.08162e-07 3.77656e-07 0 0
0.375671 2.11949e-07 3.787e-07 0 0
0.375671 2.15361e-07 3.41244e-07 0 0
0.375671 2.19029e-07 3.66815e-07 0 0
0.375671 2.22703e-07 3.67426e-07 0 0
0.375671 2.26168e-07 3.46503e-07 0 0
0.375671 2.29684e-07 3.51602e-07 0 0
0.375671 2.3336e-07 3.67597e-07 0 0
0.375671 2.37065e-07 3.70435e-07 0 0
0.375671 2.40521e-07 3.45596e-07 0 0
0.375671 2.43867e-07 3.34654e-07 0 0
0.375671 2.47392e-07 3.52436e-07 0 0
0.375671 2.50875e-07 3.48299e-07 0 0
0.375671 2.54381e-07 3.50622e-07 0 0
0.375671 2.22556e-07 -3.18251e-06 0 0
0.375671 2.82657e-07 6.01011e-06 0 0
0.375671 2.87402e-07 4.74551e-07 0 0
0.375671 2.92563e-07 5.16053e-07 0 0
0.375671 2.97046e-07 4.48265e-07 0 0
0.375671 3.01936e-07 4.89062e-07 0 0
0.375671 3.0654e-07 4.60332e-07 0 0
0.375671 3.11505e-07 4.96509e-07 0 0
0.375671 3.16339e-07 4.83447e-07 0 0
0.375671 3.2119e-07 4.85113e-07 0 0
0.375671 3.26254e-07 5.06376e-07 0 0
0.375671 3.3088e-07 4.62616e-07 0 0
0.375671 3.35734e-07 4.85423e-07 0 0
0.375671 3.40453e-07 4.7191e-07 0 0
0.375671 3.45293e-07 4.83962e-07 0 0
0.375671 3.50045e-07 4.75218e-07 0 0
0.375671 3.54731e-07 4.68554e-07 0 0
0.375671 3.59466e-07 4.73521e-07 0 0
0.375671 3.64335e-07 4.86892e-07 0 0
0.375671 3.69176e-07 4.84067e-07 0 0
0.375671 3.73896e-07 4.72008e-07 0 0
0.375671 3.78742e-07 4.84667e-07 0 0
0.375671 3.83553e-07 4.81081e-07 0 0
0.375671 3.8837e-07 4.81671e-07 0 0
0.375671 3.93164e-07 4.79368e-07 0 0
0.375671 3.97977e-07 4.8139e-07 0 0
0.375671 4.0268e-07 4.70215e-07 0 0
0.375671 4.07476e-07 4.7964e-07 0 0
0.375671 4.12358e-07 4.88233e-07 0 0
0.375671 4.17246e-07 4.88766e-07 0 0
0.375671 4.21885e-07 4.63895e-07 0 0
0.375671 4.2664e-07 4.7546e-07 0 0
0.375671 4.31475e-07 4.83525e-07 0 0
0.375671 4.36339e-07 4.86394e-07 0 0
0.375671 4.41074e-07 4.73533e-07 0 0
0.375671 4.459e-07 4.82614e-07 0 0
0.375671 4.50785e-07 4.88451e-07 0 0
0.375671 4.55637e-07 4.85224e-07 0 0
0.375671 4.6023e-07 4.59295e-07 0 0
0.375671 4.65007e-07 4.77725e-07 0 0
0.375671 4.69915e-07 4.90793e-07 0 0
0.375671 4.74667e-07 4.75222e-07 0 0
0.375671 4.79738e-07 5.071e-07 0 0
0.375671 4.8422e-07 4.48198e-07 0 0
0.375671 4.89253e-07 5.03287e-07 0 0
0.375671 4.9435e-07 5.09725e-07 0 0
0.375671 4.99315e-07 4.9644e-07 0 0
0.375671 5.04389e-07 5.07435e-07 0 0
0.375671 5.09509e-07 5.11982e-07 0 0
0.375671 5.14487e-07 4.97772e-07 0 0
0.375671 5.19219e-07 4.73237e-07 0 0
0.375671 5.24312e-07 5.093e-07 0 0
0.375671 5.29598e-07 5.28545e-07 0 0
0.375671 5.3442e-07 4.82202e-07 0 0
0.375671 5.39713e-07 5.29331e-07 0 0
0.375671 5.44549e-07 4.83575e-07 0 0
0.375671 5.49606e-07 5.05782e-07 0 0
0.375671 5.54623e-07 5.01603e-07 0 0
0.375671 5.59823e-07 5.20013e-07 0 0
0.375671 5.64843e-07 5.02028e-07 0 0
0.375671 5.69702e-07 4.85895e-07 0 0
0.375671 5.75025e-07 5.32262e-07 0 0
0.375671 5.80199e-07 5.174e-07 0 0
0.375671 5.84991e-07 4.79217e-07 0 0
0.375671 5.90139e-07 5.14857e-07 0 0
0.375671 5.95347e-07 5.20815e-07 0 0
0.375671 6.00417e-07 5.06995e-07 0 0
0.375671 6.05321e-07 4.90358e-07 0 0
0.375671 6.10452e-07 5.13118e-07 0 0
0.375671 6.15683e-07 5.23136e-07 0 0
0.375671 6.20992e-07 5.30852e-07 0 0
0.375671 6.25885e-07 4.89269e-07 0 0
0.375671 6.30982e-07 5.09766e-07 0 0
0.375671 6.36058e-07 5.07611e-07 0 0
0.375671 6.41137e-07 5.07869e-07 0 0
0.375671 6.46369e-07 5.23146e-07 0 0
0.375671 6.51543e-07 5.17463e-07 0 0
0.375671 6.56626e-07 5.08262e-07 0 0
0.375671 6.61647e-07 5.02132e-07 0 0
0.375671 6.66653e-07 5.00614e-07 0 0
0.375671 6.71868e-07 5.21463e-07 0 0
0.375671 6.76782e-07 4.91375e-07 0 0
0.375671 6.82012e-07 5.23007e-07 0 0
0.375671 6.87198e-07 5.18629e-07 0 0
0.375671 6.92319e-07 5.1207e-07 0 0
0.375671 6.97467e-07 5.14812e-07 0 0
0.375671 7.02566e-07 5.09871e-07 0 0
0.375671 7.0767e-07 5.1041e-07 0 0
0.375671 7.12739e-07 5.06936e-07 0 0
0.375671 7.17835e-07 5.09592e-07 0 0
0.375671 7.22934e-07 5.09883e-07 0 0
0.375671 7.28045e-07 5.11092e-07 0 0
0.375671 7.32977e-07 4.93249e-07 0 0
0.375671 7.38054e-07 5.07648e-07 0 0
0.375671 7.43022e-07 4.9686e-07 0 0
0.375671 7.47995e-07 4.97292e-07 0 0
0.375671 7.53043e-07 5.04746e-07 0 0
0.375671 7.58183e-07 5.13982e-07 0 0
0.375671 7.63176e-07 4.99303e-07 0 0
0.375671 7.68192e-07 5.01641e-07 0 0
0.375671 7.7317e-07 4.97772e-07 0 0
0.375671 7.78144e-07 4.97472e-07 0 0
0.375671 7.83145e-07 5.00049e-07 0 0
0.375671 7.88118e-07 4.97297e-07 0 0
0.375671 7.92884e-07 4.76582e-07 0 0
0.375671 7.97912e-07 5.02807e-07 0 0
0.375671 8.02781e-07 4.86954e-07 0 0
0.375671 8.07644e-07 4.86217e-07 0 0
0.375671 8.12423e-07 4.77907e-07 0 0
0.375671 8.17307e-07 4.88442e-07 0 0
0.375671 8.22069e-07 4.76148e-07 0 0
0.375671 8.26766e-07 4.6973e-07 0 0
0.375671 8.31375e-07 4.60891e-07 0 0
0.375671 8.36282e-07 4.90678e-07 0 0
0.375671 8.40858e-07 4.57596e-07 0 0
0.375671 8.45465e-07 4.60717e-07 0 0
0.375671 8.50183e-07 4.71848e-07 0 0
0.375671 8.54629e-07 4.44548e-07 0 0
0.375671 8.59264e-07 4.63517e-07 0 0
0.375671 8.63732e-07 4.46839e-07 0 0
0.375671 8.68221e-07 4.48852e-07 0 0
0.375671 8.72643e-07 4.4226e-07 0 0
0.375671 8.77076e-07 4.43313e-07 0 0
0.375671 8.81317e-07 4.24071e-07 0 0
0.375671 9.14189e-07 3.2872e-06 0 0
0.375671 9.18529e-07 4.34007e-07 0 0
0.375671 9.22683e-07 4.15374e-07 0 0
0.375672 9.26766e-07 4.08304e-07 0 0
0.375672 9.30667e-07 3.90108e-07 0 0
0.375672 9.3463e-07 3.96258e-07 0 0
0.375672 9.38465e-07 3.83482e-07 0 0
0.375672 9.42196e-07 3.73189e-07 0 0
0.375672 9.45982e-07 3.7851e-07 0 0
0.375672 9.4959e-07 3.60798e-07 0 0
0.375672 9.53105e-07 3.51566e-07 0 0
0.375672 9.56546e-07 3.44096e-07 0 0
0.375672 9.59935e-07 3.38868e-07 0 0
0.375672 9.63299e-07 3.36374e-07 0 0
0.375672 9.66435e-07 3.1367e-07 0 0
0.375672 9.69565e-07 3.12981e-07 0 0
0.375672 9.72575e-07 3.0103e-07 0 0
0.375672 9.7552e-07 2.94457e-07 0 0
0.375672 9.78225e-07 2.70517e-07 0 0
0.375672 9.80967e-07 2.74153e-07 0 0
0.375672 9.83597e-07 2.63068e-07 0 0
0.375672 9.8613e-07 2.53298e-07 0 0
0.375672 9.88448e-07 2.3172e-07 0 0
0.375672 9.90696e-07 2.24824e-07 0 0
0.375672 9.92856e-07 2.16063e-07 0 0
0.375672 9.94857e-07 2.00052e-07 0 0
0.375672 9.96754e-07 1.89737e-07 0 0
0.375672 1.12097e-06 1.24218e-05 0 0
0.375672 1.13025e-06 9.27319e-07 0 0
0.375672 1.13517e-06 4.92592e-07 0 0
0.375672 1.14004e-06 4.87192e-07 0 0
0.375672 1.14465e-06 4.60192e-07 0 0
0.375672 1.14907e-06 4.42384e-07 0 0
0.375672 1.15329e-06 4.22015e-07 0 0
0.375672 1.15728e-06 3.99203e-07 0 0
0.375672 1.16107e-06 3.78649e-07 0 0
0.375672 1.16465e-06 3.58202e-07 0 0
0.375672 1.16804e-06 3.39321e-07 0 0
0.375672 1.17116e-06 3.11758e-07 0 0
0.375672 1.17407e-06 2.90439e-07 0 0
0.375672 1.17674e-06 2.67494e-07 0 0
0.375672 1.17921e-06 2.46835e-07 0 0
0.375672 1.18139e-06 2.18162e-07 0 0
0.375672 1.18334e-06 1.94659e-07 0 0
0.375672 1.18495e-06 1.61534e-07 0 0
0.375672 1.18638e-06 1.43177e-07 0 0
0.375672 1.18762e-06 1.23156e-07 0 0
0.375672 1.18857e-06 9.49657e-08 0 0
0.375672 1.18919e-06 6.20123e-08 0 0
0.375672 1.18949e-06 3.04935e-08 0 0
0.375672 1.18952e-06 2.67976e-09 0 0
0.375672 1.18925e-06 -2.70104e-08 0 0
0.375672 1.18883e-06 -4.17158e-08 0 0
0.375672 1.18826e-06 -5.67029e-08 0 0
0.375672 1.187e-06 -1.26083e-07 0 0
0.375672 1.18567e-06 -1.33167e-07 0 0
0.375672 1.18397e-06 -1.70489e-07 0 0
0.375672 1.18189e-06 -2.07532e-07 0 0
0.375672 1.17954e-06 -2.34534e-07 0 0
0.375672 1.17671e-06 -2.83356e-07 0 0
0.375672 1.17368e-06 -3.02943e-07 0 0
0.375672 1.17005e-06 -3.6314e-07 0 0
0.375672 1.16674e-06 -3.31301e-07 0 0
0.375672 1.16251e-06 -4.22993e-07 0 0
0.375672 1.15809e-06 -4.41841e-07 0 0
0.375672 1.15332e-06 -4.76788e-07 0 0
0.375672 1.14821e-06 -5.10973e-07 0 0
0.375672 1.1428e-06 -5.40823e-07 0 0
0.375672 1.13716e-06 -5.64753e-07 0 0
0.375672 1.13078e-06 -6.37328e-07 0 0
0.375672 1.12424e-06 -6.53886e-07 0 0
0.375672 1.11758e-06 -6.6587e-07 0 0
0.375672 1.11039e-06 -7.19841e-07 0 0
0.375672 1.10229e-06 -8.09972e-07 0 0
0.375672 1.09431e-06 -7.9783e-07 0 0
0.375672 1.08581e-06 -8.50297e-07 0 0
0.375672 1.07732e-06 -8.48724e-07 0 0
0.375672 1.06773e-06 -9.5849e-07 0 0
0.375672 1.05815e-06 -9.57991e-07 0 0
0.375672 1.04808e-06 -1.00731e-06 0 0
0.375672 1.0374e-06 -1.06824e-06 0 0
0.375672 1.02681e-06 -1.05875e-06 0 0
0.375672 1.01565e-06 -1.11606e-06 0 0
0.375672 1.00331e-06 -1.23412e-06 0 0
0.375672 9.91681e-07 -1.16273e-06 0 0
0.375672 9.79702e-07 -1.19793e-06 0 0
0.375672 9.66342e-07 -1.33596e-06 0 0
0.375672 9.52741e-07 -1.36009e-06 0 0
0.375672 9.38917e-07 -1.38247e-06 0 0
0.375672 9.25315e-07 -1.36018e-06 0 0
0.375672 9.10223e-07 -1.50921e-06 0 0
0.375672 8.95101e-07 -1.51222e-06 0 0
0.375672 8.80025e-07 -1.50752e-06 0 0
0.375672 8.64116e-07 -1.59089e-06 0 0
0.375672 8.48557e-07 -1.55599e-06 0 0
0.375672 8.30688e-07 -1.78683e-06 0 0
0.375672 8.14451e-07 -1.6237e-06 0 0
0.375673 7.97321e-07 -1.71305e-06 0 0
0.375673 7.78396e-07 -1.89247e-06 0 0
0.375673 7.60827e-07 -1.75691e-06 0 0
0.375673 7.42924e-07 -1.79029e-06 0 0
0.375673 7.23797e-07 -1.91268e-06 0 0
0.375673 7.03653e-07 -2.01443e-06 0 0
0.375673 6.84238e-07 -1.9415e-06 0 0
0.375673 6.64874e-07 -1.93639e-06 0 0
0.375673 6.4544e-07 -1.94338e-06 0 0
0.375673 6.23379e-07 -2.20606e-06 0 0
0.375673 6.01833e-07 -2.15463e-06 0 0
0.375673 5.80594e-07 -2.12396e-06 0 0
0.375673 5.58286e-07 -2.23076e-06 0 0
0.375673 5.37368e-07 -2.09175e-06 0 0
0.375673 5.14406e-07 -2.29627e-06 0 0
0.375673 4.91189e-07 -2.32168e-06 0 0
0.375673 4.68805e-07 -2.23834e-06 0 0
0.375673 4.45054e-07 -2.37512e-06 0 0
0.375673 4.22434e-07 -2.26205e-06 0 0
0.375673 3.98583e-07 -2.3851e-06 0 0
0.375673 3.74207e-07 -2.43753e-06 0 0
0.375673 3.51799e-07 -2.24085e-06 0 0
0.375673 3.28518e-07 -2.3281e-06 0 0
0.375673 3.04677e-07 -2.38407e-06 0 0
0.375673 2.84276e-07 -2.04012e-06 0 0
0.375673 2.6069e-07 -2.35864e-06 0 0
0.375673 2.37181e-07 -2.35087e-06 0 0
0.375673 2.1247e-07 -2.4711e-06 0 0
0.375673 1.88446e-07 -2.40237e-06 0 0
0.375673 1.65009e-07 -2.34374e-06 0 0
0.375673 1.41536e-07 -2.34731e-06 0 0
0.375673 1.15679e-07 -2.58562e-06 0 0
0.375673 9.1184e-08 -2.44955e-06 0 0
0.375673 6.87819e-08 -2.24021e-06 0 0
0.375673 4.29755e-08 -2.58064e-06 0 0
0.375673 1.69523e-08 -2.60232e-06 0 0
0.375673 -6.18933e-09 -2.31416e-06 0 0
0.375673 -3.21793e-08 -2.59899e-06 0 0
0.375673 -5.54254e-08 -2.32461e-06 0 0
0.375673 -8.30136e-08 -2.75882e-06 0 0
0.375673 -1.06054e-07 -2.30405e-06 0 0
0.375673 -1.32129e-07 -2.60749e-06 0 0
0.375673 -1.58381e-07 -2.62521e-06 0 0
0.375673 -1.82675e-07 -2.42939e-06 0 0
0.375673 -2.08989e-07 -2.63137e-06 0 0
0.375673 -2.3246e-07 -2.34715e-06 0 0
0.375673 -2.59173e-07 -2.67129e-06 0 0
0.375673 -2.81964e-07 -2.27907e-06 0 0
0.375673 -3.07237e-07 -2.5273e-06 0 0
0.375673 -3.35701e-07 -2.84646e-06 0 0
0.375673 -3.59611e-07 -2.39095e-06 0 0
0.375673 -3.81926e-07 -2.2315e-06 0 0
0.375673 -4.08479e-07 -2.65529e-06 0 0
0.375673 -4.32751e-07 -2.42728e-06 0 0
0.375673 -4.55838e-07 -2.30863e-06 0 0
0.375673 -4.8122e-07 -2.53823e-06 0 0
0.375673 -5.04875e-07 -2.36551e-06 0 0
0.375673 -5.30067e-07 -2.51919e-06 0 0
0.375673 -5.514e-07 -2.13333e-06 0 0
0.375673 -5.75376e-07 -2.39761e-06 0 0
0.375673 -5.99113e-07 -2.37365e-06 0 0
0.375673 -6.19382e-07 -2.0269e-06 0 0
0.375673 -6.4468e-07 -2.52983e-06 0 0
0.375673 -6.66551e-07 -2.18716e-06 0 0
0.375673 -6.84833e-07 -1.82812e-06 0 0
0.375673 -7.05697e-07 -2.0864e-06 0 0
0.375673 -7.27204e-07 -2.15077e-06 0 0
0.375673 -7.47009e-07 -1.98046e-06 0 0
0.375673 -7.67212e-07 -2.02029e-06 0 0
0.375673 -7.90243e-07 -2.30311e-06 0 0
0.375673 -8.08399e-07 -1.81559e-06 0 0
0.375672 -8.27544e-07 -1.91451e-06 0 0
0.375672 -8.45115e-07 -1.75712e-06 0 0
0.375672 -8.64459e-07 -1.93442e-06 0 0
0.375672 -8.80259e-07 -1.57998e-06 0 0
0.375672 -8.97126e-07 -1.6867e-06 0 0
0.375672 -9.16185e-07 -1.90591e-06 0 0
0.375672 -9.3011e-07 -1.39252e-06 0 0
0.375672 -9.49525e-07 -1.94144e-06 0 0
0.375672 -9.62687e-07 -1.31627e-06 0 0
0.375672 -9.77982e-07 -1.5295e-06 0 0
0.375672 -9.90346e-07 -1.23642e-06 0 0
0.375672 -1.00893e-06 -1.85875e-06 0 0
0.375672 -1.01807e-06 -9.14004e-07 0 0
0.375672 -1.03338e-06 -1.53058e-06 0 0
0.375672 -1.04031e-06 -6.92561e-07 0 0
0.375672 -1.05442e-06 -1.41182e-06 0 0
0.375672 -1.06818e-06 -1.37532e-06 0 0
0.375672 -1.07825e-06 -1.00774e-06 0 0
0.375672 -1.08736e-06 -9.10856e-07 0 0
0.375672 -1.09419e-06 -6.83067e-07 0 0
0.375672 -1.10544e-06 -1.12499e-06 0 0
0.375672 -1.11459e-06 -9.14526e-07 0 0
0.375672 -1.12268e-06 -8.09024e-07 0 0
0.375672 -1.13221e-06 -9.52733e-07 0 0
0.375672 -1.13527e-06 -3.05959e-07 0 0
0.375672 -1.14091e-06 -5.63963e-07 0 0
0.375672 -1.1464e-06 -5.4929e-07 0 0
0.375672 -1.14895e-06 -2.55484e-07 0 0
0.375672 -1.15927e-06 -1.03173e-06 0 0
0.375672 -1.15837e-06 9.03519e-08 0 0
0.375672 -1.16393e-06 -5.56417e-07 0 0
0.375672 -1.16759e-06 -3.65942e-07 0 0
0.375672 -1.171e-06 -3.41083e-07 0 0
0.375672 -1.17554e-06 -4.53484e-07 0 0
0.375672 -1.17192e-06 3.61995e-07 0 0
0.375672 -1.17379e-06 -1.87793e-07 0 0
0.375672 -1.17697e-06 -3.17308e-07 0 0
0.375672 -1.17562e-06 1.34469e-07 0 0
0.375672 -1.17271e-06 2.91008e-07 0 0
0.375672 -1.16981e-06 2.89853e-07 0 0
0.375672 -1.17226e-06 -2.44822e-07 0 0
0.375672 -1.17232e-06 -5.55989e-09 0 0
0.375672 -1.16672e-06 5.59284e-07 0 0
0.375672 -1.16352e-06 3.20754e-07 0 0
0.375672 -1.16318e-06 3.32528e-08 0 0
0.375672 -1.16066e-06 2.5286e-07 0 0
0.375672 -1.1582e-06 2.45812e-07 0 0
0.375672 -1.15556e-06 2.64226e-07 0 0
0.375672 -1.1509e-06 4.65688e-07 0 0
0.375672 -1.14489e-06 6.01357e-07 0 0
0.375672 -1.13892e-06 5.96082e-07 0 0
0.375672 -1.13455e-06 4.3731e-07 0 0
0.375672 -1.12541e-06 9.14154e-07 0 0
0.375672 -1.1215e-06 3.90755e-07 0 0
0.375672 -1.11781e-06 3.69642e-07 0 0
0.375672 -1.10903e-06 8.78077e-07 0 0
0.375672 -1.10294e-06 6.08596e-07 0 0
0.375672 -1.09272e-06 1.02171e-06 0 0
0.375672 -1.08706e-06 5.66095e-07 0 0
0.375672 -1.07663e-06 1.04326e-06 0 0
0.375672 -1.07481e-06 1.8206e-07 0 0
0.375672 -1.06474e-06 1.00709e-06 0 0
0.375672 -1.05434e-06 1.03923e-06 0 0
0.375672 -1.0501e-06 4.24221e-07 0 0
0.375672 -1.0393e-06 1.0804e-06 0 0
0.375672 -1.03146e-06 7.84285e-07 0 0
0.375672 -1.02028e-06 1.11798e-06 0 0
0.375672 -1.01251e-06 7.7619e-07 0 0
0.375672 -1.00319e-06 9.32361e-07 0 0
0.375672 -9.94673e-07 8.51768e-07 0 0
0.375672 -9.87241e-07 7.43175e-07 0 0
0.375672 -9.75267e-07 1.19741e-06 0 0
0.375672 -9.64965e-07 1.03024e-06 0 0
0.375672 -9.59903e-07 5.06174e-07 0 0
0.375672 -9.48736e-07 1.11673e-06 0 0
0.375672 -9.40296e-07 8.4398e-07 0 0
0.375672 -9.3032e-07 9.97558e-07 0 0
0.375672 -9.22705e-07 7.61566e-07 0 0
0.375672 -9.13219e-07 9.48561e-07 0 0
0.375672 -9.0045e-07 1.27693e-06 0 0
0.375672 -8.93193e-07 7.2569e-07 0 0
0.375672 -8.80544e-07 1.26486e-06 0 0
0.375672 -8.70833e-07 9.71156e-07 0 0
0.375672 -8.6306e-07 7.7728e-07 0 0
0.375672 -8.53538e-07 9.52223e-07 0 0
0.375672 -8.40257e-07 1.32806e-06 0 0
0.375672 -8.35337e-07 4.91965e-07 0 0
0.375672 -8.25516e-07 9.82136e-07 0 0
0.375672 -8.14145e-07 1.1371e-06 0 0
0.375672 -8.03403e-07 1.07421e-06 0 0
0.375672 -7.94379e-07 9.02367e-07 0 0
0.375672 -7.85671e-07 8.70825e-07 0 0
0.375672 -7.77398e-07 8.27261e-07 0 0
0.375672 -7.68e-07 9.39838e-07 0 0
0.375672 -7.60203e-07 7.79732e-07 0 0
0.375672 -7.51725e-07 8.47771e-07 0 0
0.375672 -7.42524e-07 9.20082e-07 0 0
0.375672 -7.31819e-07 1.07056e-06 0 0
0.375671 -7.23086e-07 8.73318e-07 0 0
0.375671 -7.14258e-07 8.82731e-07 0 0
0.375671 -7.08603e-07 5.65517e-07 0 0
0.375671 -6.96657e-07 1.19459e-06 0 0
0.375671 -6.86543e-07 1.01146e-06 0 0
0.375671 -6.82378e-07 4.16459e-07 0 0
0.375671 -6.71732e-07 1.06456e-06 0 0
0.375671 -6.62781e-07 8.95122e-07 0 0
0.375671 -6.53019e-07 9.76237e-07 0 0
0.375671 -6.45877e-07 7.14182e-07 0 0
0.375671 -6.38181e-07 7.69624e-07 0 0
0.375671 -6.31457e-07 6.72403e-07 0 0
0.375671 -6.24555e-07 6.90161e-07 0 0
0.375671 -6.17904e-07 6.65121e-07 0 0
0.375671 -6.11391e-07 6.5125e-07 0 0
0.375671 -6.01224e-07 1.01679e-06 0 0
0.375671 -5.96713e-07 4.51047e-07 0 0
0.375671 -5.8582e-07 1.08929e-06 0 0
0.375671 -5.80272e-07 5.54851e-07 0 0
0.375671 -5.73179e-07 7.0924e-07 0 0
0.375671 -5.65976e-07 7.20368e-07 0 0
0.375671 -5.57777e-07 8.19902e-07 0 0
0.375671 -5.50539e-07 7.2373e-07 0 0
0.375671 -5.46786e-07 3.75296e-07 0 0
0.375671 -5.37759e-07 9.02708e-07 0 0
0.375671 -5.32787e-07 4.97251e-07 0 0
0.375671 -5.25419e-07 7.36819e-07 0 0
0.375671 -5.19637e-07 5.78112e-07 0 0
0.375671 -5.12916e-07 6.72122e-07 0 0
0.375671 -5.0591e-07 7.00588e-07 0 0
0.375671 -5.01303e-07 4.60712e-07 0 0
0.375671 -4.94087e-07 7.21601e-07 0 0
0.375671 -4.89454e-07 4.63332e-07 0 0
0.375671 -4.83619e-07 5.83485e-07 0 0
0.375671 -4.79081e-07 4.53781e-07 0 0
0.375671 -4.7142e-07 7.66106e-07 0 0
0.375671 -4.66248e-07 5.17257e-07 0 0
0.375671 -4.61771e-07 4.47617e-07 0 0
0.375671 -4.56513e-07 5.25811e-07 0 0
0.375671 -4.49482e-07 7.03107e-07 0 0
0.375671 -4.45117e-07 4.36557e-07 0 0
0.375671 -4.40185e-07 4.93217e-07 0 0
0.375671 -4.35626e-07 4.55825e-07 0 0
0.375671 -4.29743e-07 5.88378e-07 0 0
0.375671 -4.26586e-07 3.15607e-07 0 0
0.375671 -4.21193e-07 5.39377e-07 0 0
0.375671 -5.05071e-07 -8.38784e-06 0 0
0.375671 -3.28435e-07 1.76636e-05 0 0
0.375671 -3.2834e-07 9.42151e-09 0 0
0.375671 -3.29046e-07 -7.05133e-08 0 0
0.375671 -3.29884e-07 -8.38271e-08 0 0
0.375671 -3.29915e-07 -3.08147e-09 0 0
0.375671 -3.30613e-07 -6.98741e-08 0 0
0.375671 -3.30876e-07 -2.62685e-08 0 0
0.375671 -3.31693e-07 -8.16647e-08 0 0
0.375671 -3.32151e-07 -4.58588e-08 0 0
0.375671 -3.32375e-07 -2.23236e-08 0 0
0.375671 -3.32665e-07 -2.9088e-08 0 0
0.375671 -3.33187e-07 -5.21429e-08 0 0
0.375671 -3.33909e-07 -7.2209e-08 0 0
0.375671 -3.34217e-07 -3.07733e-08 0 0
0.375671 -3.3429e-07 -7.3257e-09 0 0
0.375671 -3.34898e-07 -6.08196e-08 0 0
0.375671 -3.35191e-07 -2.92804e-08 0 0
0.375671 -3.3538e-07 -1.88881e-08 0 0
0.375671 -3.35803e-07 -4.23677e-08 0 0
0.375671 -3.35492e-07 3.11085e-08 0 0
0.375671 -3.36262e-07 -7.6977e-08 0 0
0.375671 -3.36301e-07 -3.85936e-09 0 0
0.375671 -3.36501e-07 -2.00222e-08 0 0
0.375671 -3.36984e-07 -4.83303e-08 0 0
0.375671 -3.36848e-07 1.35912e-08 0 0
0.375671 -3.37239e-07 -3.90926e-08 0 0
0.375671 -3.36709e-07 5.30126e-08 0 0
0.375671 -3.36817e-07 -1.07596e-08 0 0
0.375671 -3.37222e-07 -4.05665e-08 0 0
0.375671 -3.36825e-07 3.97607e-08 0 0
0.375671 -3.36848e-07 -2.30443e-09 0 0
0.375671 -3.37102e-07 -2.54627e-08 0 0
0.375671 -3.36698e-07 4.04907e-08 0 0
0.375671 -3.37033e-07 -3.35371e-08 0 0
0.375671 -3.36874e-07 1.59341e-08 0 0
0.375671 -3.36275e-07 5.98872e-08 0 0
0.375671 -3.36299e-07 -2.47177e-09 0 0
0.375671 -3.36167e-07 1.32531e-08 0 0
0.375671 -3.35614e-07 5.52434e-08 0 0
0.375671 -3.35429e-07 1.85375e-08 0 0
0.375671 -3.35265e-07 1.64605e-08 0 0
0.375671 -3.34237e-07 1.02762e-07 0 0
0.375671 -3.34034e-07 2.02543e-08 0 0
0.375671 -3.33579e-07 4.55663e-08 0 0
0.375671 -3.32791e-07 7.87491e-08 0 0
0.375671 -3.32725e-07 6.57091e-09 0 0
0.375671 -3.3187e-07 8.55027e-08 0 0
0.375671 -3.31877e-07 -6.62117e-10 0 0
0.375671 -3.30927e-07 9.50349e-08 0 0
0.375671 -3.30529e-07 3.97652e-08 0 0
0.375671 -3.30096e-07 4.32641e-08 0 0
0.375671 -3.29105e-07 9.91476e-08 0 0
0.375671 -3.28803e-07 3.01704e-08 0 0
0.375671 -3.27943e-07 8.60333e-08 0 0
0.375671 -3.27612e-07 3.31289e-08 0 0
0.375671 -3.26519e-07 1.09251e-07 0 0
0.375671 -3.2582e-07 6.98912e-08 0 0
0.375671 -3.24748e-07 1.07239e-07 0 0
0.375671 -3.24591e-07 1.57281e-08 0 0
0.375671 -3.23739e-07 8.51355e-08 0 0
0.375671 -3.2297e-07 7.68805e-08 0 0
0.375671 -3.21758e-07 1.21256e-07 0 0
0.375671 -3.21396e-07 3.61809e-08 0 0
0.375671 -3.20359e-07 1.03737e-07 0 0
0.375671 -3.19188e-07 1.17022e-07 0 0
0.375671 -3.18119e-07 1.06987e-07 0 0
0.375671 -3.17764e-07 3.54408e-08 0 0
0.375671 -3.16375e-07 1.38945e-07 0 0
0.375671 -3.15337e-07 1.0376e-07 0 0
0.375671 -3.14615e-07 7.22361e-08 0 0
0.375671 -3.13375e-07 1.23999e-07 0 0
0.375671 -3.12041e-07 1.33346e-07 0 0
0.375671 -3.10896e-07 1.14564e-07 0 0
0.375671 -3.10044e-07 8.51502e-08 0 0
0.375671 -3.08687e-07 1.35754e-07 0 0
0.375671 -3.07587e-07 1.10008e-07 0 0
0.375671 -3.05963e-07 1.62383e-07 0 0
0.375671 -3.05374e-07 5.88248e-08 0 0
0.375671 -3.0442e-07 9.54068e-08 0 0
0.375671 -3.02635e-07 1.78525e-07 0 0
0.375671 -3.01924e-07 7.11499e-08 0 0
0.375671 -3.007e-07 1.22384e-07 0 0
0.375671 -5.07621e-07 -2.06921e-05 0 0
0.375671 -3.70555e-07 1.37066e-05 0 0
0.375671 -3.68338e-07 2.21677e-07 0 0
0.375671 -3.66285e-07 2.05356e-07 0 0
0.375671 -3.646e-07 1.68491e-07 0 0
0.375671 -3.62958e-07 1.6415e-07 0 0
0.375671 -3.6085e-07 2.1085e-07 0 0
0.375671 -3.58907e-07 1.9425e-07 0 0
0.375671 -3.57562e-07 1.34518e-07 0 0
0.375671 -3.55417e-07 2.14537e-07 0 0
0.375671 -3.53365e-07 2.05178e-07 0 0
0.375671 -3.5185e-07 1.51473e-07 0 0
0.375671 -3.49788e-07 2.06203e-07 0 0
0.375671 -2.82372e-07 6.74164e-06 0 0
0.375671 -2.81007e-07 1.36453e-07 0 0
0.375671 -2.79461e-07 1.54603e-07 0 0
0.375671 -2.78143e-07 1.31796e-07 0 0
0.375671 -2.76701e-07 1.44181e-07 0 0
0.375671 -2.7555e-07 1.15129e-07 0 0
0.375671 -2.73979e-07 1.57099e-07 0 0
0.375671 -1.42173e-07 1.31806e-05 0 0
0.375671 -1.41919e-07 2.53916e-08 0 0
0.375671 -1.41892e-07 2.72607e-09 0 0
0.375671 -1.41725e-07 1.6695e-08 0 0
0.375671 -1.41591e-07 1.33345e-08 0 0
0.375671 -1.93213e-07 -5.16217e-06 0 0
0.375671 -1.92721e-07 4.9173e-08 0 0
0.375671 -1.92208e-07 5.12728e-08 0 0
0.375671 -1.91609e-07 5.99466e-08 0 0
0.375671 -1.91069e-07 5.39708e-08 0 0
0.375671 -1.90527e-07 5.42494e-08 0 0
0.375671 -1.9005e-07 4.76842e-08 0 0
0.375671 -1.8955e-07 5.0006e-08 0 0
0.375671 -1.89009e-07 5.40655e-08 0 0
0.375671 -1.88495e-07 5.1386e-08 0 0
0.375671 -1.87893e-07 6.02071e-08 0 0
0.375671 -1.87307e-07 5.8606e-08 0 0
0.375671 -1.87009e-07 2.98146e-08 0 0
0.375671 -1.86402e-07 6.07089e-08 0 0
0.375671 -1.85975e-07 4.26572e-08 0 0
0.375671 -1.85346e-07 6.29601e-08 0 0
0.375671 -1.84929e-07 4.1662e-08 0 0
0.375671 -1.84318e-07 6.10932e-08 0 0
0.375671 -1.83871e-07 4.4721e-08 0 0
0.375671 -1.83157e-07 7.1391e-08 0 0
0.375671 -1.82656e-07 5.0098e-08 0 0
0.375671 -1.82255e-07 4.00706e-08 0 0
0.375671 -1.81606e-07 6.4969e-08 0 0
0.375671 -1.81142e-07 4.63888e-08 0 0
0.375671 -1.04646e-07 7.64958e-06 0 0
0.375671 -1.04601e-07 4.47436e-09 0 0
0.375671 -1.04582e-07 1.91238e-09 0 0
0.375671 -1.04614e-07 -3.16014e-09 0 0
0.375671 -1.04528e-07 8.54949e-09 0 0
0.375671 -1.04557e-07 -2.83132e-09 0 0
0.375671 -1.04584e-07 -2.71159e-09 0 0
0.375671 -1.04573e-07 1.02892e-09 0 0
0.375671 -1.04549e-07 2.42671e-09 0 0
0.375671 -1.04591e-07 -4.17331e-09 0 0
0.375671 -1.04695e-07 -1.03969e-08 0 0
0.375671 -1.04678e-07 1.72527e-09 0 0
0.375671 -1.0472e-07 -4.25184e-09 0 0
0.375671 -1.0473e-07 -1.00049e-09 0 0
0.375671 -1.04723e-07 7.20358e-10 0 0
0.375671 -1.04767e-07 -4.35699e-09 0 0
0.375671 -1.04723e-07 4.37524e-09 0 0
0.375671 -1.04796e-07 -7.35532e-09 0 0
0.375671 -1.04923e-07 -1.26645e-08 0 0
0.375671 -1.04978e-07 -5.48173e-09 0 0
0.375671 -1.05022e-07 -4.40966e-09 0 0
0.375671 -7.91609e-08 2.5861e-06 0 0
0.375671 -7.92587e-08 -9.78363e-09 0 0
0.375671 -7.92897e-08 -3.099e-09 0 0
0.375671 -7.94031e-08 -1.13381e-08 0 0
0.375671 -7.95816e-08 -1.78464e-08 0 0
0.375671 -7.9701e-08 -1.19471e-08 0 0
0.375671 -7.97384e-08 -3.73443e-09 0 0
0.375671 -7.98177e-08 -7.93531e-09 0 0
0.375671 -7.99754e-08 -1.57633e-08 0 0
0.375671 -8.01672e-08 -1.91827e-08 0 0
0.375671 -8.03221e-08 -1.54902e-08 0 0
0.375671 -8.03349e-08 -1.28637e-09 0 0
0.375671 -8.04829e-08 -1.47951e-08 0 0
0.375671 -8.06136e-08 -1.30699e-08 0 0
0.375671 -8.08256e-08 -2.12026e-08 0 0
0.375671 -8.09808e-08 -1.55137e-08 0 0
0.375671 -8.11233e-08 -1.42538e-08 0 0
0.375671 -8.11923e-08 -6.90273e-09 0 0
0.375671 -8.1367e-08 -1.74647e-08 0 0
0.375671 -8.15042e-08 -1.37182e-08 0 0
0.375671 -8.17212e-08 -2.17055e-08 0 0
0.375671 -8.18964e-08 -1.75204e-08 0 0
0.375671 -8.19789e-08 -8.24509e-09 0 0
0.375671 -8.21028e-08 -1.2395e-08 0 0
0.375671 -8.22867e-08 -1.83894e-08 0 0
0.375671 -8.24207e-08 -1.33982e-08 0 0
0.375671 -8.26551e-08 -2.34382e-08 0 0
0.375671 -8.28262e-08 -1.71125e-08 0 0
0.375671 -8.29161e-08 -8.98817e-09 0 0
0.375671 -8.30855e-08 -1.69418e-08 0 0
0.375671 -8.32227e-08 -1.37223e-08 0 0
0.375671 -8.33867e-08 -1.63961e-08 0 0
0.375671 -8.36141e-08 -2.27429e-08 0 0
0.375671 -8.36826e-08 -6.85038e-09 0 0
0.375671 -8.38517e-08 -1.69111e-08 0 0
0.375671 -8.4007e-08 -1.55243e-08 0 0
0.375671 -8.4182e-08 -1.75052e-08 0 0
0.375671 -8.43119e-08 -1.29858e-08 0 0
0.375671 -8.43992e-08 -8.7316e-09 0 0
0.375671 -8.46458e-08 -2.46649e-08 0 0
0.375671 -8.47447e-08 -9.88477e-09 0 0
0.375671 -8.48833e-08 -1.38578e-08 0 0
0.375671 -8.50478e-08 -1.64561e-08 0 0
0.375671 -8.51386e-08 -9.08214e-09 0 0
0.375671 -8.52702e-08 -1.31584e-08 0 0
0.375671 -8.54952e-08 -2.2492e-08 0 0
0.375671 -8.5651e-08 -1.55841e-08 0 0
0.375671 -8.57198e-08 -6.87938e-09 0 0
0.375671 -8.58686e-08 -1.48765e-08 0 0
0.375671 -8.59156e-08 -4.70341e-09 0 0
0.375671 -8.60697e-08 -1.54152e-08 0 0
0.375671 -8.62845e-08 -2.1476e-08 0 0
0.375671 -8.63857e-08 -1.01172e-08 0 0
0.375671 -8.65236e-08 -1.3795e-08 0 0
0.375671 -1.14285e-07 -2.77618e-06 0 0
0.375671 -1.14433e-07 -1.48079e-08 0 0
0.375671 -1.14569e-07 -1.35027e-08 0 0
0.375671 -1.14708e-07 -1.39714e-08 0 0
0.375671 -1.14751e-07 -4.29394e-09 0 0
0.375671 -1.14933e-07 -1.81346e-08 0 0
0.375671 -1.15006e-07 -7.36731e-09 0 0
0.375671 -1.15104e-07 -9.75869e-09 0 0
0.375671 -1.15195e-07 -9.08472e-09 0 0
0.375671 -1.1533e-07 -1.35259e-08 0 0
0.375671 -1.15363e-07 -3.27408e-09 0 0
0.375671 -1.1545e-07 -8.73587e-09 0 0
0.375671 -1.15525e-07 -7.54756e-09 0 0
0.375671 -1.15669e-07 -1.43957e-08 0 0
0.375671 -1.15653e-07 1.67274e-09 0 0
0.375671 -1.15754e-07 -1.00963e-08 0 0
0.375671 -1.15732e-07 2.19038e-09 0 0
0.375671 -1.15816e-07 -8.37693e-09 0 0
0.375671 -1.15861e-07 -4.54532e-09 0 0
0.375671 -1.15909e-07 -4.84787e-09 0 0
0.375671 -1.15944e-07 -3.46758e-09 0 0
0.375671 -1.15964e-07 -2.01736e-09 0 0
0.375671 -1.16021e-07 -5.71057e-09 0 0
0.375671 -1.15985e-07 3.68765e-09 0 0
0.375671 -1.16011e-07 -2.66196e-09 0 0
0.375671 -1.15988e-07 2.28922e-09 0 0
0.375671 -1.15947e-07 4.16814e-09 0 0
0.375671 -1.15953e-07 -6.7741e-10 0 0
0.375671 -1.15987e-07 -3.3707e-09 0 0
0.375671 -1.15885e-07 1.02215e-08 0 0
0.375671 -1.15873e-07 1.20645e-09 0 0
0.375671 -1.15886e-07 -1.30853e-09 0 0
0.375671 -1.15766e-07 1.195e-08 0 0
0.375671 -1.83595e-07 -6.78288e-06 0 0
0.375671 -1.15476e-07 6.81193e-06 0 0
0.375671 -1.15258e-07 2.17807e-08 0 0
0.375671 -1.15256e-07 1.68107e-10 0 0
0.375671 -1.15235e-07 2.11619e-09 0 0
0.375671 -1.15102e-07 1.32976e-08 0 0
0.375671 -1.14987e-07 1.15428e-08 0 0
0.375671 -1.14913e-07 7.33047e-09 0 0
0.375671 -1.82076e-07 -6.71622e-06 0 0
0.375671 -1.81695e-07 3.80867e-08 0 0
0.375671 -1.57721e-07 2.39734e-06 0 0
0.375671 -1.56814e-07 9.07311e-08 0 0
0.375671 -1.56306e-07 5.07584e-08 0 0
0.375671 -1.55453e-07 8.53401e-08 0 0
0.375671 -1.54831e-07 6.2221e-08 0 0
0.375671 -1.54119e-07 7.12346e-08 0 0
0.375671 -1.53265e-07 8.53058e-08 0 0
0.375671 -1.52657e-07 6.08496e-08 0 0
0.375671 -1.51872e-07 7.84784e-08 0 0
0.375671 -1.51079e-07 7.92958e-08 0 0
0.375671 -1.5032e-07 7.58734e-08 0 0
0.375671 -1.49551e-07 7.69248e-08 0 0
0.375671 -1.48727e-07 8.24432e-08 0 0
0.375671 -1.47943e-07 7.84085e-08 0 0
0.375671 -1.47204e-07 7.3822e-08 0 0
0.375671 -1.46567e-07 6.37093e-08 0 0
0.375671 -1.45588e-07 9.79325e-08 0 0
0.375671 -1.44804e-07 7.83909e-08 0 0
0.375671 -1.43937e-07 8.67225e-08 0 0
0.375671 -1.43127e-07 8.09494e-08 0 0
0.375671 -1.42353e-07 7.74483e-08 0 0
0.375671 -1.41513e-07 8.40441e-08 0 0
0.375671 -1.40643e-07 8.69822e-08 0 0
0.375671 -1.39765e-07 8.77791e-08 0 0
0.375671 -1.38871e-07 8.94146e-08 0 0
0.375671 -1.3806e-07 8.10389e-08 0 0
0.375671 -1.37252e-07 8.08815e-08 0 0
0.375671 -1.36314e-07 9.37213e-08 0 0
0.375671 -1.35453e-07 8.6134e-08 0 0
0.375671 -1.34515e-07 9.3829e-08 0 0
0.375671 -1.17793e-07 1.67214e-06 0 0
0.375671 -1.17046e-07 7.47665e-08 0 0
0.375671 -1.16244e-07 8.01374e-08 0 0
0.375671 -1.15561e-07 6.8279e-08 0 0
0.375671 -1.14825e-07 7.36236e-08 0 0
0.375671 -1.14001e-07 8.24097e-08 0 0
0.375671 -1.13254e-07 7.468e-08 0 0
0.375671 -1.12407e-07 8.47017e-08 0 0
0.375671 -1.11627e-07 7.79849e-08 0 0
0.375671 -1.10761e-07 8.66222e-08 0 0
0.375671 -1.09987e-07 7.74681e-08 0 0
0.375671 -1.62359e-07 -5.23727e-06 0 0
0.375671 -1.38706e-07 2.36536e-06 0 0
0.375671 -1.38095e-07 6.10838e-08 0 0
0.375671 -1.37645e-07 4.50061e-08 0 0
0.375671 -1.6075e-07 -2.31052e-06 0 0
0.375671 -1.6037e-07 3.80098e-08 0 0
0.375671 -9.84134e-08 6.19566e-06 0 0
0.375671 -9.85311e-08 -1.17758e-08 0 0
0.375671 -9.85598e-08 -2.86413e-09 0 0
0.375671 -9.86268e-08 -6.69898e-09 0 0
0.375671 -9.87072e-08 -8.04158e-09 0 0
0.375671 -9.87761e-08 -6.89578e-09 0 0
0.375671 -9.88372e-08 -6.11059e-09 0 0
0.375671 -9.88929e-08 -5.5688e-09 0 0
0.375671 -9.89428e-08 -4.9886e-09 0 0
0.375671 -9.89867e-08 -4.38789e-09 0 0
0.375671 -9.90245e-08 -3.77647e-09 0 0
0.375671 -7.69879e-08 2.20365e-06 0 0
0.375671 -7.69072e-08 8.07788e-09 0 0
0.375671 -7.69084e-08 -1.22765e-10 0 0
0.375671 -7.68689e-08 3.94542e-09 0 0
0.375671 -7.68097e-08 5.92231e-09 0 0
0.375671 -7.6751e-08 5.8747e-09 0 0
0.375671 -7.66896e-08 6.13607e-09 0 0
0.375671 -7.66237e-08 6.59158e-09 0 0
0.375671 -7.65534e-08 7.03252e-09 0 0
0.375671 -7.64788e-08 7.45938e-09 0 0
0.375671 -9.91475e-08 -2.26688e-06 0 0
0.375671 -9.91491e-08 -1.56133e-10 0 0
0.375671 -9.90616e-08 8.75032e-09 0 0
0.375671 -9.90051e-08 5.64797e-09 0 0
0.375671 -9.8958e-08 4.70697e-09 0 0
0.375671 -9.88995e-08 5.85692e-09 0 0
0.375671 -9.88324e-08 6.70536e-09 0 0
0.375671 -9.87591e-08 7.33623e-09 0 0
0.375671 -7.5318e-08 2.34411e-06 0 0
0.375671 -7.51535e-08 1.64547e-08 0 0
0.375671 -7.50754e-08 7.80492e-09 0 0
0.375671 -7.49538e-08 1.21583e-08 0 0
0.375671 -7.48112e-08 1.42669e-08 0 0
0.375671 -7.46687e-08 1.42423e-08 0 0
0.375671 -7.45234e-08 1.45378e-08 0 0
0.375671 -7.43728e-08 1.50594e-08 0 0
0.375671 -7.42174e-08 1.55392e-08 0 0
0.375671 -7.40572e-08 1.60171e-08 0 0
0.375671 -7.38923e-08 1.6486e-08 0 0
0.375671 -7.37227e-08 1.69604e-08 0 0
0.375671 -7.35483e-08 1.74435e-08 0 0
0.375671 -7.3369e-08 1.79294e-08 0 0
0.375671 -7.31849e-08 1.84103e-08 0 0
0.375671 -7.29959e-08 1.89035e-08 0 0
0.375671 -7.2802e-08 1.93897e-08 0 0
0.375671 -7.26033e-08 1.98623e-08 0 0
0.375671 -7.23996e-08 2.03704e-08 0 0
0.375671 -7.2191e-08 2.08635e-08 0 0
0.375671 -7.19775e-08 2.13485e-08 0 0
0.375671 -7.17591e-08 2.18465e-08 0 0
0.375671 -7.15356e-08 2.23467e-08 0 0
0.375671 -7.13072e-08 2.28432e-08 0 0
0.375671 -7.10738e-08 2.33379e-08 0 0
0.375671 -7.08354e-08 2.38424e-08 0 0
0.375671 -7.04018e-08 4.33547e-08 0 0
0.375671 -6.98727e-08 5.29115e-08 0 0
0.375671 -6.93419e-08 5.30819e-08 0 0
0.375671 -6.88094e-08 5.32458e-08 0 0
0.375671 -6.82752e-08 5.34238e-08 0 0
0.375671 -6.77391e-08 5.36041e-08 0 0
0.375671 -6.72015e-08 5.37624e-08 0 0
0.375671 -6.66621e-08 5.39442e-08 0 0
0.375671 -6.61209e-08 5.41164e-08 0 0
0.375671 -6.55778e-08 5.43075e-08 0 0
0.375671 -6.5033e-08 5.44817e-08 0 0
0.375671 -6.44863e-08 5.46677e-08 0 0
0.375671 -6.39379e-08 5.48426e-08 0 0
0.375671 -6.33874e-08 5.50486e-08 0 0
0.375671 -6.28352e-08 5.5222e-08 0 0
0.375671 -6.2281e-08 5.54234e-08 0 0
0.375671 -6.17248e-08 5.5614e-08 0 0
0.375671 -6.11668e-08 5.5801e-08 0 0
0.375671 -6.06068e-08 5.60071e-08 0 0
0.375671 -6.00447e-08 5.62089e-08 0 0
0.375671 -5.94807e-08 5.64001e-08 0 0
0.375671 -5.89146e-08 5.66037e-08 0 0
0.375671 -5.83465e-08 5.68155e-08 0 0
0.375671 -5.77764e-08 5.70062e-08 0 0
0.375671 -5.72042e-08 5.72229e-08 0 0
0.375671 -7.95724e-08 -2.23682e-06 0 0
0.375671 -7.89365e-08 6.35878e-08 0 0
0.375671 -7.82131e-08 7.23382e-08 0 0
0.375671 -7.7524e-08 6.89135e-08 0 0
0.375671 -7.6847e-08 6.76976e-08 0 0
0.375671 -7.61612e-08 6.85835e-08 0 0
0.375671 -7.54696e-08 6.91627e-08 0 0
0.375671 -7.47742e-08 6.9532e-08 0 0
0.375671 -7.40749e-08 6.99306e-08 0 0
0.375671 -7.33715e-08 7.03471e-08 0 0
0.375671 -7.26638e-08 7.07696e-08 0 0
0.375671 -4.95601e-08 2.31037e-06 0 0
0.375671 -4.89194e-08 6.40679e-08 0 0
0.375671 -4.83644e-08 5.55027e-08 0 0
0.375671 -4.77698e-08 5.94598e-08 0 0
0.375671 -4.7157e-08 6.12773e-08 0 0
0.375671 -4.65467e-08 6.10348e-08 0 0
0.375671 -4.59359e-08 6.10739e-08 0 0
0.375671 -4.53226e-08 6.13354e-08 0 0
0.375671 -4.47069e-08 6.15636e-08 0 0
0.375671 -4.40892e-08 6.17731e-08 0 0
0.375671 -4.34693e-08 6.19919e-08 0 0
0.375671 -4.27481e-08 7.21224e-08 0 0
0.375671 -4.1922e-08 8.26103e-08 0 0
0.375671 -4.10937e-08 8.28217e-08 0 0
0.375671 -4.02634e-08 8.30387e-08 0 0
0.375671 -3.9431e-08 8.3236e-08 0 0
0.375671 -3.85966e-08 8.34425e-08 0 0
0.375671 -3.77602e-08 8.3641e-08 0 0
0.375671 -3.69217e-08 8.38489e-08 0 0
0.375671 -3.60812e-08 8.40453e-08 0 0
0.375671 -3.52388e-08 8.42454e-08 0 0
0.375671 -3.43943e-08 8.44444e-08 0 0
0.375671 -3.35478e-08 8.46497e-08 0 0
0.375671 -3.26994e-08 8.48412e-08 0 0
0.375671 -3.18491e-08 8.5035e-08 0 0
0.375671 -3.09967e-08 8.52328e-08 0 0
0.375671 -3.01424e-08 8.54375e-08 0 0
0.375671 -2.92861e-08 8.56229e-08 0 0
0.375671 -2.84279e-08 8.58197e-08 0 0
0.375671 -2.75678e-08 8.601e-08 0 0
0.375671 -2.67058e-08 8.61985e-08 0 0
0.375671 -2.58419e-08 8.6397e-08 0 0
0.375671 -4.54164e-08 -1.95745e-06 0 0
0.375671 -4.43794e-08 1.03698e-07 0 0
0.375671 -4.3269e-08 1.1104e-07 0 0
0.375671 -4.21829e-08 1.08609e-07 0 0
0.375671 -4.11047e-08 1.07826e-07 0 0
0.375671 -4.00185e-08 1.08619e-07 0 0
0.375671 -3.89267e-08 1.09178e-07 0 0
0.375671 -3.7831e-08 1.09573e-07 0 0
0.375671 -3.6731e-08 1.09997e-07 0 0
0.375671 -3.56269e-08 1.1041e-07 0 0
0.375671 -3.45184e-08 1.10852e-07 0 0
0.375671 -3.34058e-08 1.1126e-07 0 0
0.375671 -3.2289e-08 1.11679e-07 0 0
0.375671 -3.1168e-08 1.12096e-07 0 0
0.375671 -3.0043e-08 1.12506e-07 0 0
0.375671 -2.89138e-08 1.12922e-07 0 0
0.375671 -2.77805e-08 1.13323e-07 0 0
0.375671 -2.66432e-08 1.13735e-07 0 0
0.375671 -2.55019e-08 1.14129e-07 0 0
0.375671 -2.43566e-08 1.14524e-07 0 0
0.375671 -2.32074e-08 1.14921e-07 0 0
0.375671 -2.2053e-08 1.15441e-07 0 0
0.375671 -2.08933e-08 1.15976e-07 0 0
0.375671 -1.97358e-08 1.15745e-07 0 0
0.375671 -1.85718e-08 1.16404e-07 0 0
0.375671 -1.74028e-08 1.16897e-07 0 0
0.375671 -1.62304e-08 1.17244e-07 0 0
0.375671 -1.50542e-08 1.17614e-07 0 0
0.375671 -1.38744e-08 1.17982e-07 0 0
0.375671 -1.2691e-08 1.18341e-07 0 0
0.375671 -1.15038e-08 1.18721e-07 0 0
0.375671 -1.0313e-08 1.19081e-07 0 0
0.375671 -9.11861e-09 1.19436e-07 0 0
0.375671 -7.92078e-09 1.19783e-07 0 0
0.375671 -6.71937e-09 1.2014e-07 0 0
0.375671 -5.51447e-09 1.2049e-07 0 0
0.375671 -4.30622e-09 1.20825e-07 0 0
0.375671 -3.0944e-09 1.21182e-07 0 0
0.375671 -1.87928e-09 1.21511e-07 0 0
0.375671 -6.60808e-10 1.21847e-07 0 0
0.375671 5.60924e-10 1.22173e-07 0 0
0.375671 1.78592e-09 1.225e-07 0 0
0.375671 3.01422e-09 1.22829e-07 0 0
0.375671 4.24561e-09 1.23139e-07 0 0
0.375671 5.48027e-09 1.23466e-07 0 0
0.375671 6.71785e-09 1.23757e-07 0 0
0.375671 7.95861e-09 1.24076e-07 0 0
0.375671 9.20248e-09 1.24387e-07 0 0
0.375671 1.04493e-08 1.24679e-07 0 0
0.375671 1.16991e-08 1.24982e-07 0 0
0.375671 1.33535e-08 1.65445e-07 0 0
0.375671 1.50202e-08 1.6667e-07 0 0
0.375671 1.66932e-08 1.67293e-07 0 0
0.375671 1.8372e-08 1.67881e-07 0 0
0.375671 2.00565e-08 1.68449e-07 0 0
0.375671 2.98445e-08 9.78808e-07 0 0
0.375671 3.12653e-08 1.42077e-07 0 0
0.375671 3.25653e-08 1.30003e-07 0 0
0.375671 3.39279e-08 1.36252e-07 0 0
0.375671 2.89733e-08 -4.9546e-07 0 0
0.375671 3.66514e-08 7.67816e-07 0 0
0.375671 3.80399e-08 1.38842e-07 0 0
0.375671 3.94519e-08 1.41206e-07 0 0
0.375671 4.07728e-08 1.32093e-07 0 0
0.375671 4.2196e-08 1.42318e-07 0 0
0.375671 4.35717e-08 1.3757e-07 0 0
0.375671 4.49486e-08 1.37686e-07 0 0
0.375671 4.63272e-08 1.37861e-07 0 0
0.375671 4.77075e-08 1.38031e-07 0 0
0.375671 7.14754e-08 2.37679e-06 0 0
0.375671 7.32432e-08 1.76781e-07 0 0
0.375671 7.52407e-08 1.99743e-07 0 0
0.375671 7.69965e-08 1.75586e-07 0 0
0.375671 7.88816e-08 1.88508e-07 0 0
0.375671 8.06568e-08 1.7752e-07 0 0
0.375671 8.26203e-08 1.96346e-07 0 0
0.375671 8.44002e-08 1.77998e-07 0 0
0.375671 8.62722e-08 1.87191e-07 0 0
0.375671 8.8168e-08 1.89589e-07 0 0
0.375671 9.0041e-08 1.87293e-07 0 0
0.375671 9.18317e-08 1.79069e-07 0 0
0.375671 9.37883e-08 1.95666e-07 0 0
0.375671 9.5583e-08 1.79463e-07 0 0
0.375671 9.7563e-08 1.98007e-07 0 0
0.375671 9.93624e-08 1.79936e-07 0 0
0.375671 1.01341e-07 1.97896e-07 0 0
0.375671 1.03145e-07 1.80369e-07 0 0
0.375671 1.05052e-07 1.90668e-07 0 0
0.375671 1.06931e-07 1.87961e-07 0 0
0.375671 1.0884e-07 1.90858e-07 0 0
0.375671 1.10788e-07 1.94845e-07 0 0
0.375671 1.12657e-07 1.86845e-07 0 0
0.375671 1.14565e-07 1.90854e-07 0 0
0.375671 1.16446e-07 1.88095e-07 0 0
0.375671 1.18356e-07 1.91017e-07 0 0
0.375671 1.20239e-07 1.88263e-07 0 0
0.375671 1.36133e-07 1.58934e-06 0 0
0.375671 1.38054e-07 1.92145e-07 0 0
0.375671 1.39873e-07 1.81886e-07 0 0
0.375671 1.41898e-07 2.02517e-07 0 0
0.375671 1.43843e-07 1.9453e-07 0 0
0.375671 1.45704e-07 1.8612e-07 0 0
0.375671 1.47536e-07 1.83169e-07 0 0
0.375671 1.49427e-07 1.8911e-07 0 0
0.375671 1.51341e-07 1.91385e-07 0 0
0.375671 1.53281e-07 1.93953e-07 0 0
0.375671 1.55235e-07 1.95466e-07 0 0
0.375671 1.57171e-07 1.93577e-07 0 0
0.375671 1.46658e-07 -1.05129e-06 0 0
0.375671 1.77365e-07 3.07071e-06 0 0
0.375671 1.79849e-07 2.48329e-07 0 0
0.375671 1.82254e-07 2.40558e-07 0 0
0.375671 1.84701e-07 2.44645e-07 0 0
0.375671 1.87056e-07 2.35558e-07 0 0
0.375671 1.89567e-07 2.51049e-07 0 0
0.375671 1.92164e-07 2.59682e-07 0 0
0.375671 1.94576e-07 2.41205e-07 0 0
0.375671 1.97135e-07 2.55895e-07 0 0
0.375671 1.99714e-07 2.5793e-07 0 0
0.375671 2.02165e-07 2.45126e-07 0 0
0.375671 1.638e-07 -3.83654e-06 0 0
0.375671 1.6786e-07 4.06055e-07 0 0
0.375671 1.721e-07 4.23964e-07 0 0
0.375671 1.76094e-07 3.994e-07 0 0
0.375671 1.8002e-07 3.92641e-07 0 0
0.375671 1.84347e-07 4.3263e-07 0 0
0.375671 2.09549e-07 2.5202e-06 0 0
0.375671 2.139e-07 4.35095e-07 0 0
0.375671 2.18403e-07 4.50338e-07 0 0
0.375671 2.22868e-07 4.46487e-07 0 0
0.375671 2.2712e-07 4.25243e-07 0 0
0.375671 2.31421e-07 4.30082e-07 0 0
0.375671 2.141e-07 -1.73214e-06 0 0
0.375671 1.89845e-07 -2.42549e-06 0 0
0.375671 1.94089e-07 4.24455e-07 0 0
0.375671 1.97773e-07 3.68403e-07 0 0
0.375671 2.01875e-07 4.10136e-07 0 0
0.375671 2.05928e-07 4.0536e-07 0 0
0.375671 2.0988e-07 3.95186e-07 0 0
0.375671 2.13974e-07 4.09344e-07 0 0
0.375671 2.18109e-07 4.13592e-07 0 0
0.375671 2.21667e-07 3.55773e-07 0 0
0.375671 2.25699e-07 4.03209e-07 0 0
0.375671 2.29726e-07 4.02682e-07 0 0
0.375671 2.33757e-07 4.03133e-07 0 0
0.375671 2.37564e-07 3.80662e-07 0 0
0.375671 2.41525e-07 3.96068e-07 0 0
0.375671 2.45295e-07 3.77012e-07 0 0
0.375671 2.49058e-07 3.76267e-07 0 0
0.375671 2.52959e-07 3.90128e-07 0 0
0.375671 2.5675e-07 3.79073e-07 0 0
0.375671 2.60587e-07 3.837e-07 0 0
0.375671 2.64374e-07 3.78721e-07 0 0
0.375671 2.68137e-07 3.76364e-07 0 0
0.375671 2.72046e-07 3.90874e-07 0 0
0.375671 2.75666e-07 3.62013e-07 0 0
0.375671 2.79408e-07 3.7414e-07 0 0
0.375671 2.83171e-07 3.76362e-07 0 0
0.375671 2.5875e-07 -2.44209e-06 0 0
0.375671 3.11781e-07 5.30306e-06 0 0
0.375671 3.17059e-07 5.27839e-07 0 0
0.375671 3.2258e-07 5.52072e-07 0 0
0.375671 3.27867e-07 5.28638e-07 0 0
0.375671 3.32843e-07 4.97601e-07 0 0
0.375671 3.38109e-07 5.26662e-07 0 0
0.375671 3.43342e-07 5.23331e-07 0 0
0.375671 3.48601e-07 5.25836e-07 0 0
0.375671 3.53784e-07 5.18293e-07 0 0
0.375671 3.58934e-07 5.15032e-07 0 0
0.375671 3.64409e-07 5.47508e-07 0 0
0.375671 3.69691e-07 5.28227e-07 0 0
0.375671 3.74961e-07 5.26917e-07 0 0
0.375671 3.79938e-07 4.97781e-07 0 0
0.375671 3.85222e-07 5.28368e-07 0 0
0.375671 3.90506e-07 5.28428e-07 0 0
0.375671 3.95545e-07 5.03851e-07 0 0
0.375671 4.01096e-07 5.55152e-07 0 0
0.375671 4.06426e-07 5.32989e-07 0 0
0.375671 4.11519e-07 5.09221e-07 0 0
0.375671 4.16735e-07 5.21629e-07 0 0
0.375671 4.22174e-07 5.43867e-07 0 0
0.375671 4.2739e-07 5.2164e-07 0 0
0.375671 4.32348e-07 4.95793e-07 0 0
0.375671 4.37675e-07 5.32707e-07 0 0
0.375671 4.42857e-07 5.18217e-07 0 0
0.375671 4.48241e-07 5.38393e-07 0 0
0.375671 4.53329e-07 5.08798e-07 0 0
0.375671 4.58455e-07 5.12551e-07 0 0
0.375671 4.6397e-07 5.51518e-07 0 0
0.375671 4.68974e-07 5.00454e-07 0 0
0.375671 4.74453e-07 5.47872e-07 0 0
0.375671 4.79286e-07 4.83317e-07 0 0
0.375671 4.84725e-07 5.43915e-07 0 0
0.375671 4.89915e-07 5.18949e-07 0 0
0.375671 4.95142e-07 5.22688e-07 0 0
0.375671 5.00383e-07 5.24084e-07 0 0
0.375671 5.0534e-07 4.95734e-07 0 0
0.375671 5.10725e-07 5.38531e-07 0 0
0.375671 5.15865e-07 5.14004e-07 0 0
0.375671 4.67257e-07 -4.86081e-06 0 0
0.375671 5.2629e-07 5.90332e-06 0 0
0.375671 5.31547e-07 5.25683e-07 0 0
0.375671 5.37179e-07 5.63207e-07 0 0
0.375671 5.42655e-07 5.47579e-07 0 0
0.375671 5.48207e-07 5.55204e-07 0 0
0.375671 5.536e-07 5.39271e-07 0 0
0.375671 5.59075e-07 5.4753e-07 0 0
0.375671 5.64678e-07 5.60328e-07 0 0
0.375671 5.70241e-07 5.56244e-07 0 0
0.375671 5.7538e-07 5.13942e-07 0 0
0.375671 5.80916e-07 5.53598e-07 0 0
0.375671 5.86498e-07 5.58188e-07 0 0
0.375671 5.92019e-07 5.52085e-07 0 0
0.375671 5.97424e-07 5.40533e-07 0 0
0.375671 6.02848e-07 5.42382e-07 0 0
0.375671 6.0835e-07 5.50177e-07 0 0
0.375671 6.13896e-07 5.5465e-07 0 0
0.375671 6.1917e-07 5.27354e-07 0 0
0.375671 6.24775e-07 5.60558e-07 0 0
0.375671 6.30344e-07 5.56835e-07 0 0
0.375671 6.35744e-07 5.39996e-07 0 0
0.375671 6.41249e-07 5.5055e-07 0 0
0.375671 6.46726e-07 5.47705e-07 0 0
0.375671 6.5199e-07 5.26329e-07 0 0
0.375671 6.5748e-07 5.49042e-07 0 0
0.375671 6.63016e-07 5.53573e-07 0 0
0.375671 6.68639e-07 5.62356e-07 0 0
0.375671 6.73913e-07 5.27346e-07 0 0
0.375671 6.79512e-07 5.5996e-07 0 0
0.375671 6.85083e-07 5.57028e-07 0 0
0.375671 6.90626e-07 5.54345e-07 0 0
0.375671 6.95942e-07 5.31604e-07 0 0
0.375671 7.01509e-07 5.56655e-07 0 0
0.375671 7.0689e-07 5.38114e-07 0 0
0.375671 7.12251e-07 5.36136e-07 0 0
0.375671 7.17743e-07 5.49148e-07 0 0
0.375671 7.23358e-07 5.61519e-07 0 0
0.375671 7.28601e-07 5.24276e-07 0 0
0.375671 7.34167e-07 5.56619e-07 0 0
0.375671 7.39564e-07 5.39719e-07 0 0
0.375671 7.44898e-07 5.33359e-07 0 0
0.375671 7.50377e-07 5.47954e-07 0 0
0.375671 7.55656e-07 5.27885e-07 0 0
0.375671 7.61041e-07 5.38483e-07 0 0
0.375671 7.66375e-07 5.33378e-07 0 0
0.375671 7.71933e-07 5.55811e-07 0 0
0.375671 7.77151e-07 5.21781e-07 0 0
0.375671 7.82371e-07 5.22023e-07 0 0
0.375671 7.87851e-07 5.4806e-07 0 0
0.375671 7.93113e-07 5.26181e-07 0 0
0.375671 7.98158e-07 5.04468e-07 0 0
0.375671 8.03392e-07 5.2342e-07 0 0
0.375671 8.08822e-07 5.42964e-07 0 0
0.375671 8.13936e-07 5.11465e-07 0 0
0.375671 8.19185e-07 5.24906e-07 0 0
0.375671 8.2443e-07 5.24483e-07 0 0
0.375671 8.29396e-07 4.96555e-07 0 0
0.375671 8.34563e-07 5.16719e-07 0 0
0.375671 8.39526e-07 4.96301e-07 0 0
0.375671 8.44784e-07 5.25812e-07 0 0
0.375671 8.49662e-07 4.87804e-07 0 0
0.375671 8.54726e-07 5.06426e-07 0 0
0.375671 8.59578e-07 4.85123e-07 0 0
0.375671 8.64554e-07 4.97595e-07 0 0
0.375671 8.69503e-07 4.94976e-07 0 0
0.375671 8.74315e-07 4.81107e-07 0 0
0.375671 8.79083e-07 4.76814e-07 0 0
0.375671 8.83754e-07 4.67158e-07 0 0
0.375671 8.88512e-07 4.75762e-07 0 0
0.375671 8.93259e-07 4.74741e-07 0 0
0.375671 8.97764e-07 4.50429e-07 0 0
0.375671 9.02268e-07 4.5046e-07 0 0
0.375671 9.06688e-07 4.42016e-07 0 0
0.375671 9.11178e-07 4.48948e-07 0 0
0.375671 9.15573e-07 4.39474e-07 0 0
0.375671 9.2e-07 4.42745e-07 0 0
0.375671 9.50712e-07 3.07116e-06 0 0
0.375671 9.54977e-07 4.26568e-07 0 0
0.375671 9.59157e-07 4.1801e-07 0 0
0.375672 9.63117e-07 3.95941e-07 0 0
0.375672 9.67055e-07 3.93831e-07 0 0
0.375672 9.70928e-07 3.87331e-07 0 0
0.375672 9.74666e-07 3.73709e-07 0 0
0.375672 9.78363e-07 3.69704e-07 0 0
0.375672 9.82023e-07 3.6605e-07 0 0
0.375672 9.85412e-07 3.38858e-07 0 0
0.375672 9.88804e-07 3.39223e-07 0 0
0.375672 9.92143e-07 3.3388e-07 0 0
0.375672 9.95348e-07 3.20501e-07 0 0
0.375672 9.98417e-07 3.06951e-07 0 0
0.375672 1.00146e-06 3.03788e-07 0 0
0.375672 1.00432e-06 2.86511e-07 0 0
0.375672 1.00714e-06 2.81602e-07 0 0
0.375672 1.00965e-06 2.5133e-07 0 0
0.375672 1.0123e-06 2.65388e-07 0 0
0.375672 1.01464e-06 2.33346e-07 0 0
0.375672 1.01692e-06 2.28273e-07 0 0
0.375672 1.01902e-06 2.09886e-07 0 0
0.375672 1.02103e-06 2.01097e-07 0 0
0.375672 1.02299e-06 1.96182e-07 0 0
0.375672 1.02465e-06 1.65971e-07 0 0
0.375672 1.02631e-06 1.6627e-07 0 0
0.375672 1.1454e-06 1.19088e-05 0 0
0.375672 1.15402e-06 8.61613e-07 0 0
0.375672 1.15856e-06 4.5461e-07 0 0
0.375672 1.16302e-06 4.45332e-07 0 0
0.375672 1.16717e-06 4.15184e-07 0 0
0.375672 1.17109e-06 3.92305e-07 0 0
0.375672 1.17478e-06 3.6889e-07 0 0
0.375672 1.17839e-06 3.61083e-07 0 0
0.375672 1.18165e-06 3.25619e-07 0 0
0.375672 1.18468e-06 3.03014e-07 0 0
0.375672 1.18746e-06 2.78216e-07 0 0
0.375672 1.18999e-06 2.53043e-07 0 0
0.375672 1.19233e-06 2.33804e-07 0 0
0.375672 1.19431e-06 1.98322e-07 0 0
0.375672 1.19612e-06 1.8107e-07 0 0
0.375672 1.19769e-06 1.56362e-07 0 0
0.375672 1.19889e-06 1.20414e-07 0 0
0.375672 1.19987e-06 9.77915e-08 0 0
0.375672 1.20055e-06 6.79477e-08 0 0
0.375672 1.20104e-06 4.90443e-08 0 0
0.375672 1.20114e-06 9.82882e-09 0 0
0.375672 1.2009e-06 -2.40247e-08 0 0
0.375672 1.20048e-06 -4.21714e-08 0 0
0.375672 1.19968e-06 -7.9214e-08 0 0
0.375672 1.19858e-06 -1.10186e-07 0 0
0.375672 1.19717e-06 -1.40879e-07 0 0
0.375672 1.19539e-06 -1.78084e-07 0 0
0.375672 1.19337e-06 -2.02048e-07 0 0
0.375672 1.19115e-06 -2.21939e-07 0 0
0.375672 1.18852e-06 -2.63202e-07 0 0
0.375672 1.18538e-06 -3.14386e-07 0 0
0.375672 1.1822e-06 -3.18009e-07 0 0
0.375672 1.17831e-06 -3.88997e-07 0 0
0.375672 1.17427e-06 -4.03093e-07 0 0
0.375672 1.16961e-06 -4.66937e-07 0 0
0.375672 1.16498e-06 -4.62571e-07 0 0
0.375672 1.15972e-06 -5.25494e-07 0 0
0.375672 1.15417e-06 -5.55912e-07 0 0
0.375672 1.14847e-06 -5.69953e-07 0 0
0.375672 1.14213e-06 -6.33632e-07 0 0
0.375672 1.13562e-06 -6.50632e-07 0 0
0.375672 1.12859e-06 -7.03165e-07 0 0
0.375672 1.12064e-06 -7.94892e-07 0 0
0.375672 1.11294e-06 -7.70206e-07 0 0
0.375672 1.10472e-06 -8.2238e-07 0 0
0.375672 1.09634e-06 -8.37777e-07 0 0
0.375672 1.08701e-06 -9.33289e-07 0 0
0.375672 1.07807e-06 -8.93234e-07 0 0
0.375672 1.0683e-06 -9.77204e-07 0 0
0.375672 1.05719e-06 -1.11161e-06 0 0
0.375672 1.04651e-06 -1.06772e-06 0 0
0.375672 1.03624e-06 -1.0269e-06 0 0
0.375672 1.02447e-06 -1.17714e-06 0 0
0.375672 1.01275e-06 -1.17191e-06 0 0
0.375672 1.0001e-06 -1.26502e-06 0 0
0.375672 9.87341e-07 -1.27576e-06 0 0
0.375672 9.74791e-07 -1.25498e-06 0 0
0.375672 9.61389e-07 -1.34022e-06 0 0
0.375672 9.47308e-07 -1.40805e-06 0 0
0.375672 9.32607e-07 -1.47018e-06 0 0
0.375672 9.18015e-07 -1.45915e-06 0 0
0.375672 9.01813e-07 -1.62022e-06 0 0
0.375672 8.86859e-07 -1.49536e-06 0 0
0.375672 8.70005e-07 -1.6854e-06 0 0
0.375672 8.54962e-07 -1.50431e-06 0 0
0.375672 8.38305e-07 -1.66576e-06 0 0
0.375672 8.20988e-07 -1.73167e-06 0 0
0.375672 8.02577e-07 -1.84109e-06 0 0
0.375672 7.84309e-07 -1.82683e-06 0 0
0.375672 7.67293e-07 -1.70161e-06 0 0
0.375672 7.4778e-07 -1.95122e-06 0 0
0.375673 7.29829e-07 -1.79515e-06 0 0
0.375673 7.08173e-07 -2.16561e-06 0 0
0.375673 6.88638e-07 -1.95346e-06 0 0
0.375673 6.6851e-07 -2.01283e-06 0 0
0.375673 6.47177e-07 -2.13324e-06 0 0
0.375673 6.2753e-07 -1.96472e-06 0 0
0.375673 6.04614e-07 -2.29162e-06 0 0
0.375673 5.82483e-07 -2.2131e-06 0 0
0.375673 5.60903e-07 -2.15797e-06 0 0
0.375673 5.38977e-07 -2.19261e-06 0 0
0.375673 5.15625e-07 -2.33522e-06 0 0
0.375673 4.95043e-07 -2.05822e-06 0 0
0.375673 4.73311e-07 -2.17318e-06 0 0
0.375673 4.50991e-07 -2.23198e-06 0 0
0.375673 4.29481e-07 -2.15096e-06 0 0
0.375673 4.07649e-07 -2.18323e-06 0 0
0.375673 3.85884e-07 -2.17656e-06 0 0
0.375673 3.64023e-07 -2.18602e-06 0 0
0.375673 3.41574e-07 -2.24496e-06 0 0
0.375673 3.17539e-07 -2.40344e-06 0 0
0.375673 2.94043e-07 -2.34967e-06 0 0
0.375673 2.70168e-07 -2.38747e-06 0 0
0.375673 2.46478e-07 -2.36904e-06 0 0
0.375673 2.20543e-07 -2.59346e-06 0 0
0.375673 1.9745e-07 -2.30927e-06 0 0
0.375673 1.72623e-07 -2.48272e-06 0 0
0.375673 1.49964e-07 -2.26588e-06 0 0
0.375673 1.23075e-07 -2.68889e-06 0 0
0.375673 9.77729e-08 -2.53025e-06 0 0
0.375673 7.44181e-08 -2.33548e-06 0 0
0.375673 4.91584e-08 -2.52598e-06 0 0
0.375673 2.3578e-08 -2.55803e-06 0 0
0.375673 -1.03163e-09 -2.46097e-06 0 0
0.375673 -2.72959e-08 -2.62642e-06 0 0
0.375673 -5.52507e-08 -2.79548e-06 0 0
0.375673 -8.26995e-08 -2.74489e-06 0 0
0.375673 -1.06238e-07 -2.3539e-06 0 0
0.375673 -1.32178e-07 -2.59398e-06 0 0
0.375673 -1.56928e-07 -2.47494e-06 0 0
0.375673 -1.80705e-07 -2.37776e-06 0 0
0.375673 -2.06755e-07 -2.60503e-06 0 0
0.375673 -2.30837e-07 -2.40819e-06 0 0
0.375673 -2.59852e-07 -2.90149e-06 0 0
0.375673 -2.82306e-07 -2.24533e-06 0 0
0.375673 -3.09525e-07 -2.72199e-06 0 0
0.375673 -3.34673e-07 -2.51473e-06 0 0
0.375673 -3.57321e-07 -2.26479e-06 0 0
0.375673 -3.85663e-07 -2.83424e-06 0 0
0.375673 -4.09779e-07 -2.4116e-06 0 0
0.375673 -4.36207e-07 -2.64277e-06 0 0
0.375673 -4.58989e-07 -2.27827e-06 0 0
0.375673 -4.84303e-07 -2.53139e-06 0 0
0.375673 -5.04986e-07 -2.06832e-06 0 0
0.375673 -5.33132e-07 -2.81452e-06 0 0
0.375673 -5.55444e-07 -2.23129e-06 0 0
0.375673 -5.77715e-07 -2.22704e-06 0 0
0.375673 -5.99713e-07 -2.19985e-06 0 0
0.375673 -6.263e-07 -2.65866e-06 0 0
0.375673 -6.49255e-07 -2.29551e-06 0 0
0.375673 -6.65938e-07 -1.66832e-06 0 0
0.375673 -6.88681e-07 -2.27425e-06 0 0
0.375673 -7.12865e-07 -2.41844e-06 0 0
0.375673 -7.336e-07 -2.07346e-06 0 0
0.375672 -7.5193e-07 -1.83308e-06 0 0
0.375672 -7.75884e-07 -2.39538e-06 0 0
0.375672 -7.93155e-07 -1.72711e-06 0 0
0.375672 -8.16796e-07 -2.36412e-06 0 0
0.375672 -8.31394e-07 -1.45973e-06 0 0
0.375672 -8.49723e-07 -1.83289e-06 0 0
0.375672 -8.66135e-07 -1.64126e-06 0 0
0.375672 -8.87238e-07 -2.11027e-06 0 0
0.375672 -9.04032e-07 -1.67941e-06 0 0
0.375672 -9.19409e-07 -1.53772e-06 0 0
0.375672 -9.36053e-07 -1.66439e-06 0 0
0.375672 -9.50891e-07 -1.48377e-06 0 0
0.375672 -9.6306e-07 -1.2169e-06 0 0
0.375672 -9.83899e-07 -2.08396e-06 0 0
0.375672 -9.95258e-07 -1.1359e-06 0 0
0.375672 -1.00901e-06 -1.37523e-06 0 0
0.375672 -1.02167e-06 -1.26583e-06 0 0
0.375672 -1.03278e-06 -1.11108e-06 0 0
0.375672 -1.04776e-06 -1.49777e-06 0 0
0.375672 -1.05513e-06 -7.37496e-07 0 0
0.375672 -1.06981e-06 -1.46795e-06 0 0
0.375672 -1.0757e-06 -5.88888e-07 0 0
0.375672 -1.08756e-06 -1.18626e-06 0 0
0.375672 -1.09651e-06 -8.9444e-07 0 0
0.375672 -1.10669e-06 -1.01847e-06 0 0
0.375672 -1.10986e-06 -3.17238e-07 0 0
0.375672 -1.11817e-06 -8.30839e-07 0 0
0.375672 -1.1259e-06 -7.73052e-07 0 0
0.375672 -1.13283e-06 -6.92729e-07 0 0
0.375672 -1.14033e-06 -7.49697e-07 0 0
0.375672 -1.14762e-06 -7.28971e-07 0 0
0.375672 -1.14942e-06 -1.79849e-07 0 0
0.375672 -1.15162e-06 -2.2068e-07 0 0
0.375672 -1.15498e-06 -3.3569e-07 0 0
0.375672 -1.16056e-06 -5.58067e-07 0 0
0.375672 -1.16363e-06 -3.06617e-07 0 0
0.375672 -1.16298e-06 6.48944e-08 0 0
0.375672 -1.16926e-06 -6.2819e-07 0 0
0.375672 -1.16504e-06 4.21729e-07 0 0
0.375672 -1.16676e-06 -1.72096e-07 0 0
0.375672 -1.16712e-06 -3.61987e-08 0 0
0.375672 -1.16775e-06 -6.25097e-08 0 0
0.375672 -1.16424e-06 3.51245e-07 0 0
0.375672 -1.16282e-06 1.42041e-07 0 0
0.375672 -1.16431e-06 -1.496e-07 0 0
0.375672 -1.16524e-06 -9.30704e-08 0 0
0.375672 -1.15966e-06 5.57941e-07 0 0
0.375672 -1.15543e-06 4.23408e-07 0 0
0.375672 -1.15036e-06 5.06577e-07 0 0
0.375672 -1.14901e-06 1.35451e-07 0 0
0.375672 -1.14286e-06 6.1497e-07 0 0
0.375672 -1.14228e-06 5.83352e-08 0 0
0.375672 -1.14013e-06 2.15055e-07 0 0
0.375672 -1.13423e-06 5.90029e-07 0 0
0.375672 -1.12484e-06 9.38479e-07 0 0
0.375672 -1.11937e-06 5.4764e-07 0 0
0.375672 -1.11705e-06 2.31452e-07 0 0
0.375672 -1.10637e-06 1.06815e-06 0 0
0.375672 -1.1019e-06 4.46533e-07 0 0
0.375672 -1.09542e-06 6.48592e-07 0 0
0.375672 -1.08791e-06 7.51123e-07 0 0
0.375672 -1.07912e-06 8.78238e-07 0 0
0.375672 -1.07002e-06 9.10598e-07 0 0
0.375672 -1.06192e-06 8.10217e-07 0 0
0.375672 -1.05768e-06 4.23779e-07 0 0
0.375672 -1.04927e-06 8.41053e-07 0 0
0.375672 -1.04388e-06 5.38481e-07 0 0
0.375672 -1.02995e-06 1.39345e-06 0 0
0.375672 -1.02347e-06 6.47707e-07 0 0
0.375672 -1.01362e-06 9.84925e-07 0 0
0.375672 -1.00338e-06 1.02374e-06 0 0
0.375672 -9.93917e-07 9.46804e-07 0 0
0.375672 -9.85609e-07 8.30835e-07 0 0
0.375672 -9.79344e-07 6.26474e-07 0 0
0.375672 -9.70226e-07 9.11825e-07 0 0
0.375672 -9.59932e-07 1.02933e-06 0 0
0.375672 -9.51691e-07 8.24163e-07 0 0
0.375672 -9.42165e-07 9.52573e-07 0 0
0.375672 -9.30956e-07 1.12093e-06 0 0
0.375672 -9.22993e-07 7.96245e-07 0 0
0.375672 -9.09666e-07 1.33278e-06 0 0
0.375672 -9.00956e-07 8.70992e-07 0 0
0.375672 -8.91641e-07 9.31502e-07 0 0
0.375672 -8.81278e-07 1.0363e-06 0 0
0.375672 -8.7267e-07 8.60795e-07 0 0
0.375672 -8.6403e-07 8.64013e-07 0 0
0.375672 -8.53143e-07 1.08869e-06 0 0
0.375672 -8.43706e-07 9.43711e-07 0 0
0.375672 -8.35232e-07 8.47326e-07 0 0
0.375672 -8.2531e-07 9.92198e-07 0 0
0.375672 -8.16019e-07 9.29182e-07 0 0
0.375672 -8.05615e-07 1.04033e-06 0 0
0.375672 -7.9481e-07 1.08055e-06 0 0
0.375672 -7.87567e-07 7.24312e-07 0 0
0.375672 -7.78915e-07 8.65195e-07 0 0
0.375672 -7.68887e-07 1.00281e-06 0 0
0.375672 -7.60792e-07 8.09449e-07 0 0
0.375672 -7.52306e-07 8.4862e-07 0 0
0.375672 -7.42344e-07 9.96142e-07 0 0
0.375672 -7.32955e-07 9.38929e-07 0 0
0.375671 -7.21105e-07 1.18499e-06 0 0
0.375671 -7.14772e-07 6.3337e-07 0 0
0.375671 -7.05938e-07 8.83326e-07 0 0
0.375671 -6.98985e-07 6.95323e-07 0 0
0.375671 -6.88878e-07 1.01075e-06 0 0
0.375671 -6.80371e-07 8.50687e-07 0 0
0.375671 -6.72415e-07 7.95587e-07 0 0
0.375671 -6.64285e-07 8.13036e-07 0 0
0.375671 -6.56919e-07 7.36526e-07 0 0
0.375671 -6.47495e-07 9.42464e-07 0 0
0.375671 -6.40108e-07 7.38681e-07 0 0
0.375671 -6.33363e-07 6.74494e-07 0 0
0.375671 -6.23798e-07 9.56541e-07 0 0
0.375671 -6.17228e-07 6.56918e-07 0 0
0.375671 -6.06265e-07 1.09636e-06 0 0
0.375671 -6.01395e-07 4.86966e-07 0 0
0.375671 -5.95038e-07 6.35731e-07 0 0
0.375671 -5.86464e-07 8.5735e-07 0 0
0.375671 -5.79924e-07 6.53985e-07 0 0
0.375671 -5.7108e-07 8.84463e-07 0 0
0.375671 -5.64887e-07 6.19279e-07 0 0
0.375671 -5.55734e-07 9.15324e-07 0 0
0.375671 -5.51867e-07 3.86655e-07 0 0
0.375671 -5.43388e-07 8.47898e-07 0 0
0.375671 -5.38658e-07 4.73023e-07 0 0
0.375671 -5.30703e-07 7.95532e-07 0 0
0.375671 -5.23603e-07 7.09979e-07 0 0
0.375671 -5.1967e-07 3.93307e-07 0 0
0.375671 -5.12059e-07 7.61076e-07 0 0
0.375671 -5.06182e-07 5.87734e-07 0 0
0.375671 -5.00079e-07 6.10235e-07 0 0
0.375671 -4.93732e-07 6.347e-07 0 0
0.375671 -4.87846e-07 5.88615e-07 0 0
0.375671 -4.82386e-07 5.45995e-07 0 0
0.375671 -4.76445e-07 5.94111e-07 0 0
0.375671 -4.72014e-07 4.43094e-07 0 0
0.375671 -4.63774e-07 8.24026e-07 0 0
0.375671 -4.59169e-07 4.6054e-07 0 0
0.375671 -4.53773e-07 5.3952e-07 0 0
0.375671 -4.48266e-07 5.50779e-07 0 0
0.375671 -4.4216e-07 6.10534e-07 0 0
0.375671 -4.3794e-07 4.22035e-07 0 0
0.375671 -4.35271e-07 2.6694e-07 0 0
0.375671 -4.28569e-07 6.70155e-07 0 0
0.375671 -5.12766e-07 -8.41969e-06 0 0
0.375671 -9.64449e-08 4.16321e-05 0 0
0.375671 -3.3167e-07 -2.35225e-05 0 0
0.375671 -3.3393e-07 -2.25969e-07 0 0
0.375671 -3.33762e-07 1.67427e-08 0 0
0.375671 -3.3419e-07 -4.27475e-08 0 0
0.375671 -3.34557e-07 -3.67376e-08 0 0
0.375671 -3.35147e-07 -5.89836e-08 0 0
0.375671 -3.35992e-07 -8.44921e-08 0 0
0.375671 -3.36456e-07 -4.63943e-08 0 0
0.375671 -3.36842e-07 -3.86489e-08 0 0
0.375671 -3.37257e-07 -4.14303e-08 0 0
0.375671 -3.38045e-07 -7.88537e-08 0 0
0.375671 -3.38256e-07 -2.11349e-08 0 0
0.375671 -3.38737e-07 -4.80752e-08 0 0
0.375671 -3.38755e-07 -1.7645e-09 0 0
0.375671 -3.39425e-07 -6.70414e-08 0 0
0.375671 -3.39413e-07 1.21592e-09 0 0
0.375671 -3.40231e-07 -8.1747e-08 0 0
0.375671 -3.40441e-07 -2.10039e-08 0 0
0.375671 -3.4029e-07 1.50638e-08 0 0
0.375671 -3.40564e-07 -2.74438e-08 0 0
0.375671 -3.40761e-07 -1.96527e-08 0 0
0.375671 -3.40699e-07 6.24285e-09 0 0
0.375671 -3.41298e-07 -5.99996e-08 0 0
0.375671 -3.41543e-07 -2.44925e-08 0 0
0.375671 -3.41451e-07 9.28856e-09 0 0
0.375671 -3.41589e-07 -1.38382e-08 0 0
0.375671 -3.41498e-07 9.12273e-09 0 0
0.375671 -3.41993e-07 -4.95126e-08 0 0
0.375671 -3.41437e-07 5.56113e-08 0 0
0.375671 -3.41611e-07 -1.74552e-08 0 0
0.375671 -3.41398e-07 2.13619e-08 0 0
0.375671 -3.41427e-07 -2.96537e-09 0 0
0.375671 -3.41024e-07 4.03511e-08 0 0
0.375671 -3.41297e-07 -2.732e-08 0 0
0.375671 -3.40829e-07 4.67989e-08 0 0
0.375671 -3.40608e-07 2.21064e-08 0 0
0.375671 -3.40254e-07 3.53836e-08 0 0
0.375671 -3.40119e-07 1.3555e-08 0 0
0.375671 -3.40286e-07 -1.66983e-08 0 0
0.375671 -3.39673e-07 6.12653e-08 0 0
0.375671 -3.39018e-07 6.54466e-08 0 0
0.375671 -3.38812e-07 2.05917e-08 0 0
0.375671 -3.38585e-07 2.27462e-08 0 0
0.375671 -3.37798e-07 7.86558e-08 0 0
0.375671 -3.3697e-07 8.28887e-08 0 0
0.375671 -3.37283e-07 -3.13235e-08 0 0
0.375671 -3.36392e-07 8.90924e-08 0 0
0.375671 -3.35529e-07 8.62612e-08 0 0
0.375671 -3.35289e-07 2.40111e-08 0 0
0.375671 -3.34823e-07 4.6622e-08 0 0
0.375671 -3.34187e-07 6.36184e-08 0 0
0.375671 -3.33237e-07 9.50208e-08 0 0
0.375671 -3.32518e-07 7.18063e-08 0 0
0.375671 -3.32045e-07 4.73827e-08 0 0
0.375671 -3.31264e-07 7.8019e-08 0 0
0.375671 -3.30347e-07 9.17301e-08 0 0
0.375671 -3.28961e-07 1.38635e-07 0 0
0.375671 -3.28268e-07 6.92811e-08 0 0
0.375671 -3.27343e-07 9.25301e-08 0 0
0.375671 -3.26893e-07 4.49436e-08 0 0
0.375671 -3.25975e-07 9.18356e-08 0 0
0.375671 -3.24943e-07 1.03143e-07 0 0
0.375671 -3.23213e-07 1.73025e-07 0 0
0.375671 -3.23106e-07 1.07396e-08 0 0
0.375671 -3.21776e-07 1.32947e-07 0 0
0.375671 -3.20954e-07 8.22755e-08 0 0
0.375671 -3.19748e-07 1.2054e-07 0 0
0.375671 -3.18835e-07 9.12987e-08 0 0
0.375671 -3.17708e-07 1.1273e-07 0 0
0.375671 -3.16905e-07 8.03393e-08 0 0
0.375671 -3.15295e-07 1.61001e-07 0 0
0.375671 -3.14822e-07 4.72526e-08 0 0
0.375671 -3.13443e-07 1.37877e-07 0 0
0.375671 -3.12216e-07 1.22681e-07 0 0
0.375671 -3.11055e-07 1.16094e-07 0 0
0.375671 -3.09714e-07 1.34175e-07 0 0
0.375671 -3.08749e-07 9.64475e-08 0 0
0.375671 -3.076e-07 1.14939e-07 0 0
0.375671 -3.0656e-07 1.03997e-07 0 0
0.375671 -3.04572e-07 1.98782e-07 0 0
0.375671 -3.03896e-07 6.75582e-08 0 0
0.375671 -3.02095e-07 1.80156e-07 0 0
0.375671 -5.09878e-07 -2.07783e-05 0 0
0.375671 -3.71895e-07 1.37983e-05 0 0
0.375671 -3.69722e-07 2.17278e-07 0 0
0.375671 -3.67803e-07 1.91888e-07 0 0
0.375671 -3.66149e-07 1.65403e-07 0 0
0.375671 -3.64195e-07 1.95373e-07 0 0
0.375671 -3.62183e-07 2.01213e-07 0 0
0.375671 -3.60234e-07 1.94953e-07 0 0
0.375671 -3.58516e-07 1.71769e-07 0 0
0.375671 -3.5666e-07 1.85605e-07 0 0
0.375671 -3.54826e-07 1.83426e-07 0 0
0.375671 -3.52861e-07 1.96498e-07 0 0
0.375671 -2.8517e-07 6.76906e-06 0 0
0.375671 -2.83687e-07 1.48334e-07 0 0
0.375671 -2.82442e-07 1.24472e-07 0 0
0.375671 -2.8081e-07 1.63248e-07 0 0
0.375671 -2.79473e-07 1.33661e-07 0 0
0.375671 -2.78005e-07 1.46772e-07 0 0
0.375671 -2.76791e-07 1.21414e-07 0 0
0.375671 -2.75354e-07 1.43744e-07 0 0
0.375671 -1.4338e-07 1.31974e-05 0 0
0.375671 -1.43102e-07 2.77829e-08 0 0
0.375671 -1.43184e-07 -8.15392e-09 0 0
0.375671 -1.42897e-07 2.86209e-08 0 0
0.375671 -1.94502e-07 -5.16051e-06 0 0
0.375671 -1.9397e-07 5.31971e-08 0 0
0.375671 -1.93555e-07 4.15651e-08 0 0
0.375671 -1.93085e-07 4.69867e-08 0 0
0.375671 -1.92408e-07 6.76625e-08 0 0
0.375671 -1.91917e-07 4.91752e-08 0 0
0.375671 -1.91256e-07 6.60649e-08 0 0
0.375671 -1.90733e-07 5.23422e-08 0 0
0.375671 -1.90181e-07 5.52008e-08 0 0
0.375671 -1.89696e-07 4.8425e-08 0 0
0.375671 -1.89102e-07 5.94711e-08 0 0
0.375671 -1.88566e-07 5.35545e-08 0 0
0.375671 -1.88134e-07 4.31837e-08 0 0
0.375671 -1.87392e-07 7.42435e-08 0 0
0.375671 -1.86929e-07 4.62875e-08 0 0
0.375671 -1.86281e-07 6.47941e-08 0 0
0.375671 -1.85829e-07 4.51947e-08 0 0
0.375671 -1.85191e-07 6.3787e-08 0 0
0.375671 -1.84763e-07 4.27792e-08 0 0
0.375671 -1.84109e-07 6.54393e-08 0 0
0.375671 -1.83646e-07 4.62989e-08 0 0
0.375671 -1.83181e-07 4.65134e-08 0 0
0.375671 -1.8257e-07 6.10296e-08 0 0
0.375671 -1.81988e-07 5.82054e-08 0 0
0.375671 -1.05596e-07 7.63927e-06 0 0
0.375671 -1.05583e-07 1.24249e-09 0 0
0.375671 -1.05455e-07 1.28034e-08 0 0
0.375671 -1.05484e-07 -2.91552e-09 0 0
0.375671 -1.05376e-07 1.08424e-08 0 0
0.375671 -1.05365e-07 1.06571e-09 0 0
0.375671 -1.05404e-07 -3.85929e-09 0 0
0.375671 -1.05367e-07 3.73519e-09 0 0
0.375671 -1.05356e-07 1.1059e-09 0 0
0.375671 -1.05404e-07 -4.81159e-09 0 0
0.375671 -1.05429e-07 -2.48458e-09 0 0
0.375671 -1.05413e-07 1.52473e-09 0 0
0.375671 -1.05504e-07 -9.09582e-09 0 0
0.375671 -1.05457e-07 4.67679e-09 0 0
0.375671 -1.05569e-07 -1.11419e-08 0 0
0.375671 -1.05456e-07 1.13002e-08 0 0
0.375671 -1.05432e-07 2.33924e-09 0 0
0.375671 -1.05511e-07 -7.88677e-09 0 0
0.375671 -1.05604e-07 -9.26716e-09 0 0
0.375671 -1.05617e-07 -1.29628e-09 0 0
0.375671 -1.0569e-07 -7.33578e-09 0 0
0.375671 -7.98595e-08 2.58308e-06 0 0
0.375671 -7.99279e-08 -6.83842e-09 0 0
0.375671 -7.99854e-08 -5.75507e-09 0 0
0.375671 -8.00696e-08 -8.41489e-09 0 0
0.375671 -8.02516e-08 -1.82005e-08 0 0
0.375671 -8.03524e-08 -1.00807e-08 0 0
0.375671 -8.03703e-08 -1.78831e-09 0 0
0.375671 -8.0485e-08 -1.14691e-08 0 0
0.375671 -8.05914e-08 -1.06455e-08 0 0
0.375671 -8.07826e-08 -1.9116e-08 0 0
0.375671 -8.0886e-08 -1.03371e-08 0 0
0.375671 -8.09198e-08 -3.3869e-09 0 0
0.375671 -8.10781e-08 -1.58286e-08 0 0
0.375671 -8.11913e-08 -1.13181e-08 0 0
0.375671 -8.14257e-08 -2.34358e-08 0 0
0.375671 -8.15403e-08 -1.14661e-08 0 0
0.375671 -8.1633e-08 -9.26716e-09 0 0
0.375671 -8.17409e-08 -1.07872e-08 0 0
0.375671 -8.18746e-08 -1.33754e-08 0 0
0.375671 -8.20224e-08 -1.47804e-08 0 0
0.375671 -8.22369e-08 -2.14438e-08 0 0
0.375671 -8.23519e-08 -1.15061e-08 0 0
0.375671 -8.2435e-08 -8.30875e-09 0 0
0.375671 -8.25964e-08 -1.61398e-08 0 0
0.375671 -8.27121e-08 -1.15691e-08 0 0
0.375671 -8.28691e-08 -1.57032e-08 0 0
0.375671 -8.31381e-08 -2.6898e-08 0 0
0.375671 -8.32881e-08 -1.50027e-08 0 0
0.375671 -8.33489e-08 -6.07616e-09 0 0
0.375671 -8.347e-08 -1.21132e-08 0 0
0.375671 -8.36648e-08 -1.94803e-08 0 0
0.375671 -8.37679e-08 -1.03109e-08 0 0
0.375671 -8.3994e-08 -2.26089e-08 0 0
0.375671 -8.40797e-08 -8.56784e-09 0 0
0.375671 -8.42457e-08 -1.65991e-08 0 0
0.375671 -8.44099e-08 -1.64226e-08 0 0
0.375671 -8.45271e-08 -1.17223e-08 0 0
0.375671 -8.46752e-08 -1.48057e-08 0 0
0.375671 -8.47537e-08 -7.84734e-09 0 0
0.375671 -8.49435e-08 -1.89868e-08 0 0
0.375671 -8.50999e-08 -1.5633e-08 0 0
0.375671 -8.52478e-08 -1.47976e-08 0 0
0.375671 -8.53849e-08 -1.37027e-08 0 0
0.375671 -8.54545e-08 -6.96654e-09 0 0
0.375671 -8.55643e-08 -1.09722e-08 0 0
0.375671 -8.57967e-08 -2.32405e-08 0 0
0.375671 -8.59228e-08 -1.26096e-08 0 0
0.375671 -8.60271e-08 -1.04361e-08 0 0
0.375671 -8.61709e-08 -1.43806e-08 0 0
0.375671 -8.62111e-08 -4.01952e-09 0 0
0.375671 -8.63433e-08 -1.32143e-08 0 0
0.375671 -8.65507e-08 -2.07461e-08 0 0
0.375671 -8.66619e-08 -1.1118e-08 0 0
0.375671 -8.67703e-08 -1.08363e-08 0 0
0.375671 -1.14503e-07 -2.7733e-06 0 0
0.375671 -1.14591e-07 -8.74276e-09 0 0
0.375671 -1.14719e-07 -1.28524e-08 0 0
0.375671 -1.14893e-07 -1.73454e-08 0 0
0.375671 -1.14945e-07 -5.2837e-09 0 0
0.375671 -1.15122e-07 -1.76161e-08 0 0
0.375671 -1.15219e-07 -9.74069e-09 0 0
0.375671 -1.15255e-07 -3.54909e-09 0 0
0.375671 -1.15368e-07 -1.13817e-08 0 0
0.375671 -1.15529e-07 -1.60308e-08 0 0
