-0.00185191 0 -1.12615e-05 0
-0.00191493 -0.00640629 -2.52895e-05 0
-0.00201345 -0.0102174 -0.000181206 0
-0.00396551 -0.195533 -0.000370771 0
-0.00637057 -0.240764 -0.000475822 0
-0.00942348 -0.305439 -0.000683448 0
-0.0118695 -0.244463 -0.000988289 0
-0.0122387 -0.03639 -0.00139066 0
-0.00946342 0.277914 -0.00189442 0
-0.00446541 0.49965 -0.00248338 0
0.00270908 0.716289 -0.00282606 0
0.0102279 0.751471 -0.00312343 0
0.0177876 0.756054 -0.00327807 0
0.024893 0.710672 -0.00318434 0
0.0307527 0.585964 -0.0027114 0
0.0360306 0.527879 -0.00175978 0
0.0395375 0.350691 -0.000258116 0
0.0424402 0.290281 0.0018907 0
0.044244 0.180379 0.00472028 0
0.044614 0.0370068 0.00827172 0
0.0443808 -0.0233257 0.01248 0
0.0445047 0.0123951 0.0173029 0
0.0447235 0.0218766 0.0226452 0
0.0447121 -0.00113634 0.0284127 0
0.0446775 -0.00346482 0.0344881 0
0.0446543 -0.00231652 0.0407363 0
0.0446226 -0.00316891 0.0470187 0
0.0445795 -0.00430725 0.0532002 0
0.044527 -0.00525626 0.0591568 0
0.0444651 -0.00618461 0.0647812 0
0.0443938 -0.00713434 0.0699887 0
0.0443129 -0.00808931 0.0747314 0
0.0442224 -0.00904619 0.0789676 0
0.0441223 -0.0100069 0.082828 0
0.0440126 -0.010972 0.0862068 0
0.0438932 -0.0119416 0.0889845 0
0.043764 -0.0129161 0.0913586 0
0.0436251 -0.0138957 0.0933597 0
0.0434762 -0.0148807 0.0950444 0
0.0433175 -0.0158715 0.0964886 0
0.0431488 -0.0168683 0.0977535 0
0.0429701 -0.0178716 0.098578 0
0.0427813 -0.0188815 0.0992432 0
0.0425823 -0.0198984 0.0997609 0
0.042373 -0.0209226 0.100154 0
0.0421534 -0.0219544 0.100429 0
0.0419235 -0.0229942 0.100617 0
0.041683 -0.0240423 0.100764 0
0.041432 -0.025099 0.100866 0
0.0411703 -0.0261647 0.100944 0
0.0408979 -0.0272397 0.100974 0
0.0406146 -0.0283243 0.101003 0
0.0403204 -0.029419 0.101024 0
0.0400151 -0.030524 0.101054 0
0.0396987 -0.0316398 0.101087 0
0.0393709 -0.0327668 0.101118 0
0.0390318 -0.0339053 0.101148 0
0.0386812 -0.0350559 0.101179 0
0.038319 -0.036219 0.10121 0
0.0379449 -0.0373952 0.101241 0
0.037559 -0.0385852 0.101273 0
0.037161 -0.03979 0.101305 0
0.0367508 -0.0410114 0.101338 0
0.0363282 -0.0422568 0.101372 0
0.0359464 -0.0381855 0.101031 0
0.0355993 -0.0347175 0.100598 0
0.0352868 -0.0312587 0.0999532 0
0.0350087 -0.0278083 0.0989568 0
0.0347651 -0.0243653 0.0974595 0
0.0345558 -0.0209289 0.0953149 0
0.0343809 -0.0174981 0.0923914 0
0.0342402 -0.0140721 0.0885847 0
0.0341337 -0.0106499 0.0838277 0
0.0340614 -0.0072306 0.0780992 0
0.0340232 -0.00381329 0.0714282 0
0.0340192 -0.000401861 0.0638965 0
0.0340462 0.0026983 0.0556592 0
0.0341042 0.0058026 0.0468709 0
0.0341934 0.00891158 0.037747 0
0.0343136 0.0120261 0.0285249 0
0.0344651 0.0151472 0.0194503 0
0.0346479 0.0182757 0.0107614 0
0.034862 0.0214127 0.00267426 0
0.0351077 0.0245591 -0.00463027 0
0.0353849 0.0277162 -0.0110168 0
0.0356938 0.0308851 -0.0164025 0
0.0360345 0.0340678 -0.0207598 0
0.0364072 0.0372673 -0.0241155 0
0.0368124 0.0405023 -0.0265469 0
0.0372023 0.0389998 -0.0278068 0
0.0375793 0.0377129 -0.0283141 0
0.0379436 0.0364376 -0.0281153 0
0.0382953 0.0351735 -0.0272413 0
0.0386344 0.0339201 -0.0257051 0
0.0389612 0.0326773 -0.0235018 0
0.0392756 0.0314445 -0.0202313 0
0.0395777 0.0302215 -0.0161787 0
0.0398678 0.0290078 -0.0112843 0
0.0401458 0.027803 -0.00552834 0
0.0404118 0.0266069 0.0010639 0
0.0406659 0.0254191 0.00842066 0
0.0409083 0.0242391 0.0164254 0
0.0411389 0.0230667 0.024922 0
0.0413579 0.0219014 0.0337232 0
0.0415653 0.020743 0.0426213 0
0.0417612 0.019591 0.0514008 0
0.0419457 0.0184451 0.0598507 0
0.0421187 0.017305 0.0677539 0
0.0422804 0.0161703 0.0749685 0
0.0424308 0.0150406 0.0813681 0
0.0425699 0.0139156 0.0868736 0
0.0426979 0.012795 0.0914553 0
0.0428147 0.0116784 0.0951319 0
0.0429203 0.0105654 0.0979658 0
0.0430149 0.00945579 0.100056 0
0.0430983 0.0083491 0.101526 0
0.0431708 0.00724502 0.102516 0
0.0432322 0.00614322 0.103168 0
0.0432827 0.00504334 0.103617 0
0.0433221 0.00394505 0.103978 0
0.0433506 0.00284799 0.103978 0
0.0433681 0.00175183 0.103979 0
0.0433747 0.000656214 0.103979 0
0.0433716 -0.000302 0.103968 0
0.043359 -0.00126171 0.103955 0
0.0433368 -0.00222314 0.103935 0
0.0433049 -0.00318657 0.103906 0
0.0432634 -0.00415231 0.103863 0
0.0432122 -0.00512066 0.103801 0
0.0431513 -0.00609189 0.103718 0
0.0430806 -0.00706633 0.10361 0
0.0430002 -0.00804425 0.103476 0
0.0429099 -0.00902597 0.103315 0
0.0428098 -0.0100118 0.103129 0
0.0426998 -0.011002 0.10292 0
0.0425798 -0.0119969 0.102693 0
0.0424498 -0.0129968 0.102451 0
0.0423098 -0.0140021 0.102203 0
0.0421596 -0.015013 0.101953 0
0.0419993 -0.0160298 0.101709 0
0.0418288 -0.0170529 0.101477 0
0.0416479 -0.0180825 0.101264 0
0.0414567 -0.0191191 0.101073 0
0.0412551 -0.0201629 0.100909 0
0.0410429 -0.0212143 0.100774 0
0.0408202 -0.0222735 0.100668 0
0.0405867 -0.023341 0.100591 0
0.0403425 -0.0244171 0.100539 0
0.0400875 -0.025502 0.100511 0
0.0398215 -0.0265963 0.100502 0
0.0395444 -0.0277003 0.100507 0
0.0392563 -0.0288143 0.100523 0
0.0389568 -0.0299387 0.100545 0
0.038646 -0.031074 0.10057 0
0.0383238 -0.0322206 0.100606 0
0.0379899 -0.0333791 0.100641 0
0.0376444 -0.03455 0.100677 0
0.037287 -0.0357341 0.100714 0
0.0369176 -0.0369327 0.100751 0
0.036536 -0.0381487 0.100789 0
0.0361545 -0.0380386 0.100827 0
0.0358491 -0.0305443 0.100491 0
0.0355783 -0.0270847 0.100064 0
0.035342 -0.0236325 0.0994263 0
0.0351402 -0.0201863 0.0984372 0
0.0349728 -0.0167454 0.0969485 0
0.0348397 -0.0133088 0.0948142 0
0.0347409 -0.00987571 0.0919033 0
0.0346765 -0.00644514 0.0881117 0
0.0346463 -0.00301619 0.0833727 0
0.0346463 -5.0599e-06 0.0776985 0
0.0346529 0.000663646 0.0712796 0
0.0346662 0.00133237 0.064067 0
0.0346863 0.0020063 0.0562628 0
0.0347073 0.00209865 0.0481693 0
0.034728 0.00207407 0.0400541 0
0.0347485 0.00204748 0.0322372 0
0.0347687 0.00202126 0.0250475 0
0.0347887 0.00199543 0.0187921 0
0.0348084 0.00197 0.0137343 0
0.0348278 0.00194495 0.010075 0
0.034847 0.00192028 0.00793937 0
0.034866 0.00189599 0.00736771 0
0.0348847 0.00187205 0.00831404 0
0.0349032 0.00184848 0.0106503 0
0.0349214 0.00182525 0.0141768 0
0.0349395 0.00180237 0.0186381 0
0.0349573 0.00177983 0.023742 0
0.0349748 0.00175762 0.0291817 0
0.0349922 0.00173574 0.0346574 0
0.0350093 0.00171418 0.039897 0
0.0350263 0.00169293 0.0446743 0
0.035043 0.00167199 0.0491982 0
0.0350595 0.00165135 0.0530543 0
0.0350758 0.00163101 0.0562384 0
0.0350919 0.00161097 0.0587794 0
0.0351078 0.00159121 0.0607349 0
0.0351235 0.00157173 0.0621846 0
0.0351391 0.00155254 0.0632228 0
0.0351544 0.00153361 0.0639501 0
0.0351696 0.00151495 0.0644651 0
0.0351845 0.00149656 0.0648235 0
0.0351993 0.00147842 0.0649397 0
0.0352139 0.00146054 0.065021 0
0.0352283 0.00144291 0.065086 0
0.0352426 0.00142553 0.0651027 0
0.0352567 0.00140839 0.0651101 0
0.0352706 0.00139148 0.0651172 0
0.0352843 0.00137472 0.0651243 0
0.0352979 0.00135812 0.0651314 0
0.0353113 0.00134175 0.0651384 0
0.0353246 0.0013256 0.0651454 0
0.0353377 0.00130753 0.0651526 0
0.0353506 0.00129275 0.0651595 0
0.0353634 0.00127755 0.0651665 0
0.035376 0.0012625 0.0651735 0
0.0353885 0.00124766 0.0651805 0
0.0354008 0.00123303 0.0651876 0
0.035413 0.00121866 0.0651946 0
0.035425 0.00120438 0.0652016 0
0.0354369 0.00119028 0.0652085 0
0.0354487 0.00117634 0.0652154 0
0.0354603 0.00116256 0.0652222 0
0.0354718 0.00114901 0.0652288 0
0.0354832 0.00113564 0.0652353 0
0.0354944 0.00112245 0.0652417 0
0.0355055 0.00110944 0.0652479 0
0.0355165 0.0010966 0.065254 0
0.0355273 0.00108393 0.06526 0
0.035538 0.00107143 0.0652658 0
0.0355486 0.0010591 0.0652715 0
0.0355591 0.00104692 0.0652771 0
0.0355694 0.00103491 0.0652827 0
0.0355796 0.00102305 0.0652883 0
0.0355898 0.00101135 0.0652938 0
0.0355998 0.000999807 0.0652993 0
0.0356096 0.000988409 0.0653048 0
0.0356194 0.000977159 0.0653104 0
0.0356291 0.000966055 0.0653159 0
0.0356386 0.000955093 0.0653215 0
0.0356481 0.000944273 0.0653271 0
0.0356574 0.000933592 0.0653327 0
0.0356612 0.000382257 0.0653808 0
0.0356645 0.000330874 0.0653998 0
0.0356678 0.000330713 0.0654294 0
0.0356712 0.000334342 0.0654752 0
0.0356746 0.000338354 0.0655385 0
0.035678 0.000342458 0.0656185 0
0.0356815 0.000346633 0.0657132 0
0.035685 0.000350888 0.0658188 0
0.0356885 0.000355209 0.0659304 -6.55387e-07
0.0356949 0.000642966 0.0660199 -0.175929
0.0357036 0.00086971 0.0661022 -0.35185
0.0357123 0.000865048 0.0661782 -0.527757
0.0357209 0.000855545 0.0662214 -0.703643
0.0357293 0.000846091 0.0662251 -0.879502
0.0357334 0.000413022 0.0662181 -1.05533
0.0357361 0.000267992 0.0661514 -1.23111
0.0357387 0.000262381 0.0660432 -1.40684
0.0357414 0.000264644 0.0659107 -1.58252
0.0357441 0.000267524 0.0657624 -1.75814
0.0357468 0.000270486 0.065607 -1.93368
0.0357495 0.000273493 0.0654529 -2.10915
0.0357523 0.00027654 0.065308 -2.28454
0.0357551 0.000279631 0.0651782 -2.45983
0.0357579 0.000282757 0.0650676 -2.63503
0.0357608 0.000285927 0.0649778 -2.81013
0.0357636 0.000289135 0.0649081 -2.98511
0.0357666 0.000292386 0.0648552 -3.15998
0.0357695 0.00029568 0.0648137 -3.33472
0.0357725 0.000299016 0.0647767 -3.50933
0.0357755 0.000302397 0.0647365 -3.6838
0.0357786 0.000305827 0.064685 -3.85813
0.0357817 0.000309294 0.0645723 -4.0323
0.0357848 0.000312806 0.064467 -4.20632
0.035788 0.000316366 0.0643328 -4.38017
0.0357912 0.000319975 0.0641679 -4.55384
0.0357944 0.000323628 0.0639759 -4.72734
0.0357977 0.000327332 0.063762 -4.90065
0.035801 0.000331083 0.0635326 -5.07376
0.0358044 0.00033488 0.0632945 -5.24668
0.0358077 0.000338717 0.0630546 -5.41939
0.0358112 0.000342655 0.0628416 -5.59188
0.0358147 0.000354802 0.0626375 -5.76415
0.0358185 0.000376518 0.0624334 -5.9362
0.0358226 0.00040799 0.0622457 -6.10801
0.0358271 0.000449446 0.0620718 -6.27958
0.0358321 0.000501105 0.0618738 -6.4509
0.0358377 0.000561084 0.061697 -6.62197
0.035844 0.000629652 0.0615253 -6.79278
0.0358509 0.000693059 0.0613475 -6.96332
0.0358577 0.000682922 0.0611669 -7.13358
0.0358645 0.000671919 0.0609778 -7.30356
0.0358711 0.000661111 0.060781 -7.47326
0.0358776 0.000650507 0.0605782 -7.64265
0.035884 0.000640102 0.0603719 -7.81175
0.0358903 0.000629896 0.060165 -7.98054
0.0358965 0.000619883 0.0599611 -8.14901
0.0359026 0.000610063 0.0597634 -8.31717
0.0359086 0.000600431 0.0595754 -8.48499
0.0359145 0.000590985 0.0594001 -8.65248
0.0359203 0.000581721 0.0592397 -8.81962
0.035926 0.000572639 0.0590957 -8.98642
0.0359317 0.000563733 0.0589688 -9.15287
0.0359372 0.000555002 0.0588585 -9.31895
0.0359427 0.000548289 0.0587634 -9.48466
0.0359483 0.000556273 0.0586801 -9.65
0.035954 0.000578317 0.0586055 -9.81496
0.0359601 0.000607511 0.0585358 -9.97953
0.0359664 0.000632951 0.0584675 -10.1437
0.0359731 0.000662383 0.058395 -10.3075
0.0359801 0.000703354 0.0583137 -10.4709
0.0359877 0.000756742 0.0582191 -10.6338
0.0359959 0.000822224 0.058108 -10.7964
0.0360049 0.000899478 0.0579781 -10.9585
0.0360148 0.000988196 0.0578276 -11.1201
0.0360256 0.00108809 0.0576556 -11.2814
0.0360376 0.00119888 0.0574621 -11.4422
0.0360508 0.00132033 0.0572479 -11.6025
0.0360653 0.00144468 0.0570141 -11.7624
0.036081 0.0015703 0.0567625 -11.9218
0.036098 0.0017034 0.0564936 -12.0808
0.0361165 0.00184433 0.0562038 -12.2392
0.0361364 0.00199293 0.0558994 -12.3972
0.0361579 0.002149 0.0555814 -12.5547
0.036181 0.00231237 0.0552512 -12.7117
0.0362058 0.00248291 0.0549102 -12.8682
0.0362324 0.00266041 0.0545602 -13.0242
0.0362609 0.00284475 0.054203 -13.1797
0.0362913 0.00303579 0.0538405 -13.3347
0.0363236 0.00323344 0.0534746 -13.4891
0.036358 0.00343743 0.0531071 -13.643
0.0363944 0.00364776 0.0527394 -13.7964
0.0364331 0.00386418 0.0523732 -13.9492
0.036474 0.00408797 0.0520094 -14.1015
0.0365172 0.00432658 0.0516484 -14.2532
0.0365429 0.00256356 0.0514487 -14.4043
0.0365509 0.000804006 0.0512942 -14.5549
0.0365414 -0.000949236 0.0512335 -14.7049
0.0365146 -0.00268412 0.051326 -14.8543
0.0364716 -0.00429229 0.0516233 -15.0032
0.0364596 -0.00120177 0.0518268 -15.1514
0.0364596 1.09032e-06 0.0524113 -15.299
0.0364597 6.81115e-06 0.0532828 -15.4461
0.0364598 7.08683e-06 0.0543041 -15.5925
0.0364598 7.33688e-06 0.055419 -15.7383
0.0364599 7.58173e-06 0.056562 -15.8835
0.03646 7.83071e-06 0.057663 -16.0281
0.0364601 8.08348e-06 0.0586523 -16.172
0.0364602 8.3428e-06 0.0594661 -16.3153
0.0364603 8.64192e-06 0.0600511 -16.458
0.0364603 8.95918e-06 0.0603689 -16.6
0.0364604 9.28166e-06 0.0603991 -16.7413
0.0364605 9.60981e-06 0.0601403 -16.882
0.0364606 9.95683e-06 0.0596106 -17.022
0.0364607 1.03469e-05 0.0588459 -17.1614
0.0364608 1.07439e-05 0.0578967 -17.3001
0.036461 1.1149e-05 0.0568239 -17.4381
0.0364611 1.15634e-05 0.0556945 -17.5754
0.0364612 1.22775e-05 0.0545754 -17.712
0.0364613 1.49359e-05 0.0535288 -17.8479
0.0364615 1.8031e-05 0.0526074 -17.9831
0.0364618 3.22444e-05 0.0518498 -18.1176
0.0364625 6.66986e-05 0.0512786 -18.2513
0.0364637 0.00012099 0.0508998 -18.3844
0.0364657 0.000195065 0.0507023 -18.5167
0.0364686 0.000289298 0.0506603 -18.6483
0.0364726 0.000403702 0.0505765 -18.7792
0.036478 0.000538319 0.0505335 -18.9093
0.0364849 0.000693656 0.05047 -19.0387
0.0364936 0.00087008 0.0503353 -19.1673
0.0365043 0.00106939 0.0501064 -19.2952
0.0365173 0.00129688 0.0501284 -19.4223
0.0365173 3.92088e-06 0.050072 -19.5486
0.0365172 -9.34321e-06 0.049818 -19.6742
0.0365171 -9.61551e-06 0.0495721 -19.799
0.036517 -9.58938e-06 0.0493468 -19.923
0.0365169 -9.54955e-06 0.049153 -20.0462
0.0365168 -9.46856e-06 0.0489993 -20.1687
0.0365168 -9.41569e-06 0.0488921 -20.2903
0.0365167 -9.31729e-06 0.0488347 -20.4111
0.0365166 -9.24494e-06 0.0488267 -20.5312
0.0365165 -9.17228e-06 0.0488642 -20.6504
0.0365164 -9.08816e-06 0.04894 -20.7688
0.0365163 -9.00239e-06 0.0490439 -20.8864
0.0365162 -8.89699e-06 0.0491637 -21.0031
0.0365161 -8.83369e-06 0.0492859 -21.119
0.036516 -8.74353e-06 0.0493969 -21.2341
0.0365159 -8.67469e-06 0.0494839 -21.3484
0.0365159 -8.59631e-06 0.0495361 -21.4618
0.0365158 -8.53048e-06 0.0495451 -21.5744
0.0365157 -8.4323e-06 0.0495061 -21.6861
0.0365156 -8.34223e-06 0.0494177 -21.7969
0.0365155 -8.26563e-06 0.0492827 -21.9069
0.0365154 -8.18299e-06 0.0491077 -22.0161
0.0365154 -8.0932e-06 0.0489011 -22.1243
0.0365153 -7.98824e-06 0.0486735 -22.2317
0.0365152 -7.91514e-06 0.0484367 -22.3382
0.0365151 -7.80591e-06 0.0482023 -22.4439
0.036515 -7.72238e-06 0.047981 -22.5486
0.036515 -7.60413e-06 0.0477814 -22.6525
0.0365149 -7.49811e-06 0.0476097 -22.7554
0.0365148 -7.41043e-06 0.0474691 -22.8575
0.0365147 -7.30747e-06 0.0473602 -22.9587
0.0365147 -7.20597e-06 0.0471577 -23.0589
0.0365146 -7.12317e-06 0.0470568 -23.1583
0.0365145 -7.02302e-06 0.0469577 -23.2567
0.0365145 -6.93975e-06 0.0468594 -23.3542
0.0365144 -6.83587e-06 0.0467618 -23.4508
0.0365143 -6.73921e-06 0.046665 -23.5464
0.0365143 -6.65307e-06 0.0465689 -23.6412
0.0365142 -6.5641e-06 0.0464736 -23.735
0.0365141 -6.45756e-06 0.0463791 -23.8278
0.0365141 -6.37417e-06 0.0462854 -23.9198
0.036514 -6.28404e-06 0.0461924 -24.0107
0.0365139 -6.18562e-06 0.0461002 -24.1008
0.0365139 -6.10889e-06 0.0460088 -24.1899
0.0365138 -6.0206e-06 0.0459182 -24.278
0.0365138 -5.93901e-06 0.0458284 -24.3651
0.0365137 -5.85545e-06 0.0457394 -24.4513
0.0365136 -5.76819e-06 0.0456512 -24.5366
0.0365136 -5.67141e-06 0.0455638 -24.6209
0.0365135 -5.59245e-06 0.0454772 -24.7042
0.0365135 -5.50765e-06 0.0453914 -24.7865
0.0365134 -5.43419e-06 0.0453064 -24.8678
0.0365134 -5.3418e-06 0.0452223 -24.9482
0.0365133 -5.2603e-06 0.0451389 -25.0276
0.0365133 -5.17443e-06 0.0450564 -25.1059
0.0365132 -5.10798e-06 0.0449747 -25.1833
0.0365132 -5.01468e-06 0.0448939 -25.2598
0.0365131 -4.94459e-06 0.0448138 -25.3352
0.0365131 -4.86181e-06 0.0447346 -25.4096
0.036513 -4.78938e-06 0.0446563 -25.483
0.036513 -4.69875e-06 0.0445788 -25.5554
0.0365129 -4.62384e-06 0.0445021 -25.6268
0.0365129 -4.54588e-06 0.0444263 -25.6971
0.0365128 -4.46992e-06 0.0443513 -25.7665
0.0365128 -4.38893e-06 0.0442772 -25.8348
0.0365128 -4.3218e-06 0.0442039 -25.9022
0.0365127 -4.25261e-06 0.0441315 -25.9685
0.0365127 -4.17333e-06 0.0440599 -26.0337
0.0365126 -4.09783e-06 0.0439892 -26.098
0.0365126 -4.01983e-06 0.0439194 -26.1612
0.0365125 -3.95759e-06 0.0438505 -26.2234
0.0365125 -3.88303e-06 0.0437824 -26.2845
0.0365125 -3.80675e-06 0.0437152 -26.3447
0.0365124 -3.74193e-06 0.0436488 -26.4037
0.0365124 -3.66351e-06 0.0435834 -26.4618
0.0365124 -3.60164e-06 0.0435188 -26.5188
0.0365123 -3.5356e-06 0.0434551 -26.5747
0.0365123 -3.47719e-06 0.0433924 -26.6296
0.0365123 -3.39741e-06 0.0433305 -26.6834
0.0365122 -3.33849e-06 0.0432694 -26.7362
0.0365122 -3.2722e-06 0.0432093 -26.7879
0.0365122 -3.20476e-06 0.0431501 -26.8386
0.0365121 -3.14581e-06 0.0430918 -26.8882
0.0365121 -3.08609e-06 0.0430344 -26.9368
0.0365121 -3.02452e-06 0.0429779 -26.9843
0.036512 -2.97135e-06 0.0429223 -27.0307
0.036512 -3.93763e-06 0.0428677 -27.076
0.036512 -3.88507e-06 0.0428139 -27.1203
0.0365119 -3.68351e-06 0.0427611 -27.1635
0.0365119 -2.84646e-06 0.0427091 -27.2057
0.0365119 -2.81161e-06 0.0426582 -27.2468
0.0365118 -2.78378e-06 0.0426082 -27.2868
0.0365118 -2.75732e-06 0.0425591 -27.3257
0.0365118 -2.74149e-06 0.0425109 -27.3635
0.0365118 -2.71435e-06 0.0424636 -27.4003
0.0365117 -2.68677e-06 0.0424173 -27.4359
0.0365117 -2.65847e-06 0.0423719 -27.4705
0.0365117 -2.6277e-06 0.0423273 -27.504
0.0365116 -2.6044e-06 0.0422837 -27.5365
0.0365116 -2.57279e-06 0.042241 -27.5678
0.0365116 -2.54771e-06 0.0421992 -27.598
0.0365116 -2.52498e-06 0.0421583 -27.6272
0.0365115 -2.4929e-06 0.0421183 -27.6553
0.0365115 -2.46297e-06 0.0420793 -27.6822
0.0365115 -2.43178e-06 0.0420412 -27.7081
0.0365115 -2.40585e-06 0.042004 -27.7329
0.0365114 -2.3763e-06 0.0419679 -27.7566
0.0365114 -2.34817e-06 0.0419326 -27.7792
0.0365114 -2.31911e-06 0.0418984 -27.8007
0.0365114 -2.28122e-06 0.0418651 -27.8211
0.0365114 -2.25704e-06 0.0418328 -27.8404
0.0365113 -2.22713e-06 0.0418015 -27.8586
0.0365113 -2.19716e-06 0.0417711 -27.8757
0.0365113 -2.1681e-06 0.0417417 -27.8917
0.0365113 -2.18163e-06 0.0417132 -27.9066
0.0365112 -2.14493e-06 0.0416857 -27.9204
0.0365112 -2.11133e-06 0.0416592 -27.9332
0.0365112 -2.07241e-06 0.0416335 -27.9447
0.0365112 -2.03944e-06 0.0416089 -27.9552
0.0365112 -2.00035e-06 0.0415852 -27.9646
0.0365111 -1.9674e-06 0.0415624 -27.9729
0.0365111 -1.93066e-06 0.0415406 -27.9801
0.0365111 -1.89948e-06 0.0415198 -27.9862
0.0365111 -1.86251e-06 0.0414999 -27.9912
0.0365111 -1.82471e-06 0.0414809 -27.995
0.0365111 -1.7995e-06 0.041463 -27.9978
0.036511 -1.75996e-06 0.041446 -27.9994
0.036511 -1.72502e-06 0.0414299 -28
0.036511 -1.69211e-06 0.0414149 -27.9994
0.036511 -1.65959e-06 0.0414008 -27.9978
0.036511 -1.62598e-06 0.0413876 -27.995
0.0365109 -2.01974e-06 0.0413755 -27.9912
0.0365109 -1.2773e-06 0.0413642 -27.9862
0.0365109 -1.26047e-06 0.041354 -27.9801
0.0365109 -1.07178e-06 0.0413448 -27.9729
0.0365109 -1.05507e-06 0.0413365 -27.9646
0.0365109 -1.03915e-06 0.0413291 -27.9552
0.0365109 -1.02479e-06 0.0413227 -27.9447
0.0365109 -1.00965e-06 0.0413173 -27.9332
0.0365109 -9.93613e-07 0.0413129 -27.9204
0.0365109 -9.80581e-07 0.0413094 -27.9066
0.0365108 -9.61735e-07 0.0413069 -27.8917
0.0365108 -9.4869e-07 0.0413053 -27.8757
0.0365108 -9.34569e-07 0.0413047 -27.8586
0.0365108 -9.15183e-07 0.0413051 -27.8404
0.0365108 -9.00525e-07 0.0413065 -27.8211
0.0365108 -8.8125e-07 0.0413089 -27.8007
0.0365108 -8.69888e-07 0.0413123 -27.7792
0.0365108 -8.51931e-07 0.0413167 -27.7566
0.0365108 -8.38209e-07 0.041322 -27.7329
0.0365108 -8.19545e-07 0.0413284 -27.7081
0.0365108 -8.03347e-07 0.0413357 -27.6822
0.0365107 -7.89895e-07 0.0413441 -27.6553
0.0365107 -7.72633e-07 0.0413534 -27.6272
0.0365107 -7.60383e-07 0.0413637 -27.598
0.0365107 -7.40276e-07 0.041375 -27.5678
0.0365107 -7.28139e-07 0.0413872 -27.5365
0.0365107 -7.0962e-07 0.0414004 -27.504
0.0365107 -6.93944e-07 0.0414145 -27.4705
0.0365107 -6.81665e-07 0.0414297 -27.4359
0.0365107 -6.67022e-07 0.0414457 -27.4003
0.0365107 -6.46291e-07 0.0414627 -27.3635
0.0365107 -6.35198e-07 0.0414806 -27.3257
0.0365107 -6.18686e-07 0.0414996 -27.2868
0.0365107 -5.03811e-07 0.0415195 -27.2468
0.0365107 -4.8947e-07 0.0415403 -27.2057
0.0365107 -4.79796e-07 0.0415621 -27.1635
0.0365106 -4.68512e-07 0.0415848 -27.1203
0.0365106 -4.55484e-07 0.0416085 -27.076
0.0365106 -4.41438e-07 0.0416332 -27.0307
0.0365106 -6.39442e-07 0.0416588 -26.9843
0.0365106 -6.29861e-07 0.0416854 -26.9368
0.0365106 -6.1838e-07 0.0417129 -26.8882
0.0365106 -7.15632e-07 0.0417414 -26.8386
0.0365106 -7.08435e-07 0.0417709 -26.7879
0.0365106 -9.20001e-07 0.0418013 -26.7362
0.0365106 -6.87164e-07 0.0418327 -26.6834
0.0365106 -6.75358e-07 0.0418651 -26.6296
0.0365106 -6.68215e-07 0.0418984 -26.5747
0.0365106 -6.59927e-07 0.0419327 -26.5188
0.0365106 -6.48768e-07 0.0419679 -26.4618
0.0365106 -6.40273e-07 0.0420041 -26.4037
0.0365106 -6.32016e-07 0.0420413 -26.3447
0.0365105 -6.22043e-07 0.0420793 -26.2845
0.0365105 -8.22209e-07 0.0421183 -26.2234
0.0365105 -7.32377e-07 0.0421582 -26.1612
0.0365105 -6.08255e-07 0.0421991 -26.098
0.0365105 -5.97784e-07 0.0422409 -26.0337
0.0365105 -5.84842e-07 0.0422835 -25.9685
0.0365105 -5.75078e-07 0.0423272 -25.9022
0.0365105 -5.60714e-07 0.0423717 -25.8348
0.0365105 -5.50756e-07 0.0424171 -25.7665
0.0365105 -5.38597e-07 0.0424635 -25.6971
0.0365105 -5.27172e-07 0.0425107 -25.6268
0.0365105 -5.13405e-07 0.0425589 -25.5554
0.0365105 -5.02822e-07 0.042608 -25.483
0.0365105 -4.89376e-07 0.0426581 -25.4096
0.0365105 -4.7701e-07 0.042709 -25.3352
0.0365105 -4.65975e-07 0.0427609 -25.2598
0.0365105 -4.51733e-07 0.0428137 -25.1833
0.0365105 -4.40207e-07 0.0428675 -25.1059
0.0365104 -5.9769e-07 0.0429221 -25.0276
0.0365104 -5.92776e-07 0.0429777 -24.9482
0.0365104 -5.88415e-07 0.0430341 -24.8678
0.0365104 -5.83804e-07 0.0430915 -24.7865
0.0365104 -5.78945e-07 0.0431498 -24.7042
0.0365104 -5.74047e-07 0.043209 -24.6209
0.0365104 -5.69113e-07 0.0432691 -24.5366
0.0365104 -5.64122e-07 0.0433301 -24.4513
0.0365104 -5.59073e-07 0.0433921 -24.3651
0.0365104 -5.53971e-07 0.0434549 -24.278
0.0365104 -5.48813e-07 0.0435186 -24.1899
0.0365104 -5.43601e-07 0.0435831 -24.1008
0.0365104 -5.38336e-07 0.0436486 -24.0107
0.0365104 -5.33016e-07 0.0437149 -23.9198
0.0365104 -5.27646e-07 0.0437821 -23.8278
0.0365104 -5.2222e-07 0.0438502 -23.735
0.0365104 -5.16742e-07 0.0439191 -23.6412
0.0365104 -5.11209e-07 0.0439889 -23.5464
0.0365103 -5.05626e-07 0.0440595 -23.4508
0.0365103 -4.99992e-07 0.044131 -23.3542
0.0365103 -4.94306e-07 0.0442034 -23.2567
0.0365103 -4.8857e-07 0.0442766 -23.1583
0.0365103 -4.82779e-07 0.0443507 -23.0589
0.0365103 -3.55507e-07 0.0444256 -22.9587
0.0365103 -3.50017e-07 0.0445013 -22.8575
0.0365103 -3.43926e-07 0.0445779 -22.7554
0.0365103 -3.37974e-07 0.0446554 -22.6525
0.0365103 -3.32347e-07 0.0447336 -22.5486
0.0365103 -3.26749e-07 0.0448128 -22.4439
0.0365103 -4.43275e-07 0.0448927 -22.3382
0.0365103 -4.37013e-07 0.0449735 -22.2317
0.0365103 -4.31303e-07 0.0450551 -22.1243
0.0365103 -4.25362e-07 0.0451376 -22.0161
0.0365103 -4.19197e-07 0.0452209 -21.9069
0.0365103 -4.13006e-07 0.045305 -21.7969
0.0365103 -4.06787e-07 0.0453899 -21.6861
0.0365103 -2.77437e-07 0.0454756 -21.5744
0.0365103 -3.94826e-07 0.0455622 -21.4618
0.0365103 -2.64749e-07 0.0456495 -21.3484
0.0365103 -2.59181e-07 0.0457377 -21.2341
0.0365103 -2.53005e-07 0.0458266 -21.119
0.0365103 -2.46785e-07 0.0459164 -21.0031
0.0365103 -2.40708e-07 0.0460069 -20.8864
0.0365103 -2.34603e-07 0.0460982 -20.7688
0.0365103 -2.28446e-07 0.0461903 -20.6504
0.0365102 -2.22258e-07 0.0462832 -20.5311
0.0365102 -2.16038e-07 0.0463768 -20.4111
0.0365102 -2.09788e-07 0.0464712 -20.2903
0.0365102 -2.03507e-07 0.0465664 -20.1687
0.0365102 -1.97198e-07 0.0466623 -20.0462
0.0365102 -1.90854e-07 0.046759 -19.923
0.0365102 -3.05863e-07 0.0468564 -19.799
0.0365102 -1.77376e-07 0.0469546 -19.6742
0.0365102 -1.71509e-07 0.0470536 -19.5486
0.0365102 -1.64867e-07 0.0471533 -19.4223
0.0365102 -1.58205e-07 0.0472537 -19.2952
0.0365102 -2.72011e-07 0.0473549 -19.1673
0.0365102 -2.646e-07 0.0474569 -19.0387
0.0365102 -2.57726e-07 0.0475596 -18.9093
0.0365102 -2.50635e-07 0.047663 -18.7792
0.0365102 -2.43327e-07 0.0477671 -18.6483
0.0365102 -2.36006e-07 0.0478719 -18.5167
0.0365102 -2.28664e-07 0.0479775 -18.3844
0.0365102 -2.21285e-07 0.0480838 -18.2513
0.0365102 -2.13902e-07 0.0481908 -18.1176
0.0365102 -2.0653e-07 0.0482984 -17.9831
0.0365102 -1.99124e-07 0.0484068 -17.8479
0.0365102 -1.91685e-07 0.0485158 -17.712
0.0365102 -1.84212e-07 0.0486256 -17.5754
0.0365102 -5.65104e-08 0.048736 -17.4381
0.0365102 -4.90392e-08 0.048847 -17.3001
0.0365102 -4.10636e-08 0.0489588 -17.1614
0.0365102 -3.59117e-08 0.0490712 -17.022
0.0365102 -2.82193e-08 0.0491842 -16.882
0.0365102 -2.04657e-08 0.049298 -16.7413
0.0365102 -1.26692e-08 0.0494123 -16.6
0.0365102 -4.86353e-09 0.0495273 -16.458
0.0365102 -1.19817e-07 0.049643 -16.3153
0.0365102 1.1318e-08 0.0497593 -16.172
0.0365102 -1.02688e-07 0.0498762 -16.0281
0.0365102 -9.35067e-08 0.0499938 -15.8835
0.0365102 -8.4742e-08 0.050112 -15.7383
0.0365102 -7.59568e-08 0.0502309 -15.5925
0.0365102 -6.69816e-08 0.0503504 -15.4461
0.0365102 -5.79695e-08 0.0504705 -15.299
0.0365102 6.85992e-08 0.0505912 -15.1514
0.0365102 7.64722e-08 0.0507126 -15.0031
0.0365102 8.47728e-08 0.0508345 -14.8543
0.0365102 9.29368e-08 0.050957 -14.7049
0.0365102 1.00971e-07 0.0510802 -14.5549
0.0365102 1.09038e-07 0.0512039 -14.4043
0.0365102 1.17136e-07 0.0513282 -14.2532
0.0365102 1.25249e-07 0.051453 -14.1014
0.0365102 1.33377e-07 0.0515785 -13.9492
0.0365102 1.41521e-07 0.0517044 -13.7964
0.0365102 1.49681e-07 0.051831 -13.643
0.0365102 1.57856e-07 0.0519581 -13.4891
0.0365102 1.66041e-07 0.0520857 -13.3347
0.0365102 1.74248e-07 0.0522139 -13.1797
0.0365102 1.82463e-07 0.0523426 -13.0242
0.0365102 1.90698e-07 0.0524718 -12.8682
0.0365102 9.67348e-08 0.0526016 -12.7117
0.0365102 1.0639e-07 0.052732 -12.5547
0.0365102 1.15688e-07 0.0528628 -12.3972
0.0365102 1.25151e-07 0.0529942 -12.2392
0.0365102 1.34761e-07 0.0531261 -12.0808
0.0365102 1.44385e-07 0.0532585 -11.9218
0.0365102 1.5402e-07 0.0533915 -11.7624
0.0365102 1.63677e-07 0.0535249 -11.6025
0.0365102 1.73355e-07 0.0536588 -11.4422
0.0365102 1.83059e-07 0.0537932 -11.2814
0.0365102 1.92781e-07 0.0539281 -11.1201
0.0365102 2.02522e-07 0.0540634 -10.9585
0.0365102 2.12289e-07 0.0541992 -10.7964
0.0365102 3.10623e-07 0.0543355 -10.6338
0.0365102 3.18901e-07 0.0544722 -10.4709
0.0365102 3.27497e-07 0.0546093 -10.3075
0.0365102 3.35981e-07 0.0547469 -10.1437
0.0365102 3.44359e-07 0.0548849 -9.97953
0.0365103 3.52756e-07 0.0550234 -9.81496
0.0365103 3.61169e-07 0.0551623 -9.65
0.0365103 3.69587e-07 0.0553016 -9.48466
0.0365103 3.78006e-07 0.0554413 -9.31895
0.0365103 3.8643e-07 0.0555814 -9.15286
0.0365103 3.19645e-07 0.0557219 -8.98642
0.0365103 4.03605e-07 0.0558629 -8.81962
0.0365103 4.11783e-07 0.0560042 -8.65247
0.0365103 4.20317e-07 0.056146 -8.48499
0.0365103 4.28854e-07 0.0562881 -8.31716
0.0365103 4.37267e-07 0.0564306 -8.14901
0.0365103 4.45209e-07 0.0565735 -7.98054
0.0365103 4.53173e-07 0.0567168 -7.81175
0.0365103 4.61152e-07 0.0568605 -7.64265
0.0365103 4.68786e-07 0.0570045 -7.47325
0.0365103 4.7825e-07 0.0571488 -7.30356
0.0365103 4.87739e-07 0.0572936 -7.13358
0.0365103 4.96314e-07 0.0574386 -6.96332
0.0365103 5.0585e-07 0.057584 -6.79278
0.0365103 5.15419e-07 0.0577297 -6.62197
0.0365103 5.25008e-07 0.0578757 -6.4509
0.0365103 5.33747e-07 0.0580221 -6.27958
0.0365104 5.43385e-07 0.0581688 -6.10801
0.0365104 5.53044e-07 0.0583157 -5.9362
0.0365104 5.61872e-07 0.058463 -5.76415
0.0365104 5.71578e-07 0.0586105 -5.59188
0.0365104 5.80906e-07 0.0587584 -5.41938
0.0365104 5.90259e-07 0.0589065 -5.24667
0.0365104 5.99639e-07 0.0590549 -5.07376
0.0365104 6.09433e-07 0.0592036 -4.90064
0.0365104 6.19232e-07 0.0593525 -4.72733
0.0365104 6.28243e-07 0.0595017 -4.55384
0.0365104 6.38083e-07 0.0596512 -4.38016
0.0365104 6.4721e-07 0.0598009 -4.20631
0.0365104 6.5708e-07 0.0599508 -4.0323
0.0365104 6.66619e-07 0.060101 -3.85813
0.0365104 6.76513e-07 0.0602514 -3.6838
0.0365104 8.21202e-07 0.060402 -3.50933
0.0365105 8.34207e-07 0.0605529 -3.33472
0.0365105 8.4585e-07 0.0607039 -3.15998
0.0365105 8.57575e-07 0.0608552 -2.98511
0.0365105 8.7007e-07 0.0610067 -2.81013
0.0365105 8.81946e-07 0.0611583 -2.63503
0.0365105 8.94081e-07 0.0613101 -2.45983
0.0365105 9.05983e-07 0.0614621 -2.28454
0.0365105 9.18408e-07 0.0616143 -2.10915
0.0365105 9.30367e-07 0.0617667 -1.93368
0.0365105 9.42803e-07 0.0619192 -1.75813
0.0365105 9.54701e-07 0.0620719 -1.58252
0.0365106 9.66862e-07 0.0622247 -1.40684
0.0365106 9.78744e-07 0.0623777 -1.23111
0.0365106 9.91205e-07 0.0625308 -1.05532
0.0365106 1.00305e-06 0.0626841 -0.879499
0.0365106 1.01552e-06 0.0628375 -0.703641
0.0365106 1.02766e-06 0.062991 -0.527754
0.0365106 1.03948e-06 0.0631447 -0.351847
0.0365106 1.05186e-06 0.0632984 -0.175926
0.0365106 1.06403e-06 0.0634523 1.96616e-06
0.0365106 1.17905e-06 0.0636063 0.17593
0.0365107 1.19119e-06 0.0637603 0.351851
0.0365107 1.20221e-06 0.0639145 0.527758
0.0365107 1.21344e-06 0.0640687 0.703645
0.0365107 1.22472e-06 0.064223 0.879503
0.0365107 1.23676e-06 0.0643774 1.05533
0.0365107 1.24805e-06 0.0645318 1.23111
0.0365107 1.25953e-06 0.0646862 1.40684
0.0365107 1.27064e-06 0.0648407 1.58252
0.0365108 1.28182e-06 0.0649953 1.75814
0.0365108 1.29327e-06 0.0651499 1.93368
0.0365108 1.30427e-06 0.0653045 2.10915
0.0365108 1.31568e-06 0.0654591 2.28454
0.0365108 1.22758e-06 0.0656138 2.45984
0.0365108 1.42478e-06 0.0657684 2.63503
0.0365108 1.43645e-06 0.0659231 2.81013
0.0365109 1.44621e-06 0.0660778 2.98511
0.0365109 1.45675e-06 0.0662325 3.15998
0.0365109 1.46684e-06 0.0663872 3.33472
0.0365109 1.47785e-06 0.0665418 3.50933
0.0365109 1.48835e-06 0.0666965 3.6838
0.0365109 1.49898e-06 0.0668511 3.85813
0.0365109 1.50934e-06 0.0670056 4.0323
0.036511 1.52034e-06 0.0671602 4.20632
0.036511 1.53144e-06 0.0673146 4.38017
0.036511 1.54198e-06 0.0674691 4.55384
0.036511 1.46621e-06 0.0676234 4.72734
0.036511 2.00883e-06 0.0677777 4.90065
0.036511 2.02373e-06 0.0679319 5.07376
0.0365111 2.03548e-06 0.068086 5.24668
0.0365111 2.04777e-06 0.06824 5.41939
0.0365111 2.06024e-06 0.0683939 5.59188
0.0365111 2.07292e-06 0.0685477 5.76416
0.0365111 2.25195e-06 0.0687014 5.9362
0.0365112 2.26576e-06 0.068855 6.10801
0.0365112 2.27937e-06 0.0690085 6.27958
0.0365112 2.29274e-06 0.0691618 6.45091
0.0365112 2.30641e-06 0.069315 6.62197
0.0365113 2.31965e-06 0.069468 6.79278
0.0365113 2.33314e-06 0.069621 6.96332
0.0365113 2.07041e-06 0.0697738 7.13358
0.0365113 2.08174e-06 0.0699264 7.30356
0.0365113 2.09554e-06 0.0700789 7.47326
0.0365114 2.10853e-06 0.0702313 7.64266
0.0365114 2.12104e-06 0.0703836 7.81175
0.0365114 2.13371e-06 0.0705357 7.98054
0.0365114 2.14676e-06 0.0706876 8.14901
0.0365115 2.15934e-06 0.0708394 8.31717
0.0365115 2.17187e-06 0.0709911 8.48499
0.0365115 2.18465e-06 0.0711425 8.65248
0.0365115 2.19757e-06 0.0712937 8.81962
0.0365115 2.20996e-06 0.0714447 8.98642
0.0365116 2.22276e-06 0.0715955 9.15287
0.0365116 2.23546e-06 0.0717461 9.31895
0.0365116 2.24819e-06 0.0718964 9.48466
0.0365116 2.26059e-06 0.0720464 9.65
0.0365117 2.27287e-06 0.0721962 9.81496
0.0365117 2.28578e-06 0.0723457 9.97953
0.0365117 2.29817e-06 0.0724949 10.1437
0.0365117 2.31061e-06 0.0726439 10.3075
0.0365117 2.32312e-06 0.0727925 10.4709
0.0365118 2.33565e-06 0.0729409 10.6338
0.0365118 2.34782e-06 0.073089 10.7964
0.0365118 2.36015e-06 0.0732368 10.9585
0.0365118 2.37251e-06 0.0733843 11.1201
0.0365119 2.38496e-06 0.0735316 11.2814
0.0365119 2.3972e-06 0.0736785 11.4422
0.0365119 2.40943e-06 0.0738252 11.6025
0.0365119 2.42157e-06 0.0739715 11.7624
0.036512 2.17955e-06 0.0741176 11.9218
0.036512 2.59594e-06 0.0742632 12.0808
0.036512 2.61253e-06 0.0744086 12.2392
0.036512 2.6288e-06 0.0745537 12.3972
0.0365121 2.64497e-06 0.0746984 12.5547
0.0365121 2.66141e-06 0.0748427 12.7117
0.0365121 2.67749e-06 0.0749867 12.8682
0.0365121 2.69396e-06 0.0751304 13.0242
0.0365122 2.71051e-06 0.0752737 13.1797
0.0365122 2.72772e-06 0.0754165 13.3347
0.0365122 2.74418e-06 0.0755591 13.4891
0.0365123 2.7611e-06 0.0757012 13.643
0.0365123 2.7779e-06 0.0758429 13.7964
0.0365123 2.79485e-06 0.0759843 13.9492
0.0365123 2.81173e-06 0.0761253 14.1015
0.0365124 2.82881e-06 0.0762658 14.2532
0.0365124 2.846e-06 0.076406 14.4043
0.0365124 2.86308e-06 0.0765457 14.5549
0.0365125 2.8803e-06 0.0766851 14.7049
0.0365125 2.89856e-06 0.076824 14.8543
0.0365125 2.91592e-06 0.0769625 15.0032
0.0365125 2.93352e-06 0.0771006 15.1514
0.0365126 2.95088e-06 0.0772383 15.299
0.0365126 2.9683e-06 0.0773755 15.4461
0.0365126 2.98696e-06 0.0775122 15.5925
0.0365127 3.00499e-06 0.0776485 15.7383
0.0365127 3.02262e-06 0.0777843 15.8835
0.0365127 3.0408e-06 0.0779197 16.0281
0.0365127 3.0592e-06 0.0780546 16.172
0.0365128 3.07723e-06 0.078189 16.3153
0.0365128 3.09518e-06 0.0783229 16.458
0.0365128 3.11425e-06 0.0784563 16.6
0.0365129 3.13238e-06 0.0785892 16.7413
0.0365129 3.15071e-06 0.0787217 16.882
0.0365129 3.1695e-06 0.0788536 17.0221
0.036513 3.18842e-06 0.078985 17.1614
0.036513 3.20684e-06 0.0791158 17.3001
0.036513 3.2256e-06 0.0792462 17.4381
0.0365131 3.24436e-06 0.0793761 17.5754
0.0365131 3.26308e-06 0.0795054 17.712
0.0365131 3.28239e-06 0.0796341 17.8479
0.0365132 3.30119e-06 0.0797624 17.9831
0.0365132 3.32019e-06 0.07989 18.1176
0.0365132 3.33929e-06 0.0800172 18.2513
0.0365133 3.35847e-06 0.0801438 18.3844
0.0365133 3.37687e-06 0.0802698 18.5167
0.0365133 3.39639e-06 0.0803952 18.6483
0.0365134 3.4156e-06 0.0805201 18.7792
0.0365134 3.43481e-06 0.0806444 18.9093
0.0365134 3.45433e-06 0.0807681 19.0387
0.0365135 3.47339e-06 0.0808913 19.1673
0.0365135 3.49311e-06 0.0810138 19.2952
0.0365135 3.51251e-06 0.0811358 19.4223
0.0365136 3.53233e-06 0.0812571 19.5486
0.0365136 3.5521e-06 0.0813779 19.6742
0.0365136 3.57234e-06 0.081498 19.799
0.0365137 3.59231e-06 0.0816175 19.923
0.0365137 3.61233e-06 0.0817364 20.0462
0.0365138 3.63215e-06 0.0818547 20.1687
0.0365138 3.65271e-06 0.0819723 20.2903
0.0365138 3.67281e-06 0.0820894 20.4111
0.0365139 3.69318e-06 0.0822057 20.5312
0.0365139 3.71348e-06 0.0823215 20.6504
0.0365139 3.7347e-06 0.0824366 20.7688
0.036514 3.75521e-06 0.082551 20.8864
0.036514 3.77572e-06 0.0826648 21.0031
0.0365141 3.79628e-06 0.0827779 21.119
0.0365141 3.81676e-06 0.0828903 21.2341
0.0365141 3.83814e-06 0.0830021 21.3484
0.0365142 3.85876e-06 0.0831132 21.4618
0.0365142 3.87956e-06 0.0832237 21.5744
0.0365142 3.9005e-06 0.0833334 21.6861
0.0365143 3.92234e-06 0.0834425 21.7969
0.0365143 3.9435e-06 0.0835509 21.9069
0.0365144 3.96485e-06 0.0836585 22.0161
0.0365144 3.98559e-06 0.0837655 22.1243
0.0365144 4.00725e-06 0.0838718 22.2317
0.0365145 4.02808e-06 0.0839773 22.3382
0.0365145 4.04964e-06 0.0840822 22.4439
0.0365146 4.0718e-06 0.0841863 22.5486
0.0365146 4.09315e-06 0.0842897 22.6525
0.0365146 4.11459e-06 0.0843924 22.7554
0.0365147 4.13572e-06 0.0844944 22.8575
0.0365147 4.15703e-06 0.0845956 22.9587
0.0365148 4.17896e-06 0.0846961 23.0589
0.0365148 4.2e-06 0.0847959 23.1583
0.0365149 4.22211e-06 0.0848949 23.2567
0.0365149 4.24404e-06 0.0849931 23.3542
0.0365149 4.26507e-06 0.0850906 23.4508
0.036515 4.28632e-06 0.0851874 23.5464
0.036515 4.30752e-06 0.0852834 23.6412
0.0365151 4.3288e-06 0.0853786 23.735
0.0365151 4.35075e-06 0.085473 23.8278
0.0365152 4.37238e-06 0.0855667 23.9198
0.0365152 4.39354e-06 0.0856596 24.0107
0.0365152 4.4154e-06 0.0857518 24.1008
0.0365153 4.4364e-06 0.0858431 24.1899
0.0365153 4.4573e-06 0.0859337 24.278
0.0365154 4.47813e-06 0.0860234 24.3651
0.0365154 4.50023e-06 0.0861124 24.4513
0.0365155 4.52117e-06 0.0862006 24.5366
0.0365155 4.54219e-06 0.086288 24.6209
0.0365156 4.56261e-06 0.0863746 24.7042
0.0365156 4.58355e-06 0.0864604 24.7865
0.0365157 4.60475e-06 0.0865453 24.8678
0.0365157 4.62521e-06 0.0866295 24.9482
0.0365157 4.64526e-06 0.0867128 25.0276
0.0365158 4.66587e-06 0.0867953 25.106
0.0365158 4.68577e-06 0.086877 25.1833
0.0365159 4.70543e-06 0.0869579 25.2598
0.0365159 4.7268e-06 0.0870379 25.3352
0.036516 4.7464e-06 0.0871171 25.4096
0.036516 4.76576e-06 0.0871955 25.483
0.0365161 4.78425e-06 0.087273 25.5554
0.0365161 4.80321e-06 0.0873497 25.6268
0.0365162 4.82363e-06 0.0874255 25.6971
0.0365162 4.84205e-06 0.0875005 25.7665
0.0365163 4.86032e-06 0.0875746 25.8348
0.0365163 4.87939e-06 0.0876479 25.9022
0.0365164 4.89729e-06 0.0877203 25.9685
0.0365164 4.91524e-06 0.0877919 26.0337
0.0365165 4.93233e-06 0.0878626 26.098
0.0365165 4.95003e-06 0.0879324 26.1612
0.0365166 4.96687e-06 0.0880014 26.2234
0.0365166 5.14204e-06 0.0880695 26.2845
0.0365167 5.16202e-06 0.0881367 26.3447
0.0365167 5.17608e-06 0.0882031 26.4037
0.0365168 5.19044e-06 0.0882685 26.4618
0.0365168 5.20425e-06 0.0883331 26.5188
0.0365169 5.22019e-06 0.0883968 26.5747
0.0365169 5.23374e-06 0.0884596 26.6296
0.036517 5.24702e-06 0.0885215 26.6834
0.036517 5.25917e-06 0.0885825 26.7362
0.0365171 5.27311e-06 0.0886426 26.7879
0.0365171 5.28472e-06 0.0887018 26.8386
0.0365172 5.29531e-06 0.0887601 26.8882
0.0365172 5.30576e-06 0.0888175 26.9368
0.0365173 5.31748e-06 0.0888741 26.9843
0.0365174 5.32713e-06 0.0889297 27.0307
0.0365174 5.33596e-06 0.0889844 27.076
0.0365175 5.34447e-06 0.0890383 27.1203
0.0365175 5.35471e-06 0.0890912 27.1635
0.0365176 5.36277e-06 0.0891432 27.2057
0.0365176 5.37059e-06 0.0891943 27.2468
0.0365177 5.37881e-06 0.0892445 27.2868
0.0365177 5.38709e-06 0.0892938 27.3257
0.0365178 5.39214e-06 0.0893421 27.3635
0.0365178 5.39734e-06 0.0893896 27.4003
0.0365179 5.40352e-06 0.0894361 27.4359
0.0365179 5.40862e-06 0.0894816 27.4705
0.036518 5.41183e-06 0.0895263 27.504
0.0365181 6.98092e-06 0.0895699 27.5365
0.0365181 7.01671e-06 0.0896126 27.5678
0.0365182 7.02215e-06 0.0896543 27.598
0.0365183 7.02557e-06 0.0896951 27.6272
0.0365183 7.0284e-06 0.0897349 27.6553
0.0365184 7.0299e-06 0.0897737 27.6822
0.0365185 7.03338e-06 0.0898115 27.7081
0.0365186 7.03566e-06 0.0898483 27.7329
0.0365186 7.03655e-06 0.0898842 27.7566
0.0365187 7.03556e-06 0.0899191 27.7792
0.0365188 7.03393e-06 0.0899531 27.8007
0.0365188 7.03307e-06 0.0899861 27.8211
0.0365189 7.0292e-06 0.0900182 27.8404
0.036519 7.02407e-06 0.0900495 27.8586
0.036519 7.01788e-06 0.0900799 27.8757
0.0365191 7.00911e-06 0.0901094 27.8917
0.0365192 7.0017e-06 0.090138 27.9066
0.0365193 6.9926e-06 0.0901657 27.9204
0.0365193 6.98216e-06 0.0901926 27.9332
0.0365194 6.97232e-06 0.0902185 27.9447
0.0365195 6.95571e-06 0.0902436 27.9552
0.0365195 6.94616e-06 0.0902677 27.9646
0.0365196 6.93679e-06 0.0902909 27.9729
0.0365197 6.91877e-06 0.0903131 27.9801
0.0365197 6.89456e-06 0.0903343 27.9862
0.0365198 6.87143e-06 0.0903545 27.9912
0.0365199 6.84917e-06 0.0903738 27.995
0.03652 6.81785e-06 0.090392 27.9978
0.03652 6.7895e-06 0.0904092 27.9994
0.0365201 6.75813e-06 0.0904253 28
0.0365202 6.72387e-06 0.0904405 27.9994
0.0365202 6.68947e-06 0.0904548 27.9978
0.0365203 6.65085e-06 0.090468 27.995
0.0365204 6.61234e-06 0.0904803 27.9912
0.0365204 6.56817e-06 0.0904915 27.9862
0.0365205 6.53079e-06 0.0905019 27.9801
0.0365205 6.48461e-06 0.0905112 27.9729
0.0365206 6.43834e-06 0.0905196 27.9646
0.0365207 6.39031e-06 0.090527 27.9552
0.0365207 6.34046e-06 0.0905334 27.9447
0.0365208 6.28942e-06 0.0905388 27.9331
0.0365209 6.23757e-06 0.0905433 27.9204
0.0365209 6.18016e-06 0.0905468 27.9066
0.036521 6.12273e-06 0.0905494 27.8917
0.0365211 6.06566e-06 0.090551 27.8757
0.0365211 6.00514e-06 0.0905516 27.8586
0.0365212 5.93746e-06 0.0905512 27.8404
0.0365212 5.87273e-06 0.0905498 27.8211
0.0365213 5.80455e-06 0.0905475 27.8007
0.0365213 5.73783e-06 0.0905442 27.7792
0.0365214 5.66286e-06 0.09054 27.7566
0.0365215 5.58931e-06 0.0905348 27.7329
0.0365215 5.51274e-06 0.0905286 27.7081
0.0365216 5.43227e-06 0.0905214 27.6822
0.0365216 5.35388e-06 0.0905133 27.6553
0.0365217 5.2719e-06 0.0905041 27.6272
0.0365217 5.18119e-06 0.0904941 27.598
0.0365218 5.09779e-06 0.090483 27.5678
0.0365218 5.01255e-06 0.090471 27.5365
0.0365219 4.91718e-06 0.090458 27.504
0.0365219 4.82126e-06 0.090444 27.4705
0.036522 4.72431e-06 0.0904291 27.4359
0.036522 4.6305e-06 0.0904132 27.4003
0.0365221 4.52592e-06 0.0903964 27.3635
0.0365221 4.42228e-06 0.0903785 27.3257
0.0365221 4.3199e-06 0.0903598 27.2868
0.0365222 4.21212e-06 0.09034 27.2468
0.0365222 4.10799e-06 0.0903193 27.2057
0.0365223 3.98716e-06 0.0902976 27.1635
0.0365223 3.87981e-06 0.090275 27.1203
0.0365223 3.7665e-06 0.0902514 27.076
0.0365224 3.64075e-06 0.0902268 27.0307
0.0365224 3.52604e-06 0.0902013 26.9843
0.0365225 3.40961e-06 0.0901748 26.9368
0.0365225 3.28494e-06 0.0901474 26.8882
0.0365225 3.15376e-06 0.090119 26.8386
0.0365225 3.02872e-06 0.0900896 26.7879
0.0365226 2.90478e-06 0.0900593 26.7362
0.0365226 2.78099e-06 0.090028 26.6834
0.0365226 2.63911e-06 0.0899958 26.6296
0.0365227 2.50186e-06 0.0899627 26.5747
0.0365227 2.36735e-06 0.0899285 26.5188
0.0365227 2.22612e-06 0.0898935 26.4618
0.0365227 2.09525e-06 0.0898575 26.4037
0.0365227 1.95062e-06 0.0898205 26.3447
0.0365228 1.80501e-06 0.0897826 26.2845
0.0365228 1.66588e-06 0.0897438 26.2234
0.0365228 1.51779e-06 0.089704 26.1612
0.0365228 1.37796e-06 0.0896633 26.098
0.0365228 1.2303e-06 0.0896216 26.0337
0.0365228 1.07965e-06 0.089579 25.9685
0.0365228 9.38002e-07 0.0895354 25.9022
0.0365228 7.892e-07 0.089491 25.8348
0.0365229 6.37089e-07 0.0894456 25.7665
0.0365229 5.09036e-07 0.0893992 25.6971
0.0365229 3.5963e-07 0.089352 25.6268
0.0365229 2.11281e-07 0.0893038 25.5554
0.0365229 5.54237e-08 0.0892547 25.483
0.0365229 -9.5496e-08 0.0892046 25.4096
0.0365229 -2.41886e-07 0.0891537 25.3352
0.0365229 -3.88215e-07 0.0891018 25.2597
0.0365229 -5.49975e-07 0.089049 25.1833
0.0365228 -7.02212e-07 0.0889952 25.1059
0.0365228 -8.40164e-07 0.0889406 25.0276
0.0365228 -1.00032e-06 0.0888851 24.9482
0.0365228 -1.16152e-06 0.0888286 24.8678
0.0365228 -1.30323e-06 0.0887712 24.7865
0.0365228 -1.46349e-06 0.088713 24.7042
0.0365228 -1.60537e-06 0.0886538 24.6209
0.0365228 -1.77531e-06 0.0885937 24.5366
0.0365227 -1.91512e-06 0.0885328 24.4513
0.0365227 -2.07456e-06 0.0884709 24.3651
0.0365227 -2.2348e-06 0.0884082 24.278
0.0365227 -2.38201e-06 0.0883445 24.1899
0.0365226 -2.54194e-06 0.08828 24.1008
0.0365226 -2.68319e-06 0.0882146 24.0107
0.0365226 -2.84524e-06 0.0881483 23.9198
0.0365226 -2.98165e-06 0.0880811 23.8278
0.0365225 -3.13363e-06 0.0880131 23.735
0.0365225 -3.30653e-06 0.0879442 23.6412
0.0365225 -3.44929e-06 0.0878744 23.5464
0.0365224 -3.58162e-06 0.0878037 23.4508
0.0365224 -3.74127e-06 0.0877322 23.3542
0.0365223 -3.88562e-06 0.0876598 23.2567
0.0365223 -4.02233e-06 0.0875866 23.1583
0.0365223 -4.17385e-06 0.0875124 23.0589
0.0365222 -4.31377e-06 0.0874375 22.9587
0.0365222 -4.46347e-06 0.0873617 22.8575
0.0365221 -4.58835e-06 0.087285 22.7554
0.0365221 -4.73017e-06 0.0872075 22.6525
0.036522 -4.87006e-06 0.0871291 22.5486
0.036522 -4.98771e-06 0.0870499 22.4439
0.0365219 -5.13688e-06 0.0869699 22.3382
0.0365219 -5.26475e-06 0.086889 22.2317
0.0365218 -5.36915e-06 0.0868073 22.1243
0.0365218 -5.49005e-06 0.0867248 22.0161
0.0365217 -5.61504e-06 0.0866414 21.9069
0.0365217 -5.72909e-06 0.0865573 21.7969
0.0365216 -5.84527e-06 0.0864723 21.6861
0.0365215 -5.97982e-06 0.0863865 21.5744
0.0365215 -6.08342e-06 0.0862998 21.4618
0.0365214 -6.19255e-06 0.0862124 21.3484
0.0365214 -6.29206e-06 0.0861242 21.2341
0.0365213 -6.40286e-06 0.0860352 21.119
0.0365212 -6.49075e-06 0.0859453 21.0031
0.0365212 -6.58574e-06 0.0858547 20.8864
0.0365211 -6.69458e-06 0.0857633 20.7688
0.036521 -6.77016e-06 0.0856711 20.6504
0.036521 -6.8814e-06 0.0855781 20.5311
0.0365209 -6.95243e-06 0.0854843 20.4111
0.0365208 -7.03738e-06 0.0853898 20.2903
0.0365207 -7.1031e-06 0.0852945 20.1687
0.0365207 -7.20891e-06 0.0851984 20.0462
0.0365206 -7.25487e-06 0.0851016 19.923
0.0365205 -7.33975e-06 0.085004 19.799
0.0365205 -7.37078e-06 0.0849056 19.6742
0.0365204 -7.4481e-06 0.0848065 19.5486
0.0365203 -7.52357e-06 0.0847067 19.4223
0.0365202 -7.5751e-06 0.0846061 19.2952
0.0365202 -7.62086e-06 0.0845048 19.1673
0.0365201 -7.65175e-06 0.0844027 19.0387
0.03652 -7.71105e-06 0.0842999 18.9093
0.0365199 -7.75661e-06 0.0841963 18.7792
0.0365198 -7.7966e-06 0.0840921 18.6483
0.0365198 -7.84497e-06 0.0839871 18.5167
0.0365197 -7.85178e-06 0.0838814 18.3844
0.0365196 -7.87552e-06 0.083775 18.2513
0.0365195 -7.89867e-06 0.0836679 18.1176
0.0365194 -7.90311e-06 0.0835601 17.9831
0.0365194 -7.95705e-06 0.0834516 17.8479
0.0365193 -7.93926e-06 0.0833424 17.712
0.0365192 -7.96268e-06 0.0832325 17.5754
0.0365191 -7.97439e-06 0.083122 17.4381
0.0365191 -7.98428e-06 0.0830107 17.3001
0.036519 -8.00252e-06 0.0828988 17.1614
0.0365189 -7.96714e-06 0.0827862 17.022
0.0365188 -7.96738e-06 0.0826729 16.882
0.0365187 -7.97654e-06 0.082559 16.7413
0.0365187 -7.95659e-06 0.0824444 16.6
0.0365186 -7.92651e-06 0.0823292 16.458
0.0365185 -7.89678e-06 0.0822133 16.3153
0.0365184 -7.90186e-06 0.0820968 16.172
0.0365183 -7.89157e-06 0.0819797 16.0281
0.0365183 -7.84444e-06 0.0818619 15.8835
0.0365182 -7.81276e-06 0.0817435 15.7383
0.0365181 -7.79974e-06 0.0816244 15.5925
0.036518 -7.77383e-06 0.0815048 15.4461
0.0365179 -7.74704e-06 0.0813845 15.299
0.0365179 -7.71917e-06 0.0812636 15.1514
0.0365178 -7.67938e-06 0.0811421 15.0031
0.0365177 -7.62977e-06 0.08102 14.8543
0.0365176 -7.58124e-06 0.0808974 14.7049
0.0365176 -7.54325e-06 0.0807741 14.5549
0.0365175 -7.4736e-06 0.0806502 14.4043
0.0365174 -7.43936e-06 0.0805258 14.2532
0.0365173 -7.40524e-06 0.0804008 14.1014
0.0365173 -7.33874e-06 0.0802752 13.9492
0.0365172 -7.2898e-06 0.0801491 13.7964
0.0365171 -7.21447e-06 0.0800224 13.643
0.0365171 -7.16835e-06 0.0798951 13.4891
0.036517 -7.09083e-06 0.0797673 13.3347
0.0365169 -7.07109e-06 0.079639 13.1797
0.0365168 -6.99661e-06 0.0795101 13.0242
0.0365168 -6.92023e-06 0.0793807 12.8682
0.0365167 -6.8833e-06 0.0792507 12.7117
0.0365166 -6.804e-06 0.0791203 12.5547
0.0365166 -6.74469e-06 0.0789893 12.3972
0.0365165 -6.66255e-06 0.0788578 12.2392
0.0365164 -6.60424e-06 0.0787257 12.0808
0.0365164 -6.5348e-06 0.0785932 11.9218
0.0365163 -6.47038e-06 0.0784602 11.7624
0.0365162 -6.41446e-06 0.0783267 11.6025
0.0365162 -6.32785e-06 0.0781927 11.4422
0.0365161 -6.25257e-06 0.0780582 11.2814
0.0365161 -6.21045e-06 0.0779233 11.1201
0.036516 -6.12888e-06 0.0777879 10.9585
0.0365159 -6.06559e-06 0.077652 10.7963
0.0365159 -5.99153e-06 0.0775156 10.6338
0.0365158 -5.93272e-06 0.0773788 10.4709
0.0365158 -5.8623e-06 0.0772416 10.3075
0.0365157 -5.77105e-06 0.0771039 10.1437
0.0365156 -5.71785e-06 0.0769658 9.97953
0.0365156 -5.63502e-06 0.0768272 9.81496
0.0365155 -5.56289e-06 0.0766882 9.65
0.0365155 -5.50524e-06 0.0765488 9.48466
0.0365154 -5.43749e-06 0.076409 9.31894
0.0365154 -5.34713e-06 0.0762687 9.15286
0.0365153 -5.30874e-06 0.0761281 8.98642
0.0365153 -5.23683e-06 0.0759871 8.81962
0.0365152 -5.15495e-06 0.0758456 8.65247
0.0365152 -5.07923e-06 0.0757038 8.48498
0.0365151 -5.01624e-06 0.0755616 8.31716
0.0365151 -4.95602e-06 0.075419 8.14901
0.036515 -4.89812e-06 0.075276 7.98054
0.036515 -4.83262e-06 0.0751327 7.81175
0.0365149 -4.77902e-06 0.074989 7.64265
0.0365149 -4.72049e-06 0.0748449 7.47325
0.0365148 -4.65462e-06 0.0747005 7.30356
0.0365148 -4.57575e-06 0.0745558 7.13358
0.0365147 -4.51272e-06 0.0744107 6.96331
0.0365147 -4.44912e-06 0.0742653 6.79278
0.0365146 -4.4072e-06 0.0741195 6.62197
0.0365146 -4.32061e-06 0.0739734 6.4509
0.0365146 -4.24747e-06 0.0738271 6.27958
0.0365145 -4.216e-06 0.0736804 6.10801
0.0365145 -4.13951e-06 0.0735334 5.9362
0.0365144 -4.07444e-06 0.0733861 5.76415
0.0365144 -4.00436e-06 0.0732385 5.59188
0.0365143 -3.95285e-06 0.0730906 5.41938
0.0365143 -3.89664e-06 0.0729425 5.24667
0.0365143 -3.84884e-06 0.072794 5.07376
0.0365142 -3.79822e-06 0.0726453 4.90064
0.0365142 -3.7508e-06 0.0724964 4.72733
0.0365142 -3.70311e-06 0.0723471 4.55384
0.0365141 -3.6296e-06 0.0721977 4.38016
0.0365141 -3.59797e-06 0.0720479 4.20631
0.036514 -3.5191e-06 0.071898 4.0323
0.036514 -3.47842e-06 0.0717478 3.85812
0.036514 -3.42783e-06 0.0715973 3.6838
0.0365139 -3.37557e-06 0.0714467 3.50933
0.0365139 -3.31729e-06 0.0712958 3.33472
0.0365139 -3.26458e-06 0.0711448 3.15998
0.0365138 -3.23915e-06 0.0709935 2.98511
0.0365138 -3.1732e-06 0.070842 2.81012
0.0365138 -3.13825e-06 0.0706903 2.63503
0.0365138 -3.08542e-06 0.0705385 2.45983
0.0365137 -3.04419e-06 0.0703864 2.28453
0.0365137 -2.99676e-06 0.0702342 2.10915
0.0365137 -2.94664e-06 0.0700818 1.93368
0.0365136 -2.91436e-06 0.0699292 1.75813
0.0365136 -2.86201e-06 0.0697765 1.58252
0.0365136 -2.82945e-06 0.0696237 1.40684
0.0365136 -2.78817e-06 0.0694707 1.2311
0.0365135 -2.75793e-06 0.0693175 1.05532
0.0365135 -2.70243e-06 0.0691642 0.879498
0.0365135 -2.66589e-06 0.0690108 0.703639
0.0365134 -2.63453e-06 0.0688573 0.527753
0.0365134 -2.59703e-06 0.0687036 0.351846
0.0365134 -2.54642e-06 0.0685499 0.175925
0.0365134 -2.51769e-06 0.068396 -3.27694e-06
0.0365133 -2.4845e-06 0.0682421 -0.175931
0.0365133 -2.45197e-06 0.068088 -0.351852
0.0365133 -2.41055e-06 0.0679339 -0.52776
0.0365133 -2.39091e-06 0.0677797 -0.703646
0.0365132 -2.35191e-06 0.0676254 -0.879505
0.0365132 -2.48864e-06 0.0674711 -1.05533
0.0365132 -1.38826e-06 0.0673166 -1.23111
0.0365132 -1.39872e-06 0.0671621 -1.40684
0.0365132 -1.41262e-06 0.0670076 -1.58252
0.0365132 -1.42886e-06 0.066853 -1.75814
0.0365131 -1.43863e-06 0.0666983 -1.93368
0.0365131 -1.45396e-06 0.0665436 -2.10915
0.0365131 -1.46523e-06 0.0663888 -2.28454
0.0365131 -1.48165e-06 0.066234 -2.45984
0.0365131 -1.49423e-06 0.0660792 -2.63504
0.0365131 -1.50469e-06 0.0659243 -2.81013
0.0365131 -1.5157e-06 0.0657695 -2.98512
0.036513 -1.52839e-06 0.0656147 -3.15998
0.036513 -1.54291e-06 0.06546 -3.33472
0.036513 -1.55351e-06 0.0653053 -3.50933
0.036513 -1.56189e-06 0.0651507 -3.68381
0.036513 -1.57491e-06 0.0649962 -3.85813
0.036513 -1.5849e-06 0.0648417 -4.03231
0.036513 -1.59397e-06 0.0646873 -4.20632
0.0365129 -1.60503e-06 0.064533 -4.38017
0.0365129 -1.60981e-06 0.0643788 -4.55384
0.0365129 -1.62355e-06 0.0642247 -4.72734
0.0365129 -1.63078e-06 0.0640707 -4.90065
0.0365129 -1.63921e-06 0.0639167 -5.07376
0.0365129 -1.65026e-06 0.0637628 -5.24668
0.0365128 -1.6556e-06 0.0636089 -5.41939
0.0365128 -1.66532e-06 0.0634551 -5.59188
0.0365128 -1.66706e-06 0.0633014 -5.76416
0.0365128 -1.67438e-06 0.0631478 -5.9362
0.0365128 -1.68407e-06 0.0629942 -6.10801
0.0365128 -1.6865e-06 0.0628407 -6.27958
0.0365127 -1.69276e-06 0.0626873 -6.45091
0.0365127 -1.70061e-06 0.0625341 -6.62198
0.0365127 -1.70274e-06 0.0623809 -6.79278
0.0365127 -1.71154e-06 0.0622279 -6.96332
0.0365127 -1.71556e-06 0.062075 -7.13358
0.0365127 -1.71589e-06 0.0619223 -7.30357
0.0365126 -1.72157e-06 0.0617697 -7.47326
0.0365126 -1.7255e-06 0.0616173 -7.64266
0.0365126 -1.7256e-06 0.0614651 -7.81175
0.0365126 -1.72937e-06 0.0613131 -7.98054
0.0365126 -1.73279e-06 0.0611612 -8.14902
0.0365125 -1.72865e-06 0.0610095 -8.31717
0.0365125 -1.73173e-06 0.060858 -8.48499
0.0365125 -1.73232e-06 0.0607067 -8.65248
0.0365125 -1.72987e-06 0.0605556 -8.81963
0.0365125 -1.73426e-06 0.0604048 -8.98642
0.0365125 -1.73105e-06 0.0602541 -9.15287
0.0365124 -1.73592e-06 0.0601037 -9.31895
0.0365124 -1.73173e-06 0.0599535 -9.48466
0.0365124 -1.73264e-06 0.0598035 -9.65001
0.0365124 -1.73299e-06 0.0596538 -9.81496
0.0365124 -1.72821e-06 0.0595043 -9.97954
0.0365124 -1.7298e-06 0.0593551 -10.1437
0.0365123 -1.72592e-06 0.0592061 -10.3075
0.0365123 -1.72726e-06 0.0590574 -10.4709
0.0365123 -1.72145e-06 0.058909 -10.6338
0.0365123 -1.71912e-06 0.0587608 -10.7964
0.0365123 -1.71313e-06 0.058613 -10.9585
0.0365123 -1.71589e-06 0.0584654 -11.1201
0.0365122 -1.71168e-06 0.0583181 -11.2814
0.0365122 -1.7085e-06 0.0581711 -11.4422
0.0365122 -1.70092e-06 0.0580245 -11.6025
0.0365122 -1.70208e-06 0.0578781 -11.7624
0.0365122 -1.69616e-06 0.0577321 -11.9218
0.0365122 -1.68871e-06 0.0575863 -12.0808
0.0365121 -1.6825e-06 0.0574409 -12.2392
0.0365121 -1.68316e-06 0.0572959 -12.3972
0.0365121 -1.67355e-06 0.0571512 -12.5547
0.0365121 -1.66741e-06 0.0570068 -12.7117
0.0365121 -1.66444e-06 0.0568628 -12.8682
0.0365121 -1.65596e-06 0.0567191 -13.0242
0.036512 -1.64687e-06 0.0565758 -13.1797
0.036512 -1.63979e-06 0.0564329 -13.3347
0.036512 -1.63543e-06 0.0562903 -13.4891
0.036512 -1.62552e-06 0.0561482 -13.643
0.036512 -1.61843e-06 0.0560064 -13.7964
0.036512 -1.6066e-06 0.055865 -13.9492
0.0365119 -1.60454e-06 0.055724 -14.1015
0.0365119 -1.59864e-06 0.0555834 -14.2532
0.0365119 -1.58526e-06 0.0554432 -14.4043
0.0365119 -1.58199e-06 0.0553034 -14.5549
0.0365119 -1.57349e-06 0.0551641 -14.7049
0.0365118 -2.4941e-06 0.0550252 -14.8543
0.0365118 -1.66627e-06 0.0548867 -15.0032
0.0365118 -1.65569e-06 0.0547486 -15.1514
0.0365118 -1.64937e-06 0.0546111 -15.299
0.0365118 -1.64651e-06 0.0544739 -15.4461
0.0365118 -1.64356e-06 0.0543372 -15.5925
0.0365117 -1.63598e-06 0.054201 -15.7383
0.0365117 -1.62972e-06 0.0540653 -15.8835
0.0365117 -1.62941e-06 0.05393 -16.0281
0.0365117 -1.6208e-06 0.0537951 -16.172
0.0365117 -1.61317e-06 0.0536608 -16.3153
0.0365117 -1.61082e-06 0.0535269 -16.458
0.0365117 -1.60261e-06 0.0533935 -16.6
0.0365116 -1.20286e-06 0.0532605 -16.7413
0.0365116 -1.20098e-06 0.0531281 -16.882
0.0365116 -1.19875e-06 0.0529961 -17.0221
0.0365116 -1.19794e-06 0.0528647 -17.1614
0.0365116 -1.19564e-06 0.0527337 -17.3001
0.0365116 -1.19634e-06 0.0526033 -17.4381
0.0365116 -1.19224e-06 0.0524733 -17.5754
0.0365116 -7.83044e-07 0.0523439 -17.712
0.0365116 -7.90294e-07 0.052215 -17.8479
0.0365115 -7.97972e-07 0.0520867 -17.9831
0.0365115 -8.03781e-07 0.0519589 -18.1176
0.0365115 -8.11428e-07 0.0518317 -18.2513
0.0365115 -9.03771e-07 0.051705 -18.3844
0.0365115 -9.07913e-07 0.0515789 -18.5167
0.0365115 -9.11937e-07 0.0514534 -18.6483
0.0365115 -9.14605e-07 0.0513285 -18.7792
0.0365115 -9.17687e-07 0.0512042 -18.9093
0.0365115 -9.20568e-07 0.0510805 -19.0387
0.0365115 -9.24159e-07 0.0509573 -19.1673
0.0365115 -9.27643e-07 0.0508349 -19.2952
0.0365114 -9.298e-07 0.050713 -19.4223
0.0365114 -9.32439e-07 0.0505917 -19.5486
0.0365114 -9.33839e-07 0.0504711 -19.6742
0.0365114 -9.35181e-07 0.0503511 -19.799
0.0365114 -9.40743e-07 0.0502317 -19.923
0.0365114 -9.41252e-07 0.050113 -20.0462
0.0365114 -9.44483e-07 0.0499949 -20.1687
0.0365114 -9.4441e-07 0.0498774 -20.2903
0.0365114 -9.47446e-07 0.0497605 -20.4111
0.0365114 -9.47589e-07 0.0496442 -20.5312
0.0365114 -9.49604e-07 0.0495286 -20.6504
0.0365113 -9.47574e-07 0.0494136 -20.7688
0.0365113 -9.48932e-07 0.0492993 -20.8864
0.0365113 -9.5138e-07 0.0491855 -21.0031
0.0365113 -9.49927e-07 0.0490725 -21.119
0.0365113 -9.51414e-07 0.04896 -21.2341
0.0365113 -5.24551e-07 0.0488482 -21.3484
0.0365113 -5.29658e-07 0.0487371 -21.4618
0.0365113 -5.37083e-07 0.0486267 -21.5744
0.0365113 -5.44558e-07 0.0485169 -21.6861
0.0365113 -5.48864e-07 0.0484079 -21.7969
0.0365113 -5.55363e-07 0.0482994 -21.9069
0.0365113 -5.61526e-07 0.0481917 -22.0161
0.0365113 -5.66845e-07 0.0480847 -22.1243
0.0365113 -5.71725e-07 0.0479783 -22.2317
0.0365112 -5.7775e-07 0.0478727 -22.3382
0.0365112 -5.84518e-07 0.0477678 -22.4439
0.0365112 -5.88555e-07 0.0476636 -22.5486
0.0365112 -5.93982e-07 0.0475602 -22.6525
0.0365112 -5.98303e-07 0.0474575 -22.7554
0.0365112 -6.02093e-07 0.0473555 -22.8575
0.0365112 -6.06737e-07 0.0472543 -22.9587
0.0365112 -6.09359e-07 0.0471539 -23.0589
0.0365112 -6.14276e-07 0.0470542 -23.1583
0.0365112 -6.19976e-07 0.0469553 -23.2567
0.0365112 -6.23984e-07 0.0468571 -23.3542
0.0365112 -6.27722e-07 0.0467597 -23.4508
0.0365112 -4.55538e-07 0.0466631 -23.5465
0.0365112 -4.60153e-07 0.0465672 -23.6412
0.0365112 -4.63747e-07 0.0464721 -23.735
0.0365112 -4.6914e-07 0.0463778 -23.8278
0.0365112 -4.75542e-07 0.0462842 -23.9198
0.0365112 -4.80224e-07 0.0461913 -24.0107
0.0365112 -4.82353e-07 0.0460992 -24.1008
0.0365111 -4.85629e-07 0.0460079 -24.1899
0.0365111 -4.90763e-07 0.0459174 -24.278
0.0365111 -4.96394e-07 0.0458276 -24.3651
0.0365111 -5.00981e-07 0.0457386 -24.4514
0.0365111 -5.01427e-07 0.0456505 -24.5366
0.0365111 -5.05395e-07 0.0455631 -24.6209
0.0365111 -5.08972e-07 0.0454765 -24.7042
0.0365111 -5.14081e-07 0.0453908 -24.7865
0.0365111 -5.17253e-07 0.0453058 -24.8678
0.0365111 -5.20275e-07 0.0452217 -24.9482
0.0365111 -5.21432e-07 0.0451384 -25.0276
0.0365111 -5.24914e-07 0.045056 -25.106
0.0365111 -5.27182e-07 0.0449744 -25.1833
0.0365111 -5.31006e-07 0.0448936 -25.2598
0.0365111 -5.34094e-07 0.0448136 -25.3352
0.0365111 -5.34653e-07 0.0447345 -25.4096
0.0365111 -5.35395e-07 0.0446562 -25.483
0.0365111 -5.38204e-07 0.0445787 -25.5554
0.0365111 -5.39506e-07 0.0445021 -25.6268
0.036511 -5.43279e-07 0.0444263 -25.6971
0.036511 -5.45207e-07 0.0443514 -25.7665
0.036511 -5.4473e-07 0.0442773 -25.8348
0.036511 -5.46417e-07 0.0442041 -25.9022
0.036511 -5.47124e-07 0.0441317 -25.9685
0.036511 -5.48565e-07 0.0440602 -26.0337
0.036511 -5.50881e-07 0.0439895 -26.098
0.036511 -5.49267e-07 0.0439197 -26.1612
0.036511 -5.50398e-07 0.0438508 -26.2234
0.036511 -5.51022e-07 0.0437827 -26.2845
0.036511 -5.51776e-07 0.0437156 -26.3447
0.036511 -5.51603e-07 0.0436493 -26.4037
0.036511 -5.50459e-07 0.0435838 -26.4618
0.036511 -5.52978e-07 0.0435193 -26.5188
0.036511 -5.50839e-07 0.0434556 -26.5747
0.036511 -5.50444e-07 0.0433928 -26.6296
0.036511 -5.50772e-07 0.043331 -26.6834
0.036511 -5.49355e-07 0.04327 -26.7362
0.0365109 -5.48298e-07 0.0432099 -26.7879
0.0365109 -5.49779e-07 0.0431507 -26.8386
0.0365109 -5.49592e-07 0.0430924 -26.8882
0.0365109 -5.46012e-07 0.043035 -26.9368
0.0365109 -5.45618e-07 0.0429785 -26.9843
0.0365109 -5.42594e-07 0.0429229 -27.0307
0.0365109 -5.42265e-07 0.0428682 -27.076
0.0365109 -5.43098e-07 0.0428144 -27.1203
0.0365109 -5.40589e-07 0.0427616 -27.1635
0.0365109 -5.39645e-07 0.0427096 -27.2057
0.0365109 -7.22467e-07 0.0426586 -27.2468
0.0365109 -7.21919e-07 0.0426085 -27.2868
0.0365109 -7.19804e-07 0.0425593 -27.3257
0.0365109 -7.18431e-07 0.042511 -27.3635
0.0365109 -7.14284e-07 0.0424637 -27.4003
0.0365109 -7.13993e-07 0.0424173 -27.4359
0.0365108 -7.10787e-07 0.0423719 -27.4705
0.0365108 -7.08165e-07 0.0423273 -27.504
0.0365108 -7.05348e-07 0.0422837 -27.5365
0.0365108 -7.03873e-07 0.0422411 -27.5678
0.0365108 -6.99273e-07 0.0421994 -27.598
0.0365108 -6.96622e-07 0.0421586 -27.6272
0.0365108 -6.9336e-07 0.0421187 -27.6553
0.0365108 -6.92107e-07 0.0420798 -27.6822
0.0365108 -6.86172e-07 0.0420418 -27.7081
0.0365108 -6.83919e-07 0.0420047 -27.7329
0.0365108 -6.77818e-07 0.0419686 -27.7566
0.0365108 -6.75145e-07 0.0419334 -27.7792
0.0365108 -6.71131e-07 0.0418992 -27.8007
0.0365108 -6.67545e-07 0.0418659 -27.8211
0.0365108 -6.63298e-07 0.0418335 -27.8404
0.0365107 -6.5868e-07 0.0418021 -27.8586
0.0365107 -6.55365e-07 0.0417716 -27.8757
0.0365107 -6.48851e-07 0.0417421 -27.8917
0.0365107 -6.44849e-07 0.0417136 -27.9066
0.0365107 -6.39093e-07 0.041686 -27.9204
0.0365107 -6.32887e-07 0.0416594 -27.9332
0.0365107 -6.28145e-07 0.0416337 -27.9447
0.0365107 -6.24574e-07 0.041609 -27.9552
0.0365107 -6.16293e-07 0.0415853 -27.9646
0.0365107 -6.11571e-07 0.0415625 -27.9729
0.0365107 -6.07609e-07 0.0415407 -27.9801
0.0365107 -5.98885e-07 0.0415198 -27.9862
0.0365107 -8.18915e-07 0.0415 -27.9912
0.0365107 -5.85301e-07 0.041481 -27.995
0.0365107 -5.7839e-07 0.0414631 -27.9978
0.0365107 -5.72715e-07 0.0414461 -27.9994
0.0365106 -5.67401e-07 0.0414301 -28
0.0365106 -5.58879e-07 0.0414151 -27.9994
0.0365106 -5.5161e-07 0.041401 -27.9978
0.0365106 -5.45589e-07 0.0413879 -27.995
0.0365106 -7.50061e-07 0.0413758 -27.9912
0.0365106 -7.40538e-07 0.0413646 -27.9862
0.0365106 -5.86564e-07 0.0413544 -27.9801
0.0365106 -5.76688e-07 0.0413451 -27.9729
0.0365106 -5.69215e-07 0.0413369 -27.9646
0.0365106 -5.58439e-07 0.0413296 -27.9552
0.0365106 -5.49874e-07 0.0413233 -27.9447
0.0365106 -5.42074e-07 0.0413179 -27.9331
0.0365106 -5.325e-07 0.0413136 -27.9204
0.0365106 -5.24875e-07 0.0413102 -27.9066
0.0365106 -5.14505e-07 0.0413077 -27.8917
0.0365106 -5.04383e-07 0.0413062 -27.8757
0.0365106 -4.95635e-07 0.0413057 -27.8586
0.0365105 -4.86439e-07 0.0413062 -27.8404
0.0365105 -4.75933e-07 0.0413077 -27.8211
0.0365105 -4.66909e-07 0.0413101 -27.8007
0.0365105 -4.56821e-07 0.0413134 -27.7792
0.0365105 -4.49964e-07 0.0413178 -27.7566
0.0365105 -4.37938e-07 0.0413231 -27.7329
0.0365105 -4.27422e-07 0.0413294 -27.7081
0.0365105 -4.18804e-07 0.0413367 -27.6822
0.0365105 -4.08015e-07 0.0413449 -27.6553
0.0365105 -4.00457e-07 0.0413541 -27.6272
0.0365105 -3.89147e-07 0.0413643 -27.598
0.0365105 -3.79296e-07 0.0413754 -27.5678
0.0365105 -3.69171e-07 0.0413876 -27.5365
0.0365105 -3.57659e-07 0.0414007 -27.504
0.0365105 -3.49437e-07 0.0414147 -27.4705
0.0365105 -3.4138e-07 0.0414298 -27.4359
0.0365105 -3.29668e-07 0.0414458 -27.4003
0.0365105 -3.19628e-07 0.0414627 -27.3635
0.0365105 -3.09244e-07 0.0414807 -27.3257
0.0365105 -2.05579e-07 0.0414996 -27.2868
0.0365105 -1.98596e-07 0.0415194 -27.2468
0.0365105 -1.88838e-07 0.0415402 -27.2057
0.0365105 -1.81688e-07 0.041562 -27.1635
0.0365105 -1.74391e-07 0.0415848 -27.1203
0.0365105 -1.64863e-07 0.0416085 -27.076
0.0365105 -1.57447e-07 0.0416331 -27.0307
0.0365105 -1.47812e-07 0.0416587 -26.9843
0.0365105 -1.40198e-07 0.0416853 -26.9368
0.0365105 -1.30437e-07 0.0417128 -26.8882
0.0365105 -1.22848e-07 0.0417413 -26.8386
0.0365105 -4.19013e-07 0.0417708 -26.7879
0.0365105 -2.80415e-07 0.0418012 -26.7362
0.0365105 -2.77734e-07 0.0418326 -26.6834
0.0365104 -2.7398e-07 0.0418649 -26.6296
0.0365104 -4.05956e-07 0.0418982 -26.5747
0.0365104 -4.0183e-07 0.0419324 -26.5188
0.0365104 -6.07576e-07 0.0419677 -26.4618
0.0365104 -6.03943e-07 0.0420038 -26.4037
0.0365104 -6.01031e-07 0.042041 -26.3447
0.0365104 -5.97811e-07 0.0420791 -26.2845
0.0365104 -5.94295e-07 0.0421181 -26.2234
0.0365104 -5.90738e-07 0.0421581 -26.1612
0.0365104 -5.87144e-07 0.042199 -26.098
0.0365104 -5.83488e-07 0.0422409 -26.0337
0.0365104 -5.79768e-07 0.0422837 -25.9685
0.0365104 -5.75986e-07 0.0423274 -25.9022
0.0365104 -5.72148e-07 0.042372 -25.8348
0.0365104 -4.33292e-07 0.0424175 -25.7665
0.0365104 -4.29502e-07 0.0424639 -25.6971
0.0365104 -4.25053e-07 0.0425113 -25.6268
0.0365104 -4.20754e-07 0.0425595 -25.5554
0.0365104 -4.16605e-07 0.0426086 -25.483
0.0365103 -4.12389e-07 0.0426587 -25.4096
0.0365103 -4.08106e-07 0.0427096 -25.3352
0.0365103 -4.03773e-07 0.0427614 -25.2597
0.0365103 -3.99396e-07 0.0428142 -25.1833
0.0365103 -3.94972e-07 0.0428678 -25.1059
0.0365103 -5.29616e-07 0.0429224 -25.0276
0.0365103 -5.24771e-07 0.0429779 -24.9482
0.0365103 -5.20541e-07 0.0430343 -24.8678
0.0365103 -5.16041e-07 0.0430916 -24.7865
0.0365103 -5.11283e-07 0.0431498 -24.7042
0.0365103 -5.06496e-07 0.043209 -24.6209
0.0365103 -5.01669e-07 0.0432691 -24.5366
0.0365103 -4.96787e-07 0.0433301 -24.4513
0.0365103 -3.48985e-07 0.0433919 -24.3651
0.0365103 -3.44381e-07 0.0434547 -24.278
0.0365103 -3.39091e-07 0.0435184 -24.1899
0.0365103 -3.33973e-07 0.043583 -24.1008
0.0365103 -3.29017e-07 0.0436484 -24.0107
0.0365103 -3.23997e-07 0.0437148 -23.9198
0.0365103 -3.18914e-07 0.0437819 -23.8278
0.0365103 -3.13793e-07 0.04385 -23.735
0.0365103 -3.08631e-07 0.0439189 -23.6412
0.0365103 -3.0343e-07 0.0439886 -23.5464
0.0365103 -2.98185e-07 0.0440593 -23.4508
0.0365103 -2.92896e-07 0.0441307 -23.3542
0.0365103 -2.8757e-07 0.0442031 -23.2567
0.0365102 -2.82204e-07 0.0442762 -23.1583
0.0365102 -2.76797e-07 0.0443503 -23.0589
0.0365102 -2.71353e-07 0.0444252 -22.9587
0.0365102 -2.65869e-07 0.044501 -22.8575
0.0365102 -2.60341e-07 0.0445776 -22.7554
0.0365102 -2.5478e-07 0.0446551 -22.6525
0.0365102 -2.4918e-07 0.0447334 -22.5486
0.0365102 -2.43539e-07 0.0448125 -22.4439
0.0365102 -2.37862e-07 0.0448926 -22.3382
0.0365102 -2.32148e-07 0.0449734 -22.2317
0.0365102 -2.26398e-07 0.0450551 -22.1243
0.0365102 -2.20611e-07 0.0451375 -22.0161
0.0365102 -2.14785e-07 0.0452209 -21.9069
0.0365102 -2.09191e-07 0.045305 -21.7969
0.0365102 -2.03689e-07 0.0453899 -21.6861
0.0365102 -1.98149e-07 0.0454756 -21.5744
0.0365102 -1.92573e-07 0.0455622 -21.4618
0.0365102 -1.86962e-07 0.0456495 -21.3484
0.0365102 -1.81317e-07 0.0457377 -21.2341
0.0365102 -1.75636e-07 0.0458266 -21.119
0.0365102 -1.6992e-07 0.0459164 -21.0031
0.0365102 -1.64168e-07 0.0460069 -20.8863
0.0365102 -1.58384e-07 0.0460982 -20.7688
0.0365102 -1.52565e-07 0.0461903 -20.6504
0.0365102 -1.46711e-07 0.0462831 -20.5311
0.0365102 -1.40822e-07 0.0463768 -20.4111
0.0365102 -1.34905e-07 0.0464712 -20.2903
0.0365102 -1.28949e-07 0.0465664 -20.1686
0.0365102 -1.22965e-07 0.0466623 -20.0462
0.0365102 -1.16948e-07 0.046759 -19.923
0.0365102 -1.10898e-07 0.0468565 -19.799
0.0365102 -1.04819e-07 0.0469547 -19.6742
0.0365102 -9.87082e-08 0.0470537 -19.5486
0.0365102 -9.25671e-08 0.0471534 -19.4223
0.0365102 -8.63957e-08 0.0472539 -19.2952
0.0365102 -8.01966e-08 0.0473551 -19.1673
0.0365102 -7.39631e-08 0.047457 -19.0387
0.0365102 -6.77054e-08 0.0475596 -18.9093
0.0365102 -2.0172e-07 0.047663 -18.7792
0.0365102 -1.94348e-07 0.0477671 -18.6483
0.0365102 -1.87611e-07 0.0478719 -18.5167
0.0365102 -1.80626e-07 0.0479775 -18.3844
0.0365102 -1.73403e-07 0.0480837 -18.2513
0.0365102 -1.6616e-07 0.0481907 -18.1176
0.0365102 -1.58898e-07 0.0482983 -17.9831
0.0365102 -1.51602e-07 0.0484067 -17.8479
0.0365102 -1.44267e-07 0.0485158 -17.712
0.0365102 -1.36898e-07 0.0486255 -17.5754
0.0365102 -1.29496e-07 0.0487359 -17.4381
0.0365102 1.48796e-08 0.048847 -17.3001
0.0365102 2.12164e-08 0.0489588 -17.1614
0.0365102 2.81989e-08 0.0490712 -17.022
0.0365102 3.50038e-08 0.0491843 -16.882
0.0365102 4.16281e-08 0.049298 -16.7413
0.0365102 4.82931e-08 0.0494124 -16.6
0.0365102 5.50032e-08 0.0495274 -16.458
0.0365102 6.17338e-08 0.0496431 -16.3153
0.0365102 6.84851e-08 0.0497594 -16.172
0.0365102 7.52611e-08 0.0498763 -16.0281
0.0365102 8.2055e-08 0.0499939 -15.8835
0.0365102 8.93308e-08 0.0501121 -15.7383
0.0365102 9.70964e-08 0.0502309 -15.5925
0.0365102 1.04888e-07 0.0503503 -15.4461
0.0365102 1.12698e-07 0.0504704 -15.299
0.0365102 1.20524e-07 0.0505911 -15.1514
0.0365102 1.28375e-07 0.0507124 -15.0031
0.0365102 1.36238e-07 0.0508343 -14.8543
0.0365102 1.44127e-07 0.0509569 -14.7049
0.0365102 1.52027e-07 0.05108 -14.5549
0.0365102 1.59952e-07 0.0512037 -14.4043
0.0365102 1.6789e-07 0.051328 -14.2532
0.0365102 1.75844e-07 0.0514529 -14.1014
0.0365102 1.83816e-07 0.0515783 -13.9492
0.0365102 1.91806e-07 0.0517043 -13.7964
0.0365102 1.99807e-07 0.0518309 -13.643
0.0365102 2.07828e-07 0.051958 -13.4891
0.0365102 2.15859e-07 0.0520857 -13.3347
0.0365102 2.23908e-07 0.0522139 -13.1797
0.0365102 2.31972e-07 0.0523427 -13.0242
0.0365102 2.4005e-07 0.052472 -12.8682
0.0365102 2.48145e-07 0.0526018 -12.7117
0.0365102 1.34296e-07 0.0527321 -12.5547
0.0365102 1.43942e-07 0.052863 -12.3972
0.0365102 1.53159e-07 0.0529944 -12.2392
0.0365102 1.62568e-07 0.0531263 -12.0808
0.0365102 1.72153e-07 0.0532587 -11.9218
0.0365102 1.81742e-07 0.0533916 -11.7624
0.0365102 1.91339e-07 0.053525 -11.6025
0.0365102 2.00961e-07 0.0536589 -11.4422
0.0365102 2.10603e-07 0.0537932 -11.2814
0.0365102 2.20264e-07 0.0539281 -11.1201
0.0365102 2.29953e-07 0.0540634 -10.9585
0.0365102 2.39659e-07 0.0541992 -10.7963
0.0365102 2.49385e-07 0.0543355 -10.6338
0.0365102 2.5913e-07 0.0544722 -10.4709
0.0365102 2.68893e-07 0.0546094 -10.3075
0.0365102 2.78674e-07 0.054747 -10.1437
0.0365102 2.88474e-07 0.054885 -9.97953
0.0365102 2.98292e-07 0.0550235 -9.81496
0.0365102 3.08127e-07 0.0551624 -9.65
0.0365103 3.17975e-07 0.0553017 -9.48466
0.0365103 3.27843e-07 0.0554414 -9.31894
0.0365103 3.36162e-07 0.0555815 -9.15286
0.0365103 3.46044e-07 0.0557221 -8.98642
0.0365103 3.56011e-07 0.055863 -8.81962
0.0365103 3.65976e-07 0.0560044 -8.65247
0.0365103 3.75936e-07 0.0561461 -8.48498
0.0365103 3.85915e-07 0.0562883 -8.31716
0.0365103 3.95913e-07 0.0564308 -8.14901
0.0365103 4.05919e-07 0.0565737 -7.98054
0.0365103 4.15935e-07 0.0567169 -7.81175
0.0365103 4.25964e-07 0.0568606 -7.64265
0.0365103 4.3601e-07 0.0570046 -7.47325
0.0365103 4.46063e-07 0.0571489 -7.30356
0.0365103 4.56128e-07 0.0572936 -7.13358
0.0365103 4.66197e-07 0.0574387 -6.96331
0.0365103 4.7628e-07 0.057584 -6.79277
0.0365103 4.86374e-07 0.0577297 -6.62197
0.0365103 4.9648e-07 0.0578757 -6.4509
0.0365103 5.06589e-07 0.0580221 -6.27958
0.0365103 5.16705e-07 0.0581687 -6.10801
0.0365103 5.26832e-07 0.0583157 -5.93619
0.0365103 5.36964e-07 0.058463 -5.76415
0.0365104 5.47101e-07 0.0586105 -5.59188
0.0365104 5.57247e-07 0.0587584 -5.41938
0.0365104 5.67396e-07 0.0589065 -5.24667
0.0365104 5.77549e-07 0.0590549 -5.07376
0.0365104 5.87709e-07 0.0592036 -4.90064
0.0365104 5.97873e-07 0.0593525 -4.72733
0.0365104 6.08042e-07 0.0595017 -4.55384
0.0365104 6.18213e-07 0.0596512 -4.38016
0.0365104 6.30553e-07 0.0598009 -4.20631
0.0365104 6.4295e-07 0.0599508 -4.0323
0.0365104 6.55361e-07 0.060101 -3.85812
0.0365104 6.67788e-07 0.0602514 -3.6838
0.0365104 6.80231e-07 0.060402 -3.50933
0.0365104 7.4024e-07 0.0605529 -3.33472
0.0365104 7.50072e-07 0.0607039 -3.15997
0.0365104 7.59782e-07 0.0608552 -2.98511
0.0365105 7.69168e-07 0.0610067 -2.81012
0.0365105 7.40765e-07 0.0611583 -2.63503
0.0365105 7.87997e-07 0.0613102 -2.45983
0.0365105 7.97356e-07 0.0614622 -2.28453
0.0365105 8.06582e-07 0.0616144 -2.10915
0.0365105 8.1631e-07 0.0617668 -1.93368
0.0365105 8.25536e-07 0.0619193 -1.75813
0.0365105 8.35019e-07 0.062072 -1.58251
0.0365105 8.44513e-07 0.0622248 -1.40684
0.0365105 8.54018e-07 0.0623778 -1.2311
0.0365105 8.63534e-07 0.062531 -1.05532
0.0365105 9.86358e-07 0.0626842 -0.879497
0.0365106 9.99319e-07 0.0628376 -0.703638
0.0365106 1.01192e-06 0.0629912 -0.527752
0.0365106 1.02404e-06 0.0631448 -0.351845
0.0365106 1.03676e-06 0.0632985 -0.175923
0.0365106 1.04913e-06 0.0634524 4.58771e-06
0.0365106 1.06186e-06 0.0636063 0.175933
0.0365106 1.07422e-06 0.0637604 0.351854
0.0365106 1.08675e-06 0.0639145 0.527761
0.0365106 1.09942e-06 0.0640687 0.703647
0.0365107 1.11193e-06 0.0642229 0.879506
0.0365107 1.12428e-06 0.0643773 1.05533
0.0365107 1.13688e-06 0.0645317 1.23111
0.0365107 1.14922e-06 0.0646861 1.40685
0.0365107 1.16195e-06 0.0648406 1.58252
0.0365107 1.17428e-06 0.0649952 1.75814
0.0365107 1.18696e-06 0.0651498 1.93369
0.0365107 1.19928e-06 0.0653044 2.10916
0.0365107 1.21186e-06 0.0654591 2.28454
0.0365108 1.22422e-06 0.0656137 2.45984
0.0365108 1.23676e-06 0.0657684 2.63504
0.0365108 1.2491e-06 0.0659231 2.81013
0.0365108 1.26141e-06 0.0660779 2.98512
0.0365108 1.27389e-06 0.0662326 3.15998
0.0365108 1.28614e-06 0.0663872 3.33473
0.0365108 1.29857e-06 0.0665419 3.50934
0.0365108 1.31078e-06 0.0666966 3.68381
0.0365109 1.40181e-06 0.0668512 3.85813
0.0365109 1.41394e-06 0.0670057 4.03231
0.0365109 1.42524e-06 0.0671602 4.20632
0.0365109 1.43719e-06 0.0673147 4.38017
0.0365109 1.44895e-06 0.0674691 4.55385
0.0365109 1.46061e-06 0.0676235 4.72734
0.0365109 1.47205e-06 0.0677777 4.90065
0.036511 1.48411e-06 0.0679319 5.07377
0.036511 1.49553e-06 0.0680861 5.24668
0.036511 1.50725e-06 0.0682401 5.41939
0.036511 1.51908e-06 0.068394 5.59188
0.036511 1.53073e-06 0.0685479 5.76416
0.036511 1.4692e-06 0.0687016 5.9362
0.0365111 1.64634e-06 0.0688553 6.10802
0.0365111 1.65865e-06 0.0690088 6.27959
0.0365111 1.66974e-06 0.0691622 6.45091
0.0365111 1.68121e-06 0.0693155 6.62198
0.0365111 1.69271e-06 0.0694686 6.79278
0.0365111 1.70411e-06 0.0696216 6.96332
0.0365112 1.71562e-06 0.0697745 7.13358
0.0365112 1.72757e-06 0.0699272 7.30357
0.0365112 1.73956e-06 0.0700798 7.47326
0.0365112 1.75113e-06 0.0702321 7.64266
0.0365112 1.76311e-06 0.0703844 7.81176
0.0365112 2.23661e-06 0.0705364 7.98054
0.0365113 2.25208e-06 0.0706882 8.14902
0.0365113 2.26484e-06 0.0708399 8.31717
0.0365113 2.2779e-06 0.0709913 8.48499
0.0365113 2.2912e-06 0.0711425 8.65248
0.0365114 2.30507e-06 0.0712935 8.81963
0.0365114 2.46199e-06 0.0714443 8.98643
0.0365114 2.47648e-06 0.0715949 9.15287
0.0365114 2.49134e-06 0.0717452 9.31895
0.0365115 2.50589e-06 0.0718953 9.48467
0.0365115 2.51965e-06 0.0720452 9.65001
0.0365115 2.53394e-06 0.0721948 9.81497
0.0365115 2.44015e-06 0.0723442 9.97954
0.0365116 2.3112e-06 0.0724934 10.1437
0.0365116 2.32391e-06 0.0726423 10.3075
0.0365116 2.33785e-06 0.072791 10.4709
0.0365116 2.35095e-06 0.0729394 10.6338
0.0365117 2.36405e-06 0.0730876 10.7964
0.0365117 2.37745e-06 0.0732355 10.9585
0.0365117 2.39041e-06 0.0733832 11.1201
0.0365117 2.40338e-06 0.0735306 11.2814
0.0365117 2.41646e-06 0.0736777 11.4422
0.0365118 2.42945e-06 0.0738245 11.6025
0.0365118 2.44226e-06 0.073971 11.7624
0.0365118 2.45509e-06 0.0741172 11.9218
0.0365118 2.46807e-06 0.0742631 12.0808
0.0365119 2.48076e-06 0.0744086 12.2392
0.0365119 2.49344e-06 0.0745537 12.3972
0.0365119 2.5062e-06 0.0746985 12.5547
0.0365119 2.51875e-06 0.0748429 12.7117
0.036512 2.53122e-06 0.0749869 12.8682
0.036512 2.54366e-06 0.0751306 13.0242
0.036512 2.55605e-06 0.0752739 13.1797
0.036512 2.5685e-06 0.0754168 13.3347
0.0365121 2.58079e-06 0.0755593 13.4891
0.0365121 2.59285e-06 0.0757015 13.643
0.0365121 2.60529e-06 0.0758432 13.7964
0.0365122 2.6175e-06 0.0759846 13.9492
0.0365122 2.42795e-06 0.0761255 14.1015
0.0365122 2.79225e-06 0.0762661 14.2532
0.0365122 2.81096e-06 0.0764062 14.4043
0.0365123 2.82967e-06 0.076546 14.5549
0.0365123 2.84777e-06 0.0766853 14.7049
0.0365123 2.86584e-06 0.0768243 14.8543
0.0365123 2.88383e-06 0.0769627 15.0032
0.0365124 2.90189e-06 0.0771008 15.1514
0.0365124 2.92093e-06 0.0772384 15.299
0.0365124 2.93904e-06 0.0773755 15.4461
0.0365125 2.9572e-06 0.0775122 15.5925
0.0365125 2.97668e-06 0.0776484 15.7383
0.0365125 2.995e-06 0.0777842 15.8835
0.0365126 3.0139e-06 0.0779195 16.0281
0.0365126 3.03238e-06 0.0780543 16.172
0.0365126 3.05207e-06 0.0781887 16.3153
0.0365126 3.07069e-06 0.0783225 16.458
0.0365127 3.0898e-06 0.0784559 16.6
0.0365127 3.10875e-06 0.0785888 16.7413
0.0365127 3.12876e-06 0.0787212 16.882
0.0365128 3.14801e-06 0.0788532 17.0221
0.0365128 3.16734e-06 0.0789846 17.1614
0.0365128 3.18728e-06 0.0791155 17.3001
0.0365129 3.2066e-06 0.0792459 17.4381
0.0365129 3.22591e-06 0.0793757 17.5754
0.0365129 3.24587e-06 0.0795051 17.712
0.036513 3.26525e-06 0.0796339 17.8479
0.036513 3.28576e-06 0.0797621 17.9831
0.036513 3.3053e-06 0.0798898 18.1176
0.0365131 3.32473e-06 0.080017 18.2513
0.0365131 3.34535e-06 0.0801436 18.3844
0.0365131 3.36511e-06 0.0802696 18.5167
0.0365132 3.38548e-06 0.0803951 18.6483
0.0365132 3.40514e-06 0.0805199 18.7792
0.0365132 3.42558e-06 0.0806442 18.9093
0.0365133 3.44584e-06 0.080768 19.0387
0.0365133 3.46648e-06 0.0808911 19.1673
0.0365133 3.48615e-06 0.0810136 19.2952
0.0365134 3.50649e-06 0.0811356 19.4223
0.0365134 3.52658e-06 0.0812569 19.5486
0.0365134 3.54741e-06 0.0813777 19.6742
0.0365135 3.28633e-06 0.0814978 19.799
0.0365135 3.58705e-06 0.0816173 19.923
0.0365135 3.6087e-06 0.0817363 20.0462
0.0365136 3.62926e-06 0.0818545 20.1687
0.0365136 3.64998e-06 0.0819722 20.2903
0.0365137 3.67064e-06 0.0820892 20.4111
0.0365137 3.69209e-06 0.0822056 20.5312
0.0365137 3.71288e-06 0.0823213 20.6504
0.0365138 3.73391e-06 0.0824364 20.7688
0.0365138 3.75514e-06 0.0825509 20.8864
0.0365138 3.77656e-06 0.0826647 21.0031
0.0365139 3.79765e-06 0.0827778 21.119
0.0365139 3.81923e-06 0.0828902 21.2341
0.036514 3.8407e-06 0.083002 21.3484
0.036514 3.86215e-06 0.0831131 21.4618
0.036514 3.88374e-06 0.0832235 21.5744
0.0365141 3.90542e-06 0.0833332 21.6861
0.0365141 3.92697e-06 0.0834423 21.7969
0.0365142 3.94904e-06 0.0835506 21.9069
0.0365142 3.9706e-06 0.0836583 22.0161
0.0365142 3.99244e-06 0.0837653 22.1243
0.0365143 4.01476e-06 0.0838715 22.2317
0.0365143 4.03695e-06 0.0839771 22.3382
0.0365144 4.05828e-06 0.084082 22.4439
0.0365144 4.08039e-06 0.0841861 22.5486
0.0365144 4.10269e-06 0.0842895 22.6525
0.0365145 4.12501e-06 0.0843922 22.7554
0.0365145 4.14733e-06 0.0844942 22.8575
0.0365146 4.16953e-06 0.0845954 22.9587
0.0365146 4.19169e-06 0.0846959 23.0589
0.0365146 4.21379e-06 0.0847957 23.1583
0.0365147 4.23624e-06 0.0848947 23.2567
0.0365147 4.25861e-06 0.0849929 23.3542
0.0365148 4.28101e-06 0.0850904 23.4508
0.0365148 4.30309e-06 0.0851872 23.5465
0.0365149 4.32586e-06 0.0852832 23.6412
0.0365149 4.34788e-06 0.0853784 23.735
0.0365149 4.37e-06 0.0854729 23.8278
0.036515 4.392e-06 0.0855665 23.9198
0.036515 4.41507e-06 0.0856595 24.0107
0.0365151 4.43679e-06 0.0857516 24.1008
0.0365151 4.45921e-06 0.0858429 24.1899
0.0365152 4.48092e-06 0.0859335 24.278
0.0365152 4.50416e-06 0.0860233 24.3651
0.0365153 4.52582e-06 0.0861123 24.4514
0.0365153 4.54727e-06 0.0862004 24.5366
0.0365153 4.56936e-06 0.0862878 24.6209
0.0365154 4.59188e-06 0.0863744 24.7042
0.0365154 4.61326e-06 0.0864602 24.7865
0.0365155 4.63534e-06 0.0865451 24.8678
0.0365155 4.65719e-06 0.0866293 24.9482
0.0365156 4.67877e-06 0.0867126 25.0276
0.0365156 4.69999e-06 0.0867951 25.106
0.0365157 4.72052e-06 0.0868768 25.1833
0.0365157 4.74238e-06 0.0869577 25.2598
0.0365158 4.76368e-06 0.0870377 25.3352
0.0365158 4.78449e-06 0.0871169 25.4096
0.0365159 4.80562e-06 0.0871953 25.483
0.0365159 4.82605e-06 0.0872728 25.5554
0.036516 4.84656e-06 0.0873495 25.6268
0.036516 4.86727e-06 0.0874253 25.6971
0.0365161 4.88747e-06 0.0875003 25.7665
0.0365161 4.90762e-06 0.0875744 25.8348
0.0365162 4.92689e-06 0.0876477 25.9022
0.0365162 4.94698e-06 0.0877201 25.9685
0.0365163 4.96597e-06 0.0877917 26.0337
0.0365163 4.98551e-06 0.0878624 26.098
0.0365164 5.00374e-06 0.0879323 26.1612
0.0365164 5.02282e-06 0.0880012 26.2234
0.0365165 5.04062e-06 0.0880693 26.2845
0.0365165 5.05959e-06 0.0881365 26.3447
0.0365166 5.07683e-06 0.0882029 26.4037
0.0365166 5.09475e-06 0.0882684 26.4618
0.0365167 5.1115e-06 0.088333 26.5188
0.0365167 5.12886e-06 0.0883967 26.5747
0.0365168 5.14561e-06 0.0884595 26.6296
0.0365168 5.16114e-06 0.0885214 26.6834
0.0365169 5.32325e-06 0.0885824 26.7362
0.0365169 5.34038e-06 0.0886426 26.7879
0.036517 5.35469e-06 0.0887018 26.8386
0.036517 5.3682e-06 0.0887601 26.8882
0.0365171 5.38135e-06 0.0888176 26.9368
0.0365171 5.395e-06 0.0888741 26.9843
0.0365172 5.40667e-06 0.0889297 27.0307
0.0365172 5.41949e-06 0.0889844 27.076
0.0365173 5.43013e-06 0.0890382 27.1203
0.0365174 5.44048e-06 0.0890911 27.1635
0.0365174 5.45054e-06 0.0891431 27.2057
0.0365175 5.46031e-06 0.0891941 27.2468
0.0365175 5.46974e-06 0.0892443 27.2868
0.0365176 5.47719e-06 0.0892935 27.3257
0.0365176 5.48596e-06 0.0893418 27.3635
0.0365177 5.49262e-06 0.0893892 27.4003
0.0365177 5.4993e-06 0.0894357 27.4359
0.0365178 5.50448e-06 0.0894812 27.4705
0.0365178 5.51018e-06 0.0895259 27.504
0.0365179 5.51563e-06 0.0895696 27.5365
0.036518 5.52006e-06 0.0896123 27.5678
0.036518 5.52509e-06 0.0896542 27.598
0.0365181 5.52753e-06 0.0896951 27.6272
0.0365181 5.5312e-06 0.0897351 27.6553
0.0365182 5.53209e-06 0.0897741 27.6822
0.0365182 5.53444e-06 0.0898122 27.7081
0.0365183 7.06479e-06 0.0898492 27.7329
0.0365184 7.09765e-06 0.0898854 27.7566
0.0365184 7.10048e-06 0.0899206 27.7792
0.0365185 7.09993e-06 0.0899547 27.8007
0.0365186 7.09939e-06 0.0899879 27.8211
0.0365187 7.0973e-06 0.0900201 27.8404
0.0365187 7.09485e-06 0.0900513 27.8586
0.0365188 7.09138e-06 0.0900815 27.8757
0.0365189 7.08805e-06 0.0901107 27.8917
0.0365189 7.08373e-06 0.090139 27.9066
0.036519 7.07899e-06 0.0901663 27.9204
0.0365191 7.07187e-06 0.0901927 27.9332
0.0365192 7.06431e-06 0.0902181 27.9447
0.0365192 7.05529e-06 0.0902427 27.9552
0.0365193 7.04572e-06 0.0902664 27.9646
0.0365194 7.03147e-06 0.0902892 27.9729
0.0365194 7.01533e-06 0.0903111 27.9801
0.0365195 7.00108e-06 0.0903321 27.9862
0.0365196 6.98485e-06 0.0903523 27.9912
0.0365196 6.9703e-06 0.0903715 27.995
0.0365197 6.95044e-06 0.0903898 27.9978
0.0365198 6.92935e-06 0.0904072 27.9994
0.0365199 6.91548e-06 0.0904236 28
0.0365199 6.89912e-06 0.090439 27.9994
0.03652 6.87512e-06 0.0904535 27.9978
0.0365201 6.84447e-06 0.090467 27.995
0.0365201 6.81097e-06 0.0904794 27.9912
0.0365202 6.7769e-06 0.0904908 27.9862
0.0365203 6.7432e-06 0.0905013 27.9801
0.0365203 6.70651e-06 0.0905107 27.9729
0.0365204 6.6653e-06 0.0905191 27.9646
0.0365205 6.62703e-06 0.0905266 27.9552
0.0365205 6.58109e-06 0.090533 27.9447
0.0365206 6.53659e-06 0.0905385 27.9331
0.0365207 6.48655e-06 0.0905429 27.9204
0.0365207 6.43959e-06 0.0905465 27.9066
0.0365208 6.38746e-06 0.090549 27.8917
0.0365209 6.33424e-06 0.0905506 27.8757
0.0365209 6.28152e-06 0.0905512 27.8586
0.036521 6.22393e-06 0.0905508 27.8404
0.036521 6.16613e-06 0.0905495 27.8211
0.0365211 6.10507e-06 0.0905471 27.8007
0.0365212 6.03677e-06 0.0905439 27.7792
0.0365212 5.97279e-06 0.0905396 27.7566
0.0365213 5.90532e-06 0.0905344 27.7329
0.0365213 5.83795e-06 0.0905282 27.7081
0.0365214 5.76314e-06 0.090521 27.6822
0.0365215 5.69389e-06 0.0905129 27.6553
0.0365215 5.61822e-06 0.0905038 27.6272
0.0365216 5.532e-06 0.0904937 27.598
0.0365216 5.45138e-06 0.0904826 27.5678
0.0365217 5.37562e-06 0.0904706 27.5365
0.0365217 5.28819e-06 0.0904576 27.504
0.0365218 5.20265e-06 0.0904437 27.4705
0.0365218 5.1105e-06 0.0904287 27.4359
0.0365219 5.01873e-06 0.0904129 27.4003
0.0365219 4.92986e-06 0.090396 27.3635
0.036522 4.83507e-06 0.0903782 27.3257
0.036522 4.7361e-06 0.0903594 27.2868
0.0365221 4.63319e-06 0.0903396 27.2468
0.0365221 4.53248e-06 0.0903189 27.2057
0.0365222 4.42004e-06 0.0902973 27.1635
0.0365222 4.31864e-06 0.0902746 27.1203
0.0365222 4.20343e-06 0.090251 27.076
0.0365223 4.10312e-06 0.0902265 27.0307
0.0365223 3.99143e-06 0.0902009 26.9843
0.0365224 3.87566e-06 0.0901745 26.9368
0.0365224 3.75251e-06 0.090147 26.8882
0.0365224 3.63156e-06 0.0901186 26.8386
0.0365225 3.52087e-06 0.0900893 26.7879
0.0365225 3.39231e-06 0.090059 26.7362
0.0365225 3.27622e-06 0.0900277 26.6834
0.0365226 3.13371e-06 0.0899955 26.6296
0.0365226 3.00773e-06 0.0899623 26.5747
0.0365226 2.87823e-06 0.0899282 26.5188
0.0365227 2.74078e-06 0.0898932 26.4618
0.0365227 2.61616e-06 0.0898572 26.4037
0.0365227 2.46886e-06 0.0898202 26.3447
0.0365227 2.32813e-06 0.0897823 26.2845
0.0365228 2.19199e-06 0.0897435 26.2234
0.0365228 2.05392e-06 0.0897037 26.1612
0.0365228 1.90655e-06 0.089663 26.098
0.0365228 1.77475e-06 0.0896213 26.0337
0.0365228 1.63324e-06 0.0895787 25.9685
0.0365228 1.48842e-06 0.0895352 25.9022
0.0365229 1.34966e-06 0.0894908 25.8348
0.0365229 1.20946e-06 0.0894454 25.7665
0.0365229 1.07019e-06 0.089399 25.6971
0.0365229 9.30709e-07 0.0893518 25.6268
0.0365229 7.878e-07 0.0893036 25.5554
0.0365229 6.34589e-07 0.0892545 25.483
0.0365229 4.85622e-07 0.0892044 25.4096
0.0365229 3.34419e-07 0.0891535 25.3352
0.0365229 1.85208e-07 0.0891016 25.2597
0.0365229 2.13114e-08 0.0890488 25.1833
0.0365229 -1.23014e-07 0.0889951 25.1059
0.0365229 -2.78474e-07 0.0889405 25.0276
0.0365229 -4.19031e-07 0.0888849 24.9482
0.0365229 -5.87394e-07 0.0888285 24.8678
0.0365229 -7.4479e-07 0.0887711 24.7865
0.0365229 -8.88733e-07 0.0887129 24.7042
0.0365229 -1.04492e-06 0.0886537 24.6209
0.0365229 -1.20285e-06 0.0885937 24.5366
0.0365228 -1.3541e-06 0.0885327 24.4513
0.0365228 -1.51562e-06 0.0884709 24.3651
0.0365228 -1.68834e-06 0.0884082 24.278
0.0365228 -1.85695e-06 0.0883445 24.1899
0.0365228 -1.99962e-06 0.08828 24.1008
0.0365228 -2.15772e-06 0.0882146 24.0107
0.0365227 -2.3077e-06 0.0881484 23.9198
0.0365227 -2.45108e-06 0.0880812 23.8278
0.0365227 -2.60891e-06 0.0880132 23.735
0.0365227 -2.75376e-06 0.0879443 23.6412
0.0365226 -2.93042e-06 0.0878745 23.5464
0.0365226 -3.06412e-06 0.0878039 23.4508
0.0365226 -3.22864e-06 0.0877323 23.3542
0.0365225 -3.37926e-06 0.08766 23.2567
0.0365225 -3.51349e-06 0.0875867 23.1583
0.0365225 -3.68436e-06 0.0875126 23.0589
0.0365224 -3.82767e-06 0.0874377 22.9587
0.0365224 -3.98594e-06 0.0873619 22.8575
0.0365223 -4.12037e-06 0.0872852 22.7554
0.0365223 -4.27056e-06 0.0872077 22.6525
0.0365222 -4.39099e-06 0.0871294 22.5486
0.0365222 -4.55924e-06 0.0870502 22.4439
0.0365222 -4.6899e-06 0.0869702 22.3382
0.0365221 -4.81998e-06 0.0868893 22.2317
0.0365221 -4.94811e-06 0.0868076 22.1243
0.036522 -5.10591e-06 0.0867251 22.0161
0.036522 -5.24032e-06 0.0866418 21.9069
0.0365219 -5.33409e-06 0.0865576 21.7969
0.0365218 -5.46631e-06 0.0864726 21.6861
0.0365218 -5.60816e-06 0.0863868 21.5744
0.0365217 -5.7274e-06 0.0863002 21.4618
0.0365217 -5.83155e-06 0.0862128 21.3484
0.0365216 -5.97176e-06 0.0861246 21.2341
0.0365216 -6.06885e-06 0.0860356 21.119
0.0365215 -6.20614e-06 0.0859458 21.0031
0.0365214 -6.28632e-06 0.0858551 20.8863
0.0365214 -6.39015e-06 0.0857637 20.7688
0.0365213 -6.4811e-06 0.0856715 20.6504
0.0365212 -6.60286e-06 0.0855786 20.5311
0.0365212 -6.69661e-06 0.0854848 20.4111
0.0365211 -6.78151e-06 0.0853903 20.2903
0.036521 -6.87407e-06 0.085295 20.1686
0.036521 -6.9549e-06 0.0851989 20.0462
0.0365209 -7.01948e-06 0.0851021 19.923
0.0365208 -7.13909e-06 0.0850045 19.799
0.0365207 -7.19825e-06 0.0849062 19.6742
0.0365207 -7.27252e-06 0.0848071 19.5486
0.0365206 -7.34018e-06 0.0847072 19.4223
0.0365205 -7.3972e-06 0.0846066 19.2952
0.0365205 -7.47935e-06 0.0845053 19.1673
0.0365204 -7.51377e-06 0.0844032 19.0387
0.0365203 -7.59383e-06 0.0843004 18.9093
0.0365202 -7.61866e-06 0.0841969 18.7792
0.0365201 -7.68104e-06 0.0840927 18.6483
0.0365201 -7.72542e-06 0.0839877 18.5167
0.03652 -7.77651e-06 0.083882 18.3844
0.0365199 -7.78414e-06 0.0837756 18.2513
0.0365198 -7.82401e-06 0.0836685 18.1176
0.0365198 -7.8605e-06 0.0835607 17.9831
0.0365197 -7.89241e-06 0.0834522 17.8479
0.0365196 -7.92741e-06 0.083343 17.712
0.0365195 -7.96076e-06 0.0832331 17.5754
0.0365194 -7.95989e-06 0.0831226 17.4381
0.0365194 -7.96118e-06 0.0830113 17.3001
0.0365193 -7.96979e-06 0.0828994 17.1614
0.0365192 -7.99278e-06 0.0827868 17.022
0.0365191 -8.00042e-06 0.0826735 16.882
0.036519 -7.98381e-06 0.0825596 16.7413
0.036519 -8.01157e-06 0.082445 16.6
0.0365189 -7.97282e-06 0.0823298 16.458
0.0365188 -7.97252e-06 0.0822139 16.3153
0.0365187 -7.96181e-06 0.0820974 16.172
0.0365186 -7.95408e-06 0.0819803 16.0281
0.0365186 -7.91989e-06 0.0818625 15.8835
0.0365185 -7.89889e-06 0.0817441 15.7383
0.0365184 -7.89698e-06 0.081625 15.5925
0.0365183 -7.89164e-06 0.0815053 15.4461
0.0365182 -7.84352e-06 0.0813851 15.299
0.0365182 -7.80519e-06 0.0812642 15.1514
0.0365181 -7.76153e-06 0.0811427 15.0031
0.036518 -7.74156e-06 0.0810206 14.8543
0.0365179 -7.69024e-06 0.0808979 14.7049
0.0365179 -7.67607e-06 0.0807746 14.5549
0.0365178 -7.65097e-06 0.0806508 14.4043
0.0365177 -7.60237e-06 0.0805263 14.2532
0.0365176 -7.53013e-06 0.0804013 14.1014
0.0365176 -7.48462e-06 0.0802757 13.9492
0.0365175 -7.45993e-06 0.0801496 13.7964
0.0365174 -7.3794e-06 0.0800229 13.643
0.0365173 -7.34077e-06 0.0798956 13.4891
0.0365173 -7.28862e-06 0.0797678 13.3347
0.0365172 -7.22927e-06 0.0796395 13.1797
0.0365171 -7.16286e-06 0.0795106 13.0242
0.0365171 -7.093e-06 0.0793812 12.8682
0.036517 -7.03102e-06 0.0792512 12.7117
0.0365169 -6.99466e-06 0.0791207 12.5547
0.0365168 -6.92995e-06 0.0789897 12.3972
0.0365168 -6.88534e-06 0.0788582 12.2392
0.0365167 -6.78592e-06 0.0787262 12.0808
0.0365166 -6.73395e-06 0.0785937 11.9218
0.0365166 -6.66053e-06 0.0784606 11.7624
0.0365165 -6.58448e-06 0.0783271 11.6025
0.0365164 -6.51366e-06 0.0781931 11.4422
0.0365164 -6.45057e-06 0.0780586 11.2814
0.0365163 -6.40171e-06 0.0779237 11.1201
0.0365162 -6.33175e-06 0.0777883 10.9585
0.0365162 -6.25389e-06 0.0776524 10.7963
0.0365161 -6.19226e-06 0.077516 10.6338
0.0365161 -6.1209e-06 0.0773792 10.4709
0.036516 -6.03615e-06 0.0772419 10.3075
0.0365159 -5.97609e-06 0.0771042 10.1437
0.0365159 -5.87987e-06 0.0769661 9.97953
0.0365158 -5.81773e-06 0.0768275 9.81496
0.0365158 -5.75436e-06 0.0766885 9.65
0.0365157 -5.67824e-06 0.0765491 9.48466
0.0365157 -5.61459e-06 0.0764093 9.31894
0.0365156 -5.55153e-06 0.076269 9.15286
0.0365155 -5.47608e-06 0.0761284 8.98642
0.0365155 -5.40634e-06 0.0759873 8.81962
0.0365154 -5.34272e-06 0.0758459 8.65247
0.0365154 -5.26967e-06 0.075704 8.48498
0.0365153 -5.20292e-06 0.0755618 8.31716
0.0365153 -5.13049e-06 0.0754192 8.14901
0.0365152 -5.05488e-06 0.0752762 7.98053
0.0365152 -5.00397e-06 0.0751329 7.81175
0.0365151 -4.94239e-06 0.0749892 7.64265
0.0365151 -4.87299e-06 0.0748451 7.47325
0.036515 -4.81614e-06 0.0747007 7.30356
0.036515 -4.75489e-06 0.074556 7.13357
0.0365149 -4.68204e-06 0.0744109 6.96331
0.0365149 -4.61229e-06 0.0742655 6.79277
0.0365148 -4.52737e-06 0.0741197 6.62197
0.0365148 -4.47973e-06 0.0739737 6.4509
0.0365148 -4.41485e-06 0.0738273 6.27958
0.0365147 -4.36401e-06 0.0736806 6.10801
0.0365147 -4.2906e-06 0.0735336 5.93619
0.0365146 -4.2281e-06 0.0733863 5.76415
0.0365146 -4.1702e-06 0.0732387 5.59187
0.0365145 -4.11042e-06 0.0730908 5.41938
0.0365145 -4.05686e-06 0.0729426 5.24667
0.0365145 -3.98788e-06 0.0727942 5.07376
0.0365144 -3.93387e-06 0.0726455 4.90064
0.0365144 -3.8852e-06 0.0724965 4.72733
0.0365144 -3.81497e-06 0.0723473 4.55383
0.0365143 -3.76636e-06 0.0721978 4.38016
0.0365143 -3.68713e-06 0.0720481 4.20631
0.0365142 -3.65148e-06 0.0718981 4.0323
0.0365142 -3.60509e-06 0.0717479 3.85812
0.0365142 -3.54245e-06 0.0715975 3.6838
0.0365141 -3.49601e-06 0.0714468 3.50932
0.0365141 -3.43171e-06 0.071296 3.33471
0.0365141 -3.38695e-06 0.0711449 3.15997
0.036514 -3.31977e-06 0.0709936 2.98511
0.036514 -3.29227e-06 0.0708421 2.81012
0.036514 -3.23087e-06 0.0706904 2.63503
0.0365139 -3.19724e-06 0.0705386 2.45983
0.0365139 -3.1404e-06 0.0703865 2.28453
0.0365139 -3.08877e-06 0.0702343 2.10914
0.0365138 -3.0613e-06 0.0700819 1.93367
0.0365138 -3.00563e-06 0.0699294 1.75813
0.0365138 -2.96462e-06 0.0697766 1.58251
0.0365138 -2.91905e-06 0.0696238 1.40684
0.0365137 -2.87407e-06 0.0694708 1.2311
0.0365137 -2.83366e-06 0.0693176 1.05532
0.0365137 -2.79329e-06 0.0691643 0.879495
0.0365136 -2.75065e-06 0.0690109 0.703637
0.0365136 -2.71987e-06 0.0688574 0.52775
0.0365136 -2.65939e-06 0.0687038 0.351843
0.0365136 -2.62832e-06 0.06855 0.175922
0.0365135 -2.59051e-06 0.0683961 -5.89849e-06
0.0365135 -2.55163e-06 0.0682422 -0.175934
0.0365135 -2.50725e-06 0.0680881 -0.351855
0.0365135 -2.47798e-06 0.067934 -0.527762
0.0365134 -2.46203e-06 0.0677798 -0.703649
0.0365134 -2.41265e-06 0.0676255 -0.879507
0.0365134 -2.55007e-06 0.0674712 -1.05533
0.0365134 -1.53296e-07 0.0673166 -1.23111
0.0365134 -1.42478e-06 0.0671622 -1.40685
0.0365134 -1.45655e-06 0.0670076 -1.58252
0.0365133 -1.46271e-06 0.066853 -1.75814
0.0365133 -1.47534e-06 0.0666982 -1.93369
0.0365133 -1.4877e-06 0.0665435 -2.10916
0.0365133 -1.50155e-06 0.0663887 -2.28454
0.0365133 -1.51761e-06 0.0662338 -2.45984
0.0365133 -1.53009e-06 0.066079 -2.63504
0.0365132 -1.54173e-06 0.0659242 -2.81013
0.0365132 -1.55356e-06 0.0657694 -2.98512
0.0365132 -1.56842e-06 0.0656146 -3.15998
0.0365132 -1.57821e-06 0.0654599 -3.33473
0.0365132 -1.59019e-06 0.0653053 -3.50934
0.0365132 -1.59796e-06 0.0651507 -3.68381
0.0365132 -1.61116e-06 0.0649962 -3.85813
0.0365131 -1.61839e-06 0.0648418 -4.03231
0.0365131 -1.63318e-06 0.0646875 -4.20632
0.0365131 -1.64201e-06 0.0645333 -4.38017
0.0365131 -1.6478e-06 0.0643792 -4.55385
0.0365131 -1.65705e-06 0.0642251 -4.72734
0.0365131 -1.66545e-06 0.064071 -4.90065
0.036513 -1.67158e-06 0.0639171 -5.07377
0.036513 -1.68329e-06 0.0637632 -5.24668
0.036513 -1.69197e-06 0.0636093 -5.41939
0.036513 -1.69741e-06 0.0634555 -5.59189
0.036513 -1.70468e-06 0.0633017 -5.76416
0.036513 -1.70993e-06 0.0631481 -5.9362
0.0365129 -1.72049e-06 0.0629944 -6.10802
0.0365129 -1.72149e-06 0.0628409 -6.27959
0.0365129 -1.7287e-06 0.0626875 -6.45091
0.0365129 -1.73245e-06 0.0625343 -6.62198
0.0365129 -1.73836e-06 0.0623811 -6.79278
0.0365128 -1.7403e-06 0.0622281 -6.96332
0.0365128 -1.74811e-06 0.0620752 -7.13359
0.0365128 -1.74928e-06 0.0619225 -7.30357
0.0365128 -1.75291e-06 0.0617699 -7.47326
0.0365128 -1.75489e-06 0.0616175 -7.64266
0.0365128 -1.75859e-06 0.0614653 -7.81176
0.0365127 -1.76534e-06 0.0613132 -7.98055
0.0365127 -1.76469e-06 0.0611613 -8.14902
0.0365127 -1.76358e-06 0.0610097 -8.31717
0.0365127 -1.76636e-06 0.0608582 -8.48499
0.0365127 -1.76908e-06 0.0607069 -8.65248
0.0365127 -1.76661e-06 0.0605558 -8.81963
0.0365126 -1.76368e-06 0.0604049 -8.98643
0.0365126 -1.77108e-06 0.0602543 -9.15287
0.0365126 -1.76743e-06 0.0601038 -9.31895
0.0365126 -1.76424e-06 0.0599536 -9.48467
0.0365126 -1.76643e-06 0.0598037 -9.65001
0.0365126 -1.76651e-06 0.0596539 -9.81497
0.0365125 -1.76505e-06 0.0595045 -9.97954
0.0365125 -1.76036e-06 0.0593552 -10.1437
0.0365125 -1.7578e-06 0.0592063 -10.3075
0.0365125 -1.75752e-06 0.0590576 -10.4709
0.0365125 -1.75449e-06 0.0589092 -10.6338
0.0365124 -1.75027e-06 0.058761 -10.7964
0.0365124 -1.74168e-06 0.0586131 -10.9585
0.0365124 -1.73908e-06 0.0584656 -11.1201
0.0365124 -1.73427e-06 0.0583183 -11.2814
0.0365124 -1.73432e-06 0.0581713 -11.4422
0.0365124 -1.72933e-06 0.0580246 -11.6025
0.0365123 -1.72357e-06 0.0578783 -11.7624
0.0365123 -1.71167e-06 0.0577322 -11.9218
0.0365123 -1.71455e-06 0.0575865 -12.0808
0.0365123 -1.7055e-06 0.0574411 -12.2392
0.0365123 -1.70143e-06 0.057296 -12.3972
0.0365123 -1.6938e-06 0.0571513 -12.5547
0.0365122 -1.68909e-06 0.0570069 -12.7117
0.0365122 -1.68203e-06 0.0568629 -12.8682
0.0365122 -1.67798e-06 0.0567193 -13.0242
0.0365122 -1.66597e-06 0.056576 -13.1797
0.0365122 -1.66514e-06 0.056433 -13.3347
0.0365122 -1.65579e-06 0.0562905 -13.4891
0.0365121 -1.64758e-06 0.0561483 -13.643
0.0365121 -1.63986e-06 0.0560065 -13.7964
0.0365121 -1.63058e-06 0.0558651 -13.9492
0.0365121 -1.62473e-06 0.0557241 -14.1015
0.0365121 -1.61738e-06 0.0555835 -14.2532
0.0365121 -1.61056e-06 0.0554433 -14.4043
0.036512 -1.59531e-06 0.0553036 -14.5549
0.036512 -1.59246e-06 0.0551642 -14.7049
0.036512 -1.57778e-06 0.0550253 -14.8543
0.036512 -2.50818e-06 0.0548869 -15.0032
0.036512 -1.67337e-06 0.0547488 -15.1514
0.036512 -1.66319e-06 0.0546112 -15.299
0.0365119 -1.65828e-06 0.054474 -15.4461
0.0365119 -1.65593e-06 0.0543373 -15.5925
0.0365119 -1.64968e-06 0.0542011 -15.7383
0.0365119 -1.64315e-06 0.0540654 -15.8835
0.0365119 -1.63666e-06 0.0539301 -16.0281
0.0365119 -1.63259e-06 0.0537952 -16.172
0.0365118 -1.62689e-06 0.0536609 -16.3153
0.0365118 -1.62166e-06 0.053527 -16.458
0.0365118 -1.61474e-06 0.0533936 -16.6
0.0365118 -1.21245e-06 0.0532607 -16.7413
0.0365118 -1.20942e-06 0.0531282 -16.882
0.0365118 -1.21041e-06 0.0529963 -17.0221
0.0365118 -1.20643e-06 0.0528649 -17.1614
0.0365117 -1.20574e-06 0.0527339 -17.3001
0.0365117 -1.20263e-06 0.0526035 -17.4381
0.0365117 -1.20306e-06 0.0524735 -17.5754
0.0365117 -1.20025e-06 0.0523441 -17.712
0.0365117 -7.89835e-07 0.0522152 -17.8479
0.0365117 -7.96818e-07 0.0520869 -17.9831
0.0365117 -8.061e-07 0.0519591 -18.1176
0.0365117 -8.10433e-07 0.0518319 -18.2513
0.0365117 -9.03415e-07 0.0517052 -18.3844
0.0365117 -9.07305e-07 0.0515791 -18.5167
0.0365116 -9.13116e-07 0.0514536 -18.6483
0.0365116 -9.17796e-07 0.0513287 -18.7792
0.0365116 -9.19228e-07 0.0512044 -18.9093
0.0365116 -9.22988e-07 0.0510807 -19.0387
0.0365116 -9.24043e-07 0.0509576 -19.1673
0.0365116 -9.27473e-07 0.050835 -19.2952
0.0365116 -9.29801e-07 0.0507132 -19.4223
0.0365116 -9.32928e-07 0.0505919 -19.5486
0.0365116 -9.34424e-07 0.0504713 -19.6742
0.0365116 -9.36781e-07 0.0503512 -19.799
0.0365116 -9.40442e-07 0.0502318 -19.923
0.0365115 -9.3895e-07 0.0501131 -20.0462
0.0365115 -9.41972e-07 0.0499949 -20.1687
0.0365115 -9.4185e-07 0.0498774 -20.2903
0.0365115 -9.44673e-07 0.0497605 -20.4111
0.0365115 -9.44321e-07 0.0496443 -20.5312
0.0365115 -9.47095e-07 0.0495286 -20.6504
0.0365115 -9.4623e-07 0.0494137 -20.7688
0.0365115 -9.48312e-07 0.0492993 -20.8864
0.0365115 -9.50046e-07 0.0491856 -21.0031
0.0365115 -9.49191e-07 0.0490726 -21.119
0.0365115 -9.49483e-07 0.0489601 -21.2341
0.0365114 -5.2438e-07 0.0488484 -21.3484
0.0365114 -5.30203e-07 0.0487373 -21.4618
0.0365114 -5.35587e-07 0.0486268 -21.5744
0.0365114 -5.43183e-07 0.0485171 -21.6861
0.0365114 -5.47395e-07 0.048408 -21.7969
0.0365114 -5.53308e-07 0.0482996 -21.9069
0.0365114 -5.60058e-07 0.0481919 -22.0161
0.0365114 -5.65136e-07 0.0480848 -22.1243
0.0365114 -5.7038e-07 0.0479785 -22.2317
0.0365114 -5.76778e-07 0.0478729 -22.3382
0.0365114 -5.82519e-07 0.047768 -22.4439
0.0365114 -5.86809e-07 0.0476638 -22.5486
0.0365114 -5.93222e-07 0.0475603 -22.6525
0.0365114 -5.96789e-07 0.0474576 -22.7554
0.0365114 -6.03066e-07 0.0473557 -22.8575
0.0365114 -6.04578e-07 0.0472545 -22.9587
0.0365114 -6.08104e-07 0.047154 -23.0589
0.0365113 -6.13394e-07 0.0470543 -23.1583
0.0365113 -6.1854e-07 0.0469554 -23.2567
0.0365113 -6.21751e-07 0.0468573 -23.3542
0.0365113 -6.26406e-07 0.0467599 -23.4508
0.0365113 -4.54545e-07 0.0466632 -23.5465
0.0365113 -4.58593e-07 0.0465674 -23.6412
0.0365113 -4.63103e-07 0.0464723 -23.735
0.0365113 -4.68034e-07 0.0463779 -23.8278
0.0365113 -4.74899e-07 0.0462843 -23.9198
0.0365113 -4.79373e-07 0.0461915 -24.0107
0.0365113 -4.81405e-07 0.0460994 -24.1008
0.0365113 -4.85841e-07 0.0460081 -24.1899
0.0365113 -4.89637e-07 0.0459175 -24.278
0.0365113 -4.95657e-07 0.0458277 -24.3651
0.0365113 -4.99092e-07 0.0457388 -24.4514
0.0365113 -5.00305e-07 0.0456506 -24.5366
0.0365113 -5.04749e-07 0.0455632 -24.6209
0.0365113 -5.08034e-07 0.0454767 -24.7042
0.0365113 -5.13932e-07 0.0453909 -24.7865
0.0365113 -5.16304e-07 0.045306 -24.8678
0.0365112 -5.18559e-07 0.0452219 -24.9482
0.0365112 -5.20781e-07 0.0451386 -25.0276
0.0365112 -5.23442e-07 0.0450561 -25.106
0.0365112 -5.26322e-07 0.0449745 -25.1833
0.0365112 -5.30373e-07 0.0448937 -25.2598
0.0365112 -5.31698e-07 0.0448137 -25.3352
0.0365112 -5.32501e-07 0.0447346 -25.4096
0.0365112 -5.34745e-07 0.0446563 -25.483
0.0365112 -5.36135e-07 0.0445789 -25.5554
0.0365112 -5.38327e-07 0.0445023 -25.6268
0.0365112 -5.43102e-07 0.0444265 -25.6971
0.0365112 -5.44671e-07 0.0443516 -25.7665
0.0365112 -5.43611e-07 0.0442775 -25.8348
0.0365112 -5.44358e-07 0.0442042 -25.9022
0.0365112 -5.46807e-07 0.0441318 -25.9685
0.0365112 -5.45917e-07 0.0440603 -26.0337
0.0365112 -5.48841e-07 0.0439897 -26.098
0.0365112 -5.48202e-07 0.0439199 -26.1612
0.0365111 -5.49444e-07 0.0438509 -26.2234
0.0365111 -5.50737e-07 0.0437829 -26.2846
0.0365111 -5.50063e-07 0.0437157 -26.3447
0.0365111 -5.5057e-07 0.0436494 -26.4037
0.0365111 -5.49311e-07 0.043584 -26.4618
0.0365111 -5.49741e-07 0.0435194 -26.5188
0.0365111 -5.5021e-07 0.0434558 -26.5747
0.0365111 -5.50228e-07 0.043393 -26.6296
0.0365111 -5.50038e-07 0.0433311 -26.6834
0.0365111 -5.48192e-07 0.0432701 -26.7362
0.0365111 -5.46651e-07 0.04321 -26.7879
0.0365111 -5.48571e-07 0.0431508 -26.8386
0.0365111 -5.47314e-07 0.0430925 -26.8882
0.0365111 -5.45354e-07 0.0430351 -26.9368
0.0365111 -5.44973e-07 0.0429786 -26.9843
0.0365111 -5.41923e-07 0.042923 -27.0307
0.0365111 -5.41064e-07 0.0428683 -27.076
0.0365111 -5.41868e-07 0.0428146 -27.1203
0.0365111 -5.39882e-07 0.0427617 -27.1635
0.036511 -5.37788e-07 0.0427098 -27.2057
0.036511 -7.21413e-07 0.0426587 -27.2468
0.036511 -7.1963e-07 0.0426086 -27.2868
0.036511 -7.17517e-07 0.0425594 -27.3257
0.036511 -7.16933e-07 0.0425112 -27.3635
0.036511 -7.13222e-07 0.0424639 -27.4003
0.036511 -7.12929e-07 0.0424175 -27.4359
0.036511 -7.10382e-07 0.042372 -27.4705
0.036511 -7.06401e-07 0.0423275 -27.504
0.036511 -7.04266e-07 0.0422839 -27.5365
0.036511 -7.03481e-07 0.0422412 -27.5678
