-0.00185191 0 -1.12615e-05 0 0
-0.00185189 1.82525e-06 7.19646e-05 0 0
-0.00185188 1.83138e-06 0.000172833 0 0
-0.00185186 1.85188e-06 0.000318305 0 0
-0.00185184 1.87259e-06 0.00054018 0 0
-0.00185182 1.89347e-06 0.000872664 0 0
-0.0018518 1.91454e-06 0.00134971 0 0
-0.00185178 1.93579e-06 0.00200214 0 0
-0.00185176 1.95722e-06 0.00285494 0 0
-0.00185174 1.97883e-06 0.00392469 0 0
-0.00185172 2.00063e-06 0.00521767 0 0
-0.0018517 2.02262e-06 0.00672863 0 0
-0.00185168 2.0448e-06 0.00844032 0 0
-0.00185166 2.06717e-06 0.010324 0 0
-0.00185164 2.08974e-06 0.0123409 0 0
-0.00185162 2.11249e-06 0.014444 0 0
-0.0018516 2.13546e-06 0.0165813 0 0
-0.00185158 2.15862e-06 0.0186985 0 0
-0.00185155 2.18198e-06 0.0207426 0 0
-0.00185153 2.20555e-06 0.0226652 0 0
-0.00185151 2.22932e-06 0.024425 0 0
-0.00185149 2.2533e-06 0.0259905 0 0
-0.00185146 2.2775e-06 0.0273414 0 0
-0.00185144 2.3019e-06 0.0284694 0 0
-0.00185142 2.32651e-06 0.0293778 0 0
-0.00185139 2.35137e-06 0.0300806 0 0
-0.00185137 2.37642e-06 0.0306009 0 0
-0.00185135 2.40169e-06 0.0309683 0 0
-0.00185132 2.42719e-06 0.0312161 0 0
-0.0018513 2.45291e-06 0.0313788 0 0
-0.00185127 2.47888e-06 0.0314889 0 0
-0.00185125 2.50506e-06 0.0315864 0 0
-0.00185122 2.53148e-06 0.0315865 0 0
-0.0018512 2.55813e-06 0.0315865 0 0
-0.00185117 2.58502e-06 0.0315865 0 0
-0.00185115 2.61217e-06 0.0315866 0 0
-0.00185112 2.63954e-06 0.0315866 0 0
-0.00185109 2.66716e-06 0.0315866 0 0
-0.00185107 2.69502e-06 0.0315866 0 0
-0.00185104 2.72316e-06 0.0315866 0 0
-0.00185101 2.75153e-06 0.0315866 0 0
-0.00185098 2.78015e-06 0.0315867 0 0
-0.00185095 2.80903e-06 0.0315867 0 0
-0.00185093 2.8382e-06 0.0315867 0 0
-0.0018509 2.8676e-06 0.0315867 0 0
-0.00185087 2.89728e-06 0.0315867 0 0
-0.00185084 2.92723e-06 0.0315867 0 0
-0.00185081 2.95745e-06 0.0315868 0 0
-0.00185078 2.98796e-06 0.0315868 0 0
-0.00185075 3.01873e-06 0.0315868 0 0
-0.00185072 3.04978e-06 0.0315868 0 0
-0.00185069 3.08111e-06 0.0315868 0 0
-0.00185066 3.11274e-06 0.0315868 0 0
-0.00185063 3.14467e-06 0.0315869 0 0
-0.00185059 3.17687e-06 0.0315869 0 0
-0.00185056 3.20938e-06 0.0315869 0 0
-0.00185053 3.24218e-06 0.0315869 0 0
-0.0018505 3.2753e-06 0.0315869 0 0
-0.00185046 3.30871e-06 0.031587 0 0
-0.00185043 3.34244e-06 0.031587 0 0
-0.0018504 3.37646e-06 0.031587 0 0
-0.00185036 3.41081e-06 0.031587 0 0
-0.00185033 3.44548e-06 0.031587 0 0
-0.00185029 3.48049e-06 0.0315871 0 0
-0.00185026 3.5158e-06 0.0315871 0 0
-0.00185022 3.55146e-06 0.0315871 0 0
-0.00185019 3.58743e-06 0.0315871 0 0
-0.00185015 3.62377e-06 0.0315871 0 0
-0.00185011 3.66043e-06 0.0315872 0 0
-0.00185008 3.69743e-06 0.0315872 0 0
-0.00185004 3.73478e-06 0.0315872 0 0
-0.00185 3.77248e-06 0.0315872 0 0
-0.00184996 3.81055e-06 0.0315873 0 0
-0.00184993 3.84897e-06 0.0315873 0 0
-0.00184989 3.88775e-06 0.0315873 0 0
-0.00184985 3.9269e-06 0.0315873 0 0
-0.00184981 3.96643e-06 0.0315873 0 0
-0.00184977 4.00633e-06 0.0315874 0 0
-0.00184973 4.04661e-06 0.0315874 0 0
-0.00184969 4.08727e-06 0.0315874 0 0
-0.00184964 4.12832e-06 0.0315874 0 0
-0.0018496 4.16977e-06 0.0315875 0 0
-0.00184956 4.21161e-06 0.0315875 0 0
-0.00184952 4.25385e-06 0.0315875 0 0
-0.00184948 4.2965e-06 0.0315875 0 0
-0.00184943 4.33954e-06 0.0315876 0 0
-0.00184939 4.38303e-06 0.0315876 0 0
-0.00184934 4.42693e-06 0.0315876 0 0
-0.0018493 4.45904e-06 0.0315876 0 0
-0.00184925 4.50633e-06 0.0315877 0 0
-0.00184921 4.55414e-06 0.0315877 0 0
-0.00184916 4.60425e-06 0.0315877 0 0
-0.00184912 4.65679e-06 0.0315878 0 0
-0.00184907 4.71606e-06 0.0315878 0 0
-0.00184902 4.78576e-06 0.0315878 0 0
-0.00184897 4.88051e-06 0.0315878 0 0
-0.00184892 5.01749e-06 0.0315878 0 0
-0.00184887 5.1925e-06 0.0315879 0 0
-0.00184882 5.37076e-06 0.0315879 0 0
-0.00184876 5.55181e-06 0.0315879 0 0
-0.0018487 5.73559e-06 0.0315878 0 0
-0.00184864 5.92228e-06 0.0315878 0 0
-0.00184858 6.11171e-06 0.0315877 0 0
-0.00184852 6.30398e-06 0.0315877 0 0
-0.00184846 6.49921e-06 0.0315876 0 0
-0.00184839 6.69747e-06 0.0315874 0 0
-0.00184832 6.89872e-06 0.0315873 0 0
-0.00184825 7.103e-06 0.0315871 0 0
-0.00184818 7.31037e-06 0.0315869 0 0
-0.0018481 7.52085e-06 0.0315867 0 0
-0.00184802 7.73474e-06 0.0315865 0 0
-0.00184794 7.95169e-06 0.0315862 0 0
-0.00184786 8.17199e-06 0.031586 0 0
-0.00184778 8.39561e-06 0.0315858 0 0
-0.00184769 8.62271e-06 0.0315856 0 0
-0.0018476 8.85317e-06 0.0315854 0 0
-0.00184751 9.08711e-06 0.0315853 0 0
-0.00184742 9.32466e-06 0.0315851 0 0
-0.00184732 9.56588e-06 0.031585 0 0
-0.00184722 9.81064e-06 0.0315849 0 0
-0.00184712 1.00853e-05 0.0315848 0 0
-0.00184702 1.0443e-05 0.0315847 0 0
-0.00184691 1.08102e-05 0.0315846 0 0
-0.0018468 1.1332e-05 0.0315846 0 0
-0.00184666 1.38263e-05 0.0315844 0 0
-0.00184648 1.78908e-05 0.031584 0 0
-0.00184625 2.26629e-05 0.0315834 0 0
-0.00184598 2.78962e-05 0.0315825 0 0
-0.00184564 3.35349e-05 0.0315813 0 0
-0.00184521 4.34065e-05 0.0315791 0 0
-0.00184457 6.36095e-05 0.0315755 0 0
-0.00184363 9.41632e-05 0.0315699 0 0
-0.00184228 0.000135075 0.0315616 0 0
-0.00184041 0.000186356 0.0315498 0 0
-0.00183793 0.000248025 0.0315333 0 0
-0.00183473 0.000320112 0.0315107 0 0
-0.00183071 0.000402644 0.0314803 0 0
-0.00182575 0.000495654 0.0314403 0 0
-0.00181976 0.000599175 0.0313891 0 0
-0.00181263 0.000713245 0.0313247 0 0
-0.00180425 0.00083792 0.0312456 0 0
-0.00179452 0.000973238 0.0311503 0 0
-0.00178332 0.00111927 0.0310376 0 0
-0.00177056 0.00127605 0.0309069 0 0
-0.00175613 0.00144367 0.0307578 0 0
-0.00173991 0.00162218 0.0305902 0 0
-0.00172179 0.00181167 0.0304049 0 0
-0.00170167 0.0020122 0.0302026 0 0
-0.00167943 0.00222388 0.0299846 0 0
-0.00165496 0.00244679 0.0297525 0 0
-0.00162815 0.00268101 0.0295081 0 0
-0.00159889 0.00292668 0.0292531 0 0
-0.00156705 0.00318387 0.0289893 0 0
-0.00153252 0.00345273 0.0287186 0 0
-0.00149519 0.00373336 0.0284425 0 0
-0.00145493 0.00402589 0.0281625 0 0
-0.00141163 0.00433047 0.0278797 0 0
-0.00136516 0.00464723 0.0275948 0 0
-0.0013154 0.00497632 0.0273085 0 0
-0.00126222 0.0053179 0.027021 0 0
-0.0012055 0.00567213 0.0267327 0 0
-0.00114511 0.00603918 0.0264439 0 0
-0.00108092 0.00641925 0.0261547 0 0
-0.0010128 0.00681251 0.025865 0 0
-0.000940611 0.00721916 0.0255748 0 0
-0.00086422 0.00763942 0.0252839 0 0
-0.000783488 0.0080735 0.0249924 0 0
-0.000698275 0.00852162 0.0247001 0 0
-0.000608438 0.00898402 0.0244071 0 0
-0.000513833 0.00946095 0.0241131 0 0
-0.00041431 0.00995266 0.0238183 0 0
-0.00030972 0.0104594 0.0235224 0 0
-0.000199909 0.0109815 0.0232254 0 0
-8.47214e-05 0.0115193 0.0229272 0 0
3.60031e-05 0.012073 0.0226277 0 0
0.000162427 0.0126429 0.0223269 0 0
0.000294716 0.0132295 0.0220245 0 0
0.000433039 0.013833 0.0217206 0 0
0.000577571 0.0144538 0.0214149 0 0
0.000728488 0.0150923 0.0211074 0 0
0.000885971 0.015749 0.0207979 0 0
0.00105021 0.0164242 0.0204863 0 0
0.00122138 0.0171184 0.0201724 0 0
0.0013997 0.0178321 0.019856 0 0
0.00158535 0.0185657 0.019537 0 0
0.00177854 0.0193198 0.0192153 0 0
0.00197948 0.020095 0.0188905 0 0
0.00218839 0.0208918 0.0185624 0 0
0.00240548 0.0217108 0.0182309 0 0
0.002631 0.0225527 0.0178957 0 0
0.00286518 0.0234182 0.0175565 0 0
0.00310825 0.0243081 0.017213 0 0
0.00336047 0.0252232 0.0168648 0 0
0.0036221 0.0261642 0.0165117 0 0
0.00389341 0.0271322 0.0161533 0 0
0.00417468 0.0281282 0.015789 0 0
0.00446621 0.0291532 0.0154184 0 0
0.00476828 0.0302085 0.0150411 0 0
0.00508123 0.0312955 0.0146564 0 0
0.00540537 0.0324152 0.0142636 0 0
0.00574105 0.0335687 0.0138621 0 0
0.00608861 0.0347569 0.0134511 0 0
0.0064484 0.0359799 0.0130299 0 0
0.00682078 0.0372381 0.0125977 0 0
0.00720609 0.0385321 0.0121537 0 0
0.00760472 0.0398622 0.011697 0 0
0.00801701 0.0412291 0.0112271 0 0
0.00844335 0.0426334 0.0107432 0 0
0.00888411 0.044076 0.010245 0 0
0.0093397 0.0455582 0.00973211 0 0
0.00981053 0.0470816 0.00920434 0 0
0.010297 0.0486491 0.00866158 0 0
0.0107997 0.0502672 0.00810351 0 0
0.0113194 0.0519636 0.00752805 0 0
0.0118218 0.0502516 0.00718492 0 0
0.0123092 0.0487503 0.0068888 0 0
0.0127817 0.0472643 0.00671891 0 0
0.0132395 0.0457932 0.0067677 0 0
0.0136828 0.0443365 0.00713436 0 0
0.0141116 0.0428939 0.00791722 0 0
0.0145262 0.0414648 0.00920573 0 0
0.0149266 0.0400488 0.0110726 0 0
0.0153129 0.0386455 0.0135667 0 0
0.0156854 0.0372545 0.016708 0 0
0.0160441 0.0358753 0.0204833 0 0
0.0163891 0.0345076 0.0248459 0 0
0.0167206 0.0331509 0.0297166 0 0
0.0170386 0.0318047 0.0349874 0 0
0.0173432 0.0304687 0.0405276 0 0
0.0176346 0.0291425 0.0461917 0 0
0.0179128 0.0278256 0.0518279 0 0
0.0181779 0.0265176 0.0572879 0 0
0.0184301 0.0252181 0.0624356 0 0
0.0186693 0.0239267 0.0671552 0 0
0.0188957 0.022643 0.0713576 0 0
0.0191094 0.0213666 0.0749851 0 0
0.0193103 0.0200971 0.078013 0 0
0.0194986 0.018834 0.0804493 0 0
0.0196744 0.017577 0.0823318 0 0
0.0198376 0.0163257 0.0837229 0 0
0.0199884 0.0150797 0.0847033 0 0
0.0201268 0.0138385 0.0853646 0 0
0.0202528 0.0126018 0.085801 0 0
0.0203665 0.0113692 0.086102 0 0
0.0204679 0.0101402 0.0863475 0 0
0.020557 0.00891457 0.0863477 0 0
0.020634 0.00769179 0.0863478 0 0
0.0206987 0.0064715 0.086348 0 0
0.0207512 0.00525332 0.0863481 0 0
0.0207916 0.00403683 0.0863482 0 0
0.0208198 0.00282166 0.0863483 28 0
0.0208455 0.00257576 0.0863477 28 0
0.0208689 0.00233062 0.0863469 28 0
0.0208897 0.00208628 0.0863458 28 0
0.0209081 0.00184266 0.086344 28 0
0.0209241 0.00159961 0.0863412 28 0
0.0209377 0.00135715 0.0863373 28 0
0.0209489 0.00111518 0.086332 28 0
0.0209576 0.000873584 0.086325 28 0
0.0209639 0.000633812 0.0863162 28 0
0.0209679 0.00039848 0.0863053 28 0
0.0209696 0.00017196 0.0862919 28 0
0.0209692 -4.47059e-05 0.0862758 28 0
0.0209667 -0.000252426 0.0862566 28 0
0.0209621 -0.000454623 0.0862342 28 0
0.0209556 -0.000654301 0.0862082 28 0
0.020947 -0.000853002 0.0861779 28 0
0.0209365 -0.0010524 0.0861427 28 0
0.020924 -0.00125255 0.0861021 28 0
0.0209095 -0.00145353 0.0860555 28 0
0.0208929 -0.00165539 0.0860028 28 0
0.0208743 -0.00185821 0.0859441 28 0
0.0208537 -0.00206205 0.0858796 28 0
0.020831 -0.00226697 0.0858101 28 0
0.0208063 -0.00247305 0.0857366 28 0
0.0207795 -0.00268035 0.0856603 28 0
0.0207506 -0.00288893 0.0855826 28 0
0.0207196 -0.00309887 0.0855053 28 0
0.0206865 -0.00331024 0.0854299 28 0
0.0206513 -0.00352309 0.085358 28 0
0.0206139 -0.00373751 0.0852912 28 0
0.0205744 -0.00395356 0.0852306 28 0
0.0205327 -0.00417131 0.085178 28 0
0.0204888 -0.00439084 0.0851335 28 0
0.0204426 -0.00461221 0.0850972 28 0
0.0203943 -0.0048355 0.0850693 28 0
0.0203437 -0.00506079 0.0850492 28 0
0.0202908 -0.00528814 0.0850361 28 0
0.0202356 -0.00551763 0.0850291 28 0
0.0201781 -0.00574934 0.0850269 28 0
0.0201183 -0.00598334 0.0850284 28 0
0.0200561 -0.00621972 0.0850327 28 0
0.0199915 -0.00645853 0.0850391 28 0
0.0199245 -0.00669988 0.085047 28 0
0.019855 -0.00694384 0.0850559 28 0
0.0197831 -0.00719048 0.0850652 28 0
0.0197087 -0.00743989 0.0850747 28 0
0.0196318 -0.00769215 0.0850843 28 0
0.0195523 -0.00794735 0.0850938 28 0
0.0194703 -0.00820557 0.0851031 28 0
0.0193856 -0.00846689 0.0851124 28 0
0.0192983 -0.00873141 0.0851216 28 0
0.0192083 -0.0089992 0.0851307 28 0
0.0191156 -0.00927037 0.0851397 28 0
0.0190201 -0.00954499 0.0851487 28 0
0.0189219 -0.00982316 0.0851576 28 0
0.0188208 -0.010105 0.0851663 28 0
0.0187169 -0.0103905 0.0851751 28 0
0.0186101 -0.0106799 0.0851837 28 0
0.0185004 -0.0109732 0.0851923 28 0
0.0183877 -0.0112706 0.0852007 28 0
0.0182719 -0.011572 0.0852092 28 0
0.0181532 -0.0118777 0.0852175 28 0
0.0180313 -0.0121878 0.0852258 28 0
0.0179062 -0.0125022 0.085234 28 0
0.017778 -0.0128212 0.0852421 28 0
0.0176466 -0.0131449 0.0852502 28 0
0.0175118 -0.0134733 0.0852582 28 0
0.0173738 -0.0138065 0.0852662 28 0
0.0172323 -0.0141447 0.0852741 28 0
0.0170874 -0.0144881 0.085282 28 0
0.016939 -0.0148366 0.0852898 28 0
0.0167871 -0.0151905 0.0852975 28 0
0.0166316 -0.0155498 0.0853052 28 0
0.0164724 -0.0159146 0.0853129 28 0
0.0163096 -0.0162852 0.0853205 28 0
0.0161429 -0.0166616 0.0853281 28 0
0.0159725 -0.0170439 0.0853357 28 0
0.0157982 -0.0174323 0.0853432 28 0
0.0156199 -0.0178269 0.0853507 28 0
0.0154376 -0.0182279 0.0853582 28 0
0.0152512 -0.0186353 0.0853657 28 0
0.0150607 -0.0190493 0.0853732 28 0
0.014866 -0.0194702 0.0853806 28 0
0.014667 -0.0198979 0.0853881 28 0
0.0144636 -0.0203328 0.0853956 28 0
0.0142559 -0.0207748 0.0854031 28 0
0.0140436 -0.0212243 0.0854106 28 0
0.0138267 -0.0216813 0.0854182 28 0
0.0136053 -0.022146 0.0854258 28 0
0.0133791 -0.0226186 0.0854335 28 0
0.013148 -0.0230993 0.0854412 28 0
0.0129121 -0.0235884 0.0854491 28 0
0.0126712 -0.0240859 0.0854571 28 0
0.0124253 -0.0245922 0.0854653 28 0
0.0121742 -0.0251075 0.0854737 28 0
0.0119178 -0.0256321 0.0854823 28 0
0.0116561 -0.0261665 0.0854912 28 0
0.011389 -0.0267114 0.0855005 28 0
0.0111162 -0.0272684 0.0855105 28 0
0.010923 -0.0192431 0.0855209 28 0
0.0107434 -0.0179632 0.0851518 28 0
0.0106079 -0.0135486 0.0846901 28 0
0.0105166 -0.00913747 0.0840136 28 0
0.0104693 -0.00472869 0.0829809 28 0
0.0104661 -0.000321058 0.0814412 28 0
0.0104742 0.000807973 0.0794973 28 0
0.0104871 0.00129157 0.076876 28 0
0.0105004 0.00133455 0.0735492 28 0
0.0105135 0.00130987 0.0695385 28 0
0.0105264 0.00128396 0.0649468 28 0
0.0105389 0.0012585 0.0599347 28 0
0.0105513 0.00123354 0.054706 28 0
0.0105634 0.00120909 0.0494941 28 0
0.0105752 0.00118511 0.0445463 28 0
0.0105868 0.00116161 0.0401055 28 0
0.0105982 0.00113856 0.0363928 28 0
0.0106094 0.001116 0.0335909 28 0
0.0106203 0.00109386 0.0318306 28 0
0.010631 0.00107217 0.0311811 28 0
0.0106416 0.0010509 0.0316451 28 0
0.0106519 0.00103006 0.033159 28 0
0.0106619 0.00100963 0.0355982 28 0
0.0106718 0.000989603 0.0387872 28 0
0.0106815 0.000969985 0.0425133 28 0
0.0106911 0.000950739 0.0465434 28 0
0.0107004 0.000931892 0.050641 28 0
0.0107095 0.000913407 0.0545839 28 0
0.0107185 0.000895283 0.0581799 28 0
0.0107272 0.000877525 0.0612791 28 0
0.0107358 0.000860121 0.0637832 28 0
0.0107443 0.000843059 0.0656493 28 0
0.0107525 0.000826342 0.0672713 28 0
0.0107606 0.000809946 0.0683934 28 0
0.0107686 0.000793885 0.0691467 28 0
0.0107763 0.000778136 0.0696587 28 0
0.010784 0.000762695 0.0700432 28 0
0.0107914 0.000747565 0.0701414 28 0
0.0107988 0.000732742 0.0701797 28 0
0.010806 0.000718205 0.0701834 28 0
0.010813 0.00070395 0.070182 28 0
0.0108199 0.000689984 0.0701805 28 0
0.0108267 0.000676296 0.070179 28 0
0.0108333 0.000662879 0.0701775 28 0
0.0108398 0.000649733 0.070176 28 0
0.0108462 0.000636837 0.0701746 28 0
0.0108524 0.000624208 0.0701732 28 0
0.0108585 0.000611823 0.0701718 28 0
0.0108645 0.000599684 0.0701705 28 0
0.0108704 0.000587781 0.0701692 28 0
0.0108761 0.000576119 0.0701679 28 0
0.0108818 0.000564692 0.0701666 28 0
0.0108873 0.000553488 0.0701654 28 0
0.0108928 0.000542501 0.0701642 28 0
0.0108981 0.000531741 0.070163 28 0
0.0109033 0.00052119 0.0701618 28 0
0.0109084 0.000510848 0.0701607 28 0
0.0109134 0.000500711 0.0701596 28 0
0.0109183 0.000490776 0.0701585 28 0
0.0109231 0.000481032 0.0701574 28 0
0.0109278 0.000471487 0.0701563 28 0
0.0109325 0.00046213 0.0701553 28 0
0.010937 0.00045296 0.0701543 28 0
0.0109414 0.000443971 0.0701533 28 0
0.0109458 0.000435165 0.0701523 28 0
0.01095 0.000426529 0.0701513 28 0
0.0109542 0.000418063 0.0701504 28 0
0.0109583 0.000409767 0.0701495 28 0
0.0109623 0.000401634 0.0701486 28 0
0.0109663 0.000393663 0.0701477 28 0
0.0109701 0.000385851 0.0701468 28 0
0.0109739 0.000378189 0.070146 28 0
0.0109776 0.000370684 0.0701452 28 0
0.0109813 0.000363327 0.0701444 28 0
0.0109848 0.000356116 0.0701436 28 0
0.0109883 0.000349047 0.0701428 28 0
0.0109917 0.00034212 0.070142 28 0
0.0109951 0.00033533 0.0701413 28 0
0.0109984 0.000328676 0.0701405 28 0
0.0110016 0.00032215 0.0701398 28 0
0.0110047 0.000315756 0.0701391 28 0
0.0110078 0.000309491 0.0701384 28 0
0.0110109 0.000303345 0.0701377 28 0
0.0110138 0.000297324 0.070137 28 0
0.0110168 0.000291422 0.0701364 28 0
0.0110196 0.000285638 0.0701358 28 0
0.0110224 0.00027997 0.0701351 28 0
0.0110252 0.000274412 0.0701345 28 0
0.0110278 0.000268963 0.0701339 28 0
0.0110305 0.000263624 0.0701333 28 0
0.0110331 0.000258392 0.0701327 28 0
0.0110356 0.000253261 0.0701322 28 0
0.0110381 0.000248233 0.0701316 28 0
0.0110405 0.000243307 0.0701311 28 0
0.0110429 0.000238476 0.0701305 28 0
0.0110452 0.000233741 0.07013 28 0
0.0110475 0.000229101 0.0701295 28 0
0.0110498 0.000224553 0.070129 28 0
0.011052 0.000220095 0.0701285 28 0
0.0110541 0.000215726 0.070128 28 0
0.0110562 0.000211443 0.0701275 28 0
0.0110583 0.000207245 0.070127 28 0
0.0110604 0.00020313 0.0701266 28 0
0.0110623 0.000199097 0.0701261 28 0
0.0110643 0.000195146 0.0701257 28 0
0.0110662 0.000191272 0.0701253 28 0
0.0110681 0.000187473 0.0701248 28 0
0.0110699 0.000183752 0.0701244 28 0
0.0110717 0.000180102 0.070124 28 0
0.0110735 0.000176526 0.0701236 28 0
0.0110752 0.000173021 0.0701232 28 0
0.0110769 0.000169587 0.0701228 28 0
0.0110786 0.000166219 0.0701225 28 0
0.0110802 0.000162919 0.0701221 28 0
0.0110818 0.000159684 0.0701217 28 0
0.0110834 0.000156513 0.0701214 28 0
0.0110849 0.000153405 0.070121 28 0
0.0110864 0.000150359 0.0701207 28 0
0.0110879 0.000147374 0.0701204 28 0
0.0110893 0.000144448 0.07012 28 0
0.0110907 0.00014158 0.0701197 28 0
0.0110921 0.000138768 0.0701194 28 0
0.0110935 0.000136014 0.0701191 28 0
0.0110948 0.000133313 0.0701188 28 0
0.0110961 0.000130666 0.0701185 28 0
0.0110974 0.00012807 0.0701182 28 0
0.0110987 0.000125527 0.0701179 28 0
0.0110999 0.000123035 0.0701177 28 0
0.0111011 0.000120592 0.0701174 28 0
0.0111023 0.000118198 0.0701171 28 0
0.0111034 0.00011585 0.0701168 28 0
0.0111046 0.00011355 0.0701166 28 0
0.0111057 0.000111294 0.0701163 28 0
0.0111068 0.000109084 0.0701161 28 0
0.0111078 0.000106913 0.0701158 28 0
0.0111089 0.00010478 0.0701156 28 0
0.0111099 0.000102692 0.0701154 28 0
0.0111109 0.000100652 0.0701151 28 0
0.0111119 9.86503e-05 0.0701149 28 0
0.0111129 9.66809e-05 0.0701147 28 0
0.0111138 9.47508e-05 0.0701145 28 0
0.0111148 9.28589e-05 0.0701143 28 0
0.0111157 9.10045e-05 0.0701141 28 0
0.0111166 8.91867e-05 0.0701139 28 0
0.0111174 8.74065e-05 0.0701137 28 0
0.0111183 8.56609e-05 0.0701135 28 0
0.0111191 8.39502e-05 0.0701133 28 0
0.01112 8.22732e-05 0.0701131 28 0
0.0111208 8.06306e-05 0.070113 28 0
0.0111215 7.90203e-05 0.0701128 28 0
0.0111223 7.74415e-05 0.0701126 28 0
0.0111231 7.58953e-05 0.0701125 28 0
0.0111238 7.43795e-05 0.0701123 28 0
0.0111246 7.28939e-05 0.0701122 28 0
0.0111253 7.1438e-05 0.070112 28 0
0.011126 7.00108e-05 0.0701119 28 0
0.0111267 6.86124e-05 0.0701117 28 0
0.0111273 6.72425e-05 0.0701116 28 0
0.011128 6.58989e-05 0.0701114 28 0
0.0111286 6.45827e-05 0.0701113 28 0
0.0111293 6.32926e-05 0.0701111 28 0
0.0111299 6.20284e-05 0.070111 28 0
0.0111305 6.07895e-05 0.0701109 28 0
0.0111311 5.95751e-05 0.0701107 28 0
0.0111317 5.8384e-05 0.0701106 28 0
0.0111322 5.72163e-05 0.0701104 28 0
0.0111328 5.6072e-05 0.0701103 28 0
0.0111334 5.49505e-05 0.0701102 28 0
0.0111339 5.38518e-05 0.07011 28 0
0.0111344 5.27744e-05 0.0701099 28 0
0.0111349 5.17187e-05 0.0701098 28 0
0.0111354 5.06842e-05 0.0701097 28 0
0.0111359 4.96704e-05 0.0701095 28 0
0.0111364 4.86772e-05 0.0701094 28 0
0.0111369 4.77033e-05 0.0701093 28 0
0.0111374 4.67494e-05 0.0701092 28 0
0.0111378 4.5815e-05 0.0701091 28 0
0.0111383 4.48996e-05 0.0701089 28 0
0.0111387 4.40028e-05 0.0701088 28 0
0.0111392 4.31233e-05 0.0701087 28 0
0.0111396 4.22617e-05 0.0701086 28 0
0.01114 4.14176e-05 0.0701085 28 0
0.0111404 4.059e-05 0.0701084 28 0
0.0111408 3.97791e-05 0.0701083 28 0
0.0111412 3.89843e-05 0.0701082 28 0
0.0111416 3.82052e-05 0.0701081 28 0
0.0111419 3.74419e-05 0.070108 28 0
0.0111423 3.66939e-05 0.0701079 28 0
0.0111427 3.59581e-05 0.0701079 28 0
0.011143 3.52357e-05 0.0701078 28 0
0.0111434 3.45276e-05 0.0701077 28 0
0.0111437 3.39638e-05 0.0701076 28 0
0.011144 3.34339e-05 0.0701075 28 0
0.0111444 3.29113e-05 0.0701074 28 0
0.0111447 3.23964e-05 0.0701073 28 0
0.011145 3.18896e-05 0.0701072 28 0
0.0111453 3.13908e-05 0.070107 28 0
0.0111456 3.08997e-05 0.0701069 28 0
0.0111459 3.04164e-05 0.0701067 28 0
0.0111462 2.99407e-05 0.0701065 28 0
0.0111465 2.94725e-05 0.0701063 28 0
0.0111468 2.90125e-05 0.070106 28 0
0.0111471 2.856e-05 0.0701058 28 0
0.0111474 2.81141e-05 0.0701055 28 0
0.0111477 2.76749e-05 0.0701052 28 0
0.0111479 2.72426e-05 0.0701049 28 0
0.0111482 2.68171e-05 0.0701046 28 0
0.0111485 2.63983e-05 0.0701044 28 0
0.0111487 2.59861e-05 0.0701041 28 0
0.011149 2.55803e-05 0.0701039 28 0
0.0111492 2.51809e-05 0.0701037 28 0
0.0111495 2.47884e-05 0.0701035 28 0
0.0111497 2.4402e-05 0.0701034 28 0
0.01115 2.40218e-05 0.0701033 28 0
0.0111502 2.36475e-05 0.0701033 28 0
0.0111504 2.32791e-05 0.0701032 28 0
0.0111507 2.29164e-05 0.0701032 28 0
0.0111509 2.25595e-05 0.0701032 28 0
0.0111511 2.22072e-05 0.0701033 28 0
0.0111513 2.18603e-05 0.0701033 28 0
0.0111515 2.15189e-05 0.0701034 28 0
0.0111518 2.11829e-05 0.0701034 28 0
0.011152 2.08521e-05 0.0701035 28 0
0.0111522 2.05266e-05 0.0701036 28 0
0.0111524 2.02068e-05 0.0701036 28 0
0.0111526 1.98916e-05 0.0701037 28 0
0.0111528 1.95814e-05 0.0701038 28 0
0.011153 1.92757e-05 0.0701038 28 0
0.0111532 1.89748e-05 0.0701039 28 0
0.0111533 1.86786e-05 0.070104 28 0
0.0111535 1.8387e-05 0.070104 28 0
0.0111537 1.81e-05 0.0701041 28 0
0.0111539 1.78175e-05 0.0701041 28 0
0.0111541 1.75396e-05 0.0701042 28 0
0.0111542 1.72673e-05 0.0701043 28 0
0.0111544 1.70462e-05 0.0701043 28 0
0.0111546 1.68282e-05 0.0701044 28 0
0.0111547 1.66131e-05 0.0701044 28 0
0.0111549 1.64007e-05 0.0701045 28 0
0.0111551 1.61912e-05 0.0701045 28 0
0.0111552 1.59974e-05 0.0701045 28 0
0.0111554 1.58144e-05 0.0701045 28 0
0.0111555 1.56335e-05 0.0701046 28 0
0.0111557 1.54548e-05 0.0701046 28 0
0.0111558 1.52781e-05 0.0701046 28 0
0.011156 1.51034e-05 0.0701045 28 0
0.0111561 1.49309e-05 0.0701045 28 0
0.0111563 1.47606e-05 0.0701045 28 0
0.0111564 1.45922e-05 0.0701044 28 0
0.0111566 1.44257e-05 0.0701044 28 0
0.0111567 1.42612e-05 0.0701043 28 0
0.0111569 1.40986e-05 0.0701043 28 0
0.011157 1.39378e-05 0.0701042 28 0
0.0111571 1.37789e-05 0.0701042 28 0
0.0111573 1.36219e-05 0.0701041 28 0
0.0111574 1.34666e-05 0.0701041 28 0
0.0111575 1.33132e-05 0.0701041 28 0
0.0111577 1.31615e-05 0.0701041 28 0
0.0111578 1.30115e-05 0.0701041 28 0
0.0111579 1.28633e-05 0.0701041 28 0
0.0111581 1.27168e-05 0.0701041 28 0
0.0111582 1.2572e-05 0.0701042 28 0
0.0111583 1.24289e-05 0.0701042 28 0
0.0111584 1.22874e-05 0.0701043 28 0
0.0111586 1.21475e-05 0.0701044 28 0
0.0111587 1.20092e-05 0.0701044 28 0
0.0111588 1.18726e-05 0.0701045 28 0
0.0111589 1.17375e-05 0.0701046 28 0
0.011159 1.16039e-05 0.0701046 28 0
0.0111591 1.14719e-05 0.0701047 28 0
0.0111593 1.13412e-05 0.0701048 28 0
0.0111594 1.12119e-05 0.0701049 28 0
0.0111595 1.10842e-05 0.070105 28 0
0.0111596 1.0958e-05 0.070105 28 0
0.0111597 1.08332e-05 0.0701051 28 0
0.0111598 1.07098e-05 0.0701052 28 0
0.0111599 1.05879e-05 0.0701052 28 0
0.01116 1.04673e-05 0.0701053 28 0
0.0111601 1.03482e-05 0.0701054 28 0
0.0111602 1.02304e-05 0.0701055 28 0
0.0111603 1.01139e-05 0.0701055 28 0
0.0111604 9.99885e-06 0.0701056 28 0
0.0111605 9.88507e-06 0.0701057 28 0
0.0111606 9.7726e-06 0.0701057 28 0
0.0111607 9.66154e-06 0.0701058 28 0
0.0111608 9.55183e-06 0.0701059 28 0
0.0111609 9.4434e-06 0.0701059 28 0
0.011161 9.33621e-06 0.070106 28 0
0.0111611 9.23022e-06 0.0701061 28 0
0.0111612 9.12547e-06 0.0701061 28 0
0.0111613 9.02193e-06 0.0701062 28 0
0.0111614 8.91956e-06 0.0701063 28 0
0.0111614 8.81837e-06 0.0701063 28 0
0.0111615 8.71835e-06 0.0701064 28 0
0.0111616 8.61947e-06 0.0701064 28 0
0.0111617 8.52173e-06 0.0701065 28 0
0.0111618 8.4251e-06 0.0701066 28 0
0.0111619 8.32959e-06 0.0701066 28 0
0.011162 8.23518e-06 0.0701067 28 0
0.011162 8.14185e-06 0.0701067 28 0
0.0111621 8.04959e-06 0.0701068 28 0
0.0111622 7.95838e-06 0.0701068 28 0
0.0111623 7.86821e-06 0.0701069 28 0
0.0111624 7.7791e-06 0.0701069 28 0
0.0111624 7.691e-06 0.070107 28 0
0.0111625 7.6039e-06 0.070107 28 0
0.0111626 7.51781e-06 0.0701071 28 0
0.0111627 7.4327e-06 0.0701071 28 0
0.0111627 7.34857e-06 0.0701072 28 0
0.0111628 7.2654e-06 0.0701073 28 0
0.0111629 7.1832e-06 0.0701073 28 0
0.0111629 7.10193e-06 0.0701073 28 0
0.011163 7.02159e-06 0.0701074 28 0
0.0111631 6.94217e-06 0.0701074 28 0
0.0111632 6.86367e-06 0.0701075 28 0
0.0111632 6.78605e-06 0.0701075 28 0
0.0111633 6.70934e-06 0.0701076 28 0
0.0111634 6.6335e-06 0.0701076 28 0
0.0111634 6.55852e-06 0.0701077 28 0
0.0111635 6.48441e-06 0.0701077 28 0
0.0111636 6.41114e-06 0.0701078 28 0
0.0111636 6.33873e-06 0.0701078 28 0
0.0111637 6.26713e-06 0.0701079 28 0
0.0111637 6.19636e-06 0.0701079 28 0
0.0111638 6.12639e-06 0.0701079 28 0
0.0111639 6.05723e-06 0.070108 28 0
0.0111639 5.98886e-06 0.070108 28 0
0.011164 5.92127e-06 0.0701081 28 0
0.011164 5.85445e-06 0.0701081 28 0
0.0111641 5.7884e-06 0.0701081 28 0
0.0111642 5.7231e-06 0.0701082 28 0
0.0111642 5.65855e-06 0.0701082 28 0
0.0111643 5.59475e-06 0.0701083 28 0
0.0111643 5.53167e-06 0.0701083 28 0
0.0111644 5.46931e-06 0.0701083 28 0
0.0111644 5.40768e-06 0.0701084 28 0
0.0111645 5.34673e-06 0.0701084 28 0
0.0111645 5.28649e-06 0.0701085 28 0
0.0111646 5.22695e-06 0.0701085 28 0
0.0111646 5.16808e-06 0.0701085 28 0
0.0111647 5.10988e-06 0.0701086 28 0
0.0111647 5.05235e-06 0.0701086 28 0
0.0111648 4.99547e-06 0.0701086 28 0
0.0111648 4.93925e-06 0.0701087 28 0
0.0111649 4.88368e-06 0.0701087 28 0
0.0111649 4.82873e-06 0.0701087 28 0
0.011165 4.77442e-06 0.0701088 28 0
0.011165 4.72072e-06 0.0701088 28 0
0.0111651 4.66764e-06 0.0701088 28 0
0.0111651 4.61517e-06 0.0701089 28 0
0.0111652 4.5633e-06 0.0701089 28 0
0.0111652 4.51203e-06 0.0701089 28 0
0.0111653 4.46133e-06 0.070109 28 0
0.0111653 4.41122e-06 0.070109 28 0
0.0111654 4.36168e-06 0.070109 28 0
0.0111654 4.31271e-06 0.070109 28 0
0.0111654 4.26428e-06 0.0701091 28 0
0.0111655 4.21642e-06 0.0701091 28 0
0.0111655 4.16911e-06 0.0701091 28 0
0.0111656 4.12233e-06 0.0701092 28 0
0.0111656 4.0761e-06 0.0701092 28 0
0.0111656 4.03039e-06 0.0701092 28 0
0.0111657 3.9852e-06 0.0701092 28 0
0.0111657 3.94053e-06 0.0701093 28 0
0.0111658 3.89637e-06 0.0701093 28 0
0.0111658 3.85272e-06 0.0701093 28 0
0.0111658 3.81159e-06 0.0701094 28 0
0.0111659 3.77492e-06 0.0701094 28 0
0.0111659 3.75512e-06 0.0701094 28 0
0.0111659 3.7355e-06 0.0701094 28 0
0.011166 3.71598e-06 0.0701094 28 0
0.011166 3.69656e-06 0.0701095 28 0
0.0111661 3.67725e-06 0.0701095 28 0
0.0111661 3.65804e-06 0.0701095 28 0
0.0111661 3.63894e-06 0.0701095 28 0
0.0111662 3.61993e-06 0.0701095 28 0
0.0111662 3.60104e-06 0.0701095 28 0
0.0111662 3.58224e-06 0.0701095 28 0
0.0111663 3.56355e-06 0.0701095 28 0
0.0111663 3.54496e-06 0.0701095 28 0
0.0111663 3.52646e-06 0.0701095 28 0
0.0111664 3.50807e-06 0.0701095 28 0
0.0111664 3.48977e-06 0.0701095 28 0
0.0111665 3.47159e-06 0.0701094 28 0
0.0111665 3.45349e-06 0.0701094 28 0
0.0111665 3.43549e-06 0.0701094 28 0
0.0111666 3.41759e-06 0.0701094 28 0
0.0111666 3.39979e-06 0.0701094 28 0
0.0111666 3.38207e-06 0.0701094 28 0
0.0111667 3.36447e-06 0.0701094 28 0
0.0111667 3.34694e-06 0.0701094 28 0
0.0111667 3.32952e-06 0.0701094 28 0
0.0111668 3.31219e-06 0.0701095 28 0
0.0111668 3.29496e-06 0.0701095 28 0
0.0111668 3.27782e-06 0.0701095 28 0
0.0111669 3.26076e-06 0.0701095 28 0
0.0111669 3.2438e-06 0.0701096 28 0
0.0111669 3.22694e-06 0.0701096 28 0
0.011167 3.21015e-06 0.0701096 28 0
0.011167 3.19382e-06 0.0701096 28 0
0.011167 3.17772e-06 0.0701097 28 0
0.011167 3.1617e-06 0.0701097 28 0
0.0111671 3.14577e-06 0.0701097 28 0
0.0111671 3.12992e-06 0.0701098 28 0
0.0111671 3.11416e-06 0.0701098 28 0
0.0111672 3.09835e-06 0.0701098 28 0
0.0111672 3.08228e-06 0.0701098 28 0
0.0111672 3.0663e-06 0.0701099 28 0
0.0111673 3.0504e-06 0.0701099 28 0
0.0111673 3.03459e-06 0.0701099 28 0
0.0111673 3.01887e-06 0.07011 28 0
0.0111674 3.00323e-06 0.07011 28 0
0.0111674 2.98767e-06 0.07011 28 0
0.0111674 2.9722e-06 0.07011 28 0
0.0111674 2.95681e-06 0.0701101 28 0
0.0111675 2.94151e-06 0.0701101 28 0
0.0111675 2.92628e-06 0.0701101 28 0
0.0111675 2.91114e-06 0.0701102 28 0
0.0111676 2.89608e-06 0.0701102 28 0
0.0111676 2.88109e-06 0.0701102 28 0
0.0111676 2.86619e-06 0.0701102 28 0
0.0111676 2.85137e-06 0.0701103 28 0
0.0111677 2.83665e-06 0.0701103 28 0
0.0111677 2.82597e-06 0.0701103 28 0
0.0111677 2.81534e-06 0.0701103 28 0
0.0111678 2.80476e-06 0.0701104 28 0
0.0111678 2.79421e-06 0.0701104 28 0
0.0111678 2.78371e-06 0.0701104 28 0
0.0111678 2.77324e-06 0.0701104 28 0
0.0111679 2.76299e-06 0.0701105 28 0
0.0111679 2.75309e-06 0.0701105 28 0
0.0111679 2.74323e-06 0.0701105 28 0
0.011168 2.7334e-06 0.0701105 28 0
0.011168 2.72362e-06 0.0701105 28 0
0.011168 2.71386e-06 0.0701106 28 0
0.011168 2.70415e-06 0.0701106 28 0
0.0111681 2.69447e-06 0.0701106 28 0
0.0111681 2.68483e-06 0.0701106 28 0
0.0111681 2.67573e-06 0.0701106 28 0
0.0111681 2.66921e-06 0.0701107 28 0
0.0111682 2.66234e-06 0.0701107 28 0
0.0111682 2.6555e-06 0.0701107 28 0
0.0111682 2.64877e-06 0.0701107 28 0
0.0111682 2.64909e-06 0.0701107 28 0
0.0111683 2.64943e-06 0.0701107 28 0
0.0111683 2.64977e-06 0.0701108 28 0
0.0111683 2.65009e-06 0.0701108 28 0
0.0111684 2.65042e-06 0.0701108 28 0
0.0111684 2.65075e-06 0.0701108 28 0
0.0111684 2.65108e-06 0.0701108 28 0
0.0111684 2.6514e-06 0.0701108 28 0
0.0111685 2.65173e-06 0.0701109 28 0
0.0111685 2.65205e-06 0.0701109 28 0
0.0111685 2.65236e-06 0.0701109 28 0
0.0111685 2.65268e-06 0.0701109 28 0
0.0111686 2.65299e-06 0.0701109 28 0
0.0111686 2.6533e-06 0.0701109 28 0
0.0111686 2.65361e-06 0.0701109 28 0
0.0111686 2.65392e-06 0.0701109 28 0
0.0111687 2.65422e-06 0.0701109 28 0
0.0111687 2.65453e-06 0.0701109 28 0
0.0111687 2.65482e-06 0.0701109 28 0
0.0111688 2.65512e-06 0.0701109 28 0
0.0111688 2.65542e-06 0.070111 28 0
0.0111688 2.65571e-06 0.070111 28 0
0.0111688 2.656e-06 0.070111 28 0
0.0111689 2.65629e-06 0.070111 28 0
0.0111689 2.65658e-06 0.070111 28 0
0.0111689 2.65686e-06 0.0701111 28 0
0.0111689 2.65714e-06 0.0701111 28 0
0.011169 2.65743e-06 0.0701111 28 0
0.011169 2.65771e-06 0.0701111 28 0
0.011169 2.65818e-06 0.0701111 28 0
0.011169 2.65919e-06 0.0701112 28 0
0.0111691 2.66019e-06 0.0701112 28 0
0.0111691 2.6612e-06 0.0701112 28 0
0.0111691 2.66219e-06 0.0701112 28 0
0.0111692 2.6632e-06 0.0701113 28 0
0.0111692 2.66419e-06 0.0701113 28 0
0.0111692 2.66518e-06 0.0701113 28 0
0.0111692 2.66618e-06 0.0701114 28 0
0.0111693 2.66651e-06 0.0701114 28 0
0.0111693 2.66676e-06 0.0701114 28 0
0.0111693 2.66702e-06 0.0701114 28 0
0.0111693 2.66728e-06 0.0701115 28 0
0.0111694 2.66752e-06 0.0701115 28 0
0.0111694 2.66778e-06 0.0701115 28 0
0.0111694 2.66803e-06 0.0701115 28 0
0.0111694 2.66828e-06 0.0701116 28 0
0.0111695 2.66852e-06 0.0701116 28 0
0.0111695 2.66876e-06 0.0701116 28 0
0.0111695 2.669e-06 0.0701116 28 0
0.0111696 2.66924e-06 0.0701117 28 0
0.0111696 2.66948e-06 0.0701117 28 0
0.0111696 2.66972e-06 0.0701117 28 0
0.0111696 2.66995e-06 0.0701117 28 0
0.0111697 2.67018e-06 0.0701118 28 0
0.0111697 2.67042e-06 0.0701118 28 0
0.0111697 2.67064e-06 0.0701118 28 0
0.0111697 2.67087e-06 0.0701118 28 0
0.0111698 2.6711e-06 0.0701119 28 0
0.0111698 2.67132e-06 0.0701119 28 0
0.0111698 2.67154e-06 0.0701119 28 0
0.0111698 2.67177e-06 0.0701119 28 0
0.0111699 2.67199e-06 0.070112 28 0
0.0111699 2.67221e-06 0.070112 28 0
0.0111699 2.67242e-06 0.070112 28 0
0.01117 2.67263e-06 0.070112 28 0
0.01117 2.67284e-06 0.0701121 28 0
0.01117 2.67306e-06 0.0701121 28 0
0.01117 2.67327e-06 0.0701121 28 0
0.0111701 2.67348e-06 0.0701121 28 0
0.0111701 2.67369e-06 0.0701122 28 0
0.0111701 2.67389e-06 0.0701122 28 0
0.0111701 2.67408e-06 0.0701122 28 0
0.0111702 2.67426e-06 0.0701122 28 0
0.0111702 2.67444e-06 0.0701123 28 0
0.0111702 2.67462e-06 0.0701123 28 0
0.0111702 2.67479e-06 0.0701123 28 0
0.0111703 2.67497e-06 0.0701123 28 0
0.0111703 2.67514e-06 0.0701124 28 0
0.0111703 2.67532e-06 0.0701124 28 0
0.0111704 2.67549e-06 0.0701124 28 0
0.0111704 2.67566e-06 0.0701124 28 0
0.0111704 2.67583e-06 0.0701125 28 0
0.0111704 2.67599e-06 0.0701125 28 0
0.0111705 2.67616e-06 0.0701125 28 0
0.0111705 2.67633e-06 0.0701125 28 0
0.0111705 2.67649e-06 0.0701126 28 0
0.0111705 2.67665e-06 0.0701126 28 0
0.0111706 2.67681e-06 0.0701126 28 0
0.0111706 2.67697e-06 0.0701126 28 0
0.0111706 2.67713e-06 0.0701127 28 0
0.0111706 2.67729e-06 0.0701127 28 0
0.0111707 2.67744e-06 0.0701127 28 0
0.0111707 2.6776e-06 0.0701127 28 0
0.0111707 2.67775e-06 0.0701128 28 0
0.0111708 2.6779e-06 0.0701128 28 0
0.0111708 2.67805e-06 0.0701128 28 0
0.0111708 2.6782e-06 0.0701128 28 0
0.0111708 2.67834e-06 0.0701129 28 0
0.0111709 2.67849e-06 0.0701129 28 0
0.0111709 2.67864e-06 0.0701129 28 0
0.0111709 2.67878e-06 0.0701129 28 0
0.0111709 2.67892e-06 0.070113 28 0
0.011171 2.67907e-06 0.070113 28 0
0.011171 2.6792e-06 0.070113 28 0
0.011171 2.67934e-06 0.0701131 28 0
0.011171 2.67948e-06 0.0701131 28 0
0.0111711 2.67961e-06 0.0701131 28 0
0.0111711 2.67975e-06 0.0701131 28 0
0.0111711 2.67989e-06 0.0701132 28 0
0.0111712 2.68002e-06 0.0701132 28 0
0.0111712 2.68015e-06 0.0701132 28 0
0.0111712 2.68028e-06 0.0701132 28 0
0.0111712 2.68041e-06 0.0701133 28 0
0.0111713 2.68054e-06 0.0701133 28 0
0.0111713 2.68067e-06 0.0701133 28 0
0.0111713 2.68079e-06 0.0701133 28 0
0.0111713 2.68092e-06 0.0701134 28 0
0.0111714 2.68104e-06 0.0701134 28 0
0.0111714 2.68116e-06 0.0701134 28 0
0.0111714 2.68129e-06 0.0701134 28 0
0.0111715 2.68141e-06 0.0701135 28 0
0.0111715 2.68153e-06 0.0701135 28 0
0.0111715 2.68165e-06 0.0701135 28 0
0.0111715 2.68176e-06 0.0701135 28 0
0.0111716 2.68188e-06 0.0701136 28 0
0.0111716 2.682e-06 0.0701136 28 0
0.0111716 2.68211e-06 0.0701136 28 0
0.0111716 2.68222e-06 0.0701136 28 0
0.0111717 2.68234e-06 0.0701137 28 0
0.0111717 2.68245e-06 0.0701137 28 0
0.0111717 2.68256e-06 0.0701137 28 0
0.0111717 2.68267e-06 0.0701137 28 0
0.0111718 2.68278e-06 0.0701138 28 0
0.0111718 2.68289e-06 0.0701138 28 0
0.0111718 2.68299e-06 0.0701138 28 0
0.0111719 2.6831e-06 0.0701138 28 0
0.0111719 2.68321e-06 0.0701139 28 0
0.0111719 2.68331e-06 0.0701139 28 0
0.0111719 2.68341e-06 0.0701139 28 0
0.011172 2.68352e-06 0.0701139 28 0
0.011172 2.68362e-06 0.070114 28 0
0.011172 2.68373e-06 0.070114 28 0
0.011172 2.68384e-06 0.070114 28 0
0.0111721 2.68394e-06 0.070114 28 0
0.0111721 2.68405e-06 0.0701141 28 0
0.0111721 2.68415e-06 0.0701141 28 0
0.0111721 2.68426e-06 0.0701141 28 0
0.0111722 2.68436e-06 0.0701141 28 0
0.0111722 2.68446e-06 0.0701142 28 0
0.0111722 2.68456e-06 0.0701142 28 0
0.0111723 2.68466e-06 0.0701142 28 0
0.0111723 2.68476e-06 0.0701143 28 0
0.0111723 2.68485e-06 0.0701143 28 0
0.0111723 2.68174e-06 0.0701143 28 0
0.0111724 2.68181e-06 0.0701143 28 0
0.0111724 2.68188e-06 0.0701144 28 0
0.0111724 2.6831e-06 0.0701144 28 0
0.0111724 2.69056e-06 0.0701144 28 0
0.0111725 2.6972e-06 0.0701144 28 0
0.0111725 2.70442e-06 0.0701145 28 0
0.0111725 2.71059e-06 0.0701145 28 0
0.0111726 2.71666e-06 0.0701145 28 0
0.0111726 2.72281e-06 0.0701145 28 0
0.0111726 2.7285e-06 0.0701145 28 0
0.0111726 2.73448e-06 0.0701146 28 0
0.0111727 2.73946e-06 0.0701146 28 0
0.0111727 2.74922e-06 0.0701146 28 0
0.0111727 2.75411e-06 0.0701146 28 0
0.0111727 2.76078e-06 0.0701146 28 0
0.0111728 2.76777e-06 0.0701146 28 0
0.0111728 2.77418e-06 0.0701147 28 0
0.0111728 2.7807e-06 0.0701147 28 0
0.0111729 2.78676e-06 0.0701147 28 0
0.0111729 2.79318e-06 0.0701147 28 0
0.0111729 2.79883e-06 0.0701147 28 0
0.0111729 2.80431e-06 0.0701147 28 0
0.011173 2.80968e-06 0.0701148 28 0
0.011173 2.81497e-06 0.0701148 28 0
0.011173 4.20488e-06 0.0701147 28 0
0.0111731 4.2237e-06 0.0701147 28 0
0.0111731 4.23856e-06 0.0701146 28 0
0.0111732 4.25148e-06 0.0701146 28 0
0.0111732 4.26456e-06 0.0701145 28 0
0.0111732 4.27703e-06 0.0701143 28 0
0.0111733 4.28939e-06 0.0701141 28 0
0.0111733 4.30153e-06 0.0701139 28 0
0.0111734 4.3126e-06 0.0701136 28 0
0.0111734 4.32364e-06 0.0701134 28 0
0.0111735 4.33406e-06 0.0701131 28 0
0.0111735 4.34397e-06 0.0701129 28 0
0.0111736 4.49964e-06 0.0701127 28 0
0.0111736 4.52547e-06 0.0701126 28 0
0.0111736 4.54835e-06 0.0701125 28 0
0.0111737 4.57254e-06 0.0701125 28 0
0.0111737 4.59722e-06 0.0701125 28 0
0.0111738 4.61956e-06 0.0701126 28 0
0.0111738 4.64159e-06 0.0701128 28 0
0.0111739 4.66249e-06 0.070113 28 0
0.0111739 4.68205e-06 0.0701132 28 0
0.011174 5.23866e-06 0.0701134 28 0
0.011174 5.26324e-06 0.0701137 28 0
0.0111741 5.2872e-06 0.0701139 28 0
0.0111741 5.3099e-06 0.0701141 28 0
0.0111742 5.33219e-06 0.0701143 28 0
0.0111742 5.28749e-06 0.0701144 28 0
0.0111743 4.87227e-06 0.0701145 28 0
0.0111743 4.89376e-06 0.0701146 28 0
0.0111744 4.91641e-06 0.0701146 28 0
0.0111744 4.93945e-06 0.0701146 28 0
0.0111745 4.96233e-06 0.0701147 28 0
0.0111745 4.98408e-06 0.0701147 28 0
0.0111746 5.00591e-06 0.0701148 28 0
0.0111746 5.02755e-06 0.0701149 28 0
0.0111747 5.04798e-06 0.070115 28 0
0.0111747 5.06866e-06 0.0701152 28 0
0.0111748 5.08901e-06 0.0701153 28 0
0.0111748 5.10816e-06 0.0701155 28 0
0.0111749 5.12755e-06 0.0701157 28 0
0.0111749 5.14622e-06 0.0701159 28 0
0.011175 5.16428e-06 0.0701161 28 0
0.011175 5.18142e-06 0.0701163 28 0
0.0111751 5.19867e-06 0.0701164 28 0
0.0111751 5.21516e-06 0.0701165 28 0
0.0111752 5.23064e-06 0.0701166 28 0
0.0111753 5.24589e-06 0.0701167 28 0
0.0111753 5.261e-06 0.0701167 28 0
0.0111754 5.27479e-06 0.0701167 28 0
0.0111754 5.2885e-06 0.0701167 28 0
0.0111755 5.30212e-06 0.0701167 28 0
0.0111755 5.31647e-06 0.0701167 28 0
0.0111756 5.33177e-06 0.0701167 28 0
0.0111756 5.34523e-06 0.0701167 28 0
0.0111757 5.35768e-06 0.0701167 28 0
0.0111757 5.36976e-06 0.0701167 28 0
0.0111758 5.38167e-06 0.0701168 28 0
0.0111758 5.3927e-06 0.0701168 28 0
0.0111759 5.40298e-06 0.0701168 28 0
0.0111759 5.41305e-06 0.0701169 28 0
0.011176 5.4223e-06 0.070117 28 0
0.0111761 5.43066e-06 0.070117 28 0
0.0111761 5.43805e-06 0.0701171 28 0
0.0111762 5.44523e-06 0.0701171 28 0
0.0111762 5.45627e-06 0.0701172 28 0
0.0111763 5.46749e-06 0.0701173 28 0
0.0111763 5.47886e-06 0.0701173 28 0
0.0111764 5.48797e-06 0.0701174 28 0
0.0111764 5.49664e-06 0.0701174 28 0
0.0111765 5.50528e-06 0.0701175 28 0
0.0111765 5.51176e-06 0.0701176 28 0
0.0111766 5.51823e-06 0.0701176 28 0
0.0111767 5.5243e-06 0.0701177 28 0
0.0111767 5.52807e-06 0.0701178 28 0
0.0111768 5.53201e-06 0.0701178 28 0
0.0111768 5.53451e-06 0.0701179 28 0
0.0111769 5.53547e-06 0.0701179 28 0
0.0111769 5.53557e-06 0.070118 28 0
0.011177 5.53772e-06 0.0701181 28 0
0.011177 5.53771e-06 0.0701181 28 0
0.0111771 5.53662e-06 0.0701182 28 0
0.0111772 5.53503e-06 0.0701182 28 0
0.0111772 5.53263e-06 0.0701183 28 0
0.0111773 5.53143e-06 0.0701184 28 0
0.0111773 5.53284e-06 0.0701184 28 0
0.0111774 5.53177e-06 0.0701185 28 0
0.0111774 5.52914e-06 0.0701186 28 0
0.0111775 5.52621e-06 0.0701187 28 0
0.0111775 5.52376e-06 0.0701187 28 0
0.0111776 5.52147e-06 0.0701188 28 0
0.0111777 5.51104e-06 0.0701189 28 0
0.0111777 5.49959e-06 0.070119 28 0
0.0111778 5.48773e-06 0.070119 28 0
0.0111778 5.47391e-06 0.0701191 28 0
0.0111779 5.45868e-06 0.0701192 28 0
0.0111779 5.44204e-06 0.0701193 28 0
0.011178 5.42546e-06 0.0701194 28 0
0.011178 5.40683e-06 0.0701194 28 0
0.0111781 5.39151e-06 0.0701195 28 0
0.0111781 5.38302e-06 0.0701196 28 0
0.0111782 5.36579e-06 0.0701197 28 0
0.0111783 5.34219e-06 0.0701197 28 0
0.0111783 5.31666e-06 0.0701198 28 0
0.0111784 5.29148e-06 0.0701199 28 0
0.0111784 5.26486e-06 0.07012 28 0
0.0111785 5.23741e-06 0.0701201 28 0
0.0111785 5.20858e-06 0.0701201 28 0
0.0111786 5.17639e-06 0.0701202 28 0
0.0111786 5.14341e-06 0.0701203 28 0
0.0111787 5.10981e-06 0.0701204 28 0
0.0111787 5.07692e-06 0.0701205 28 0
0.0111788 5.03842e-06 0.0701205 28 0
0.0111788 5.00297e-06 0.0701206 28 0
0.0111789 4.96104e-06 0.0701207 28 0
0.0111789 4.92081e-06 0.0701208 28 0
0.011179 4.88039e-06 0.0701209 28 0
0.011179 4.83794e-06 0.070121 28 0
0.0111791 4.79457e-06 0.070121 28 0
0.0111791 4.74732e-06 0.0701211 28 0
0.0111792 4.69824e-06 0.0701212 28 0
0.0111792 4.65075e-06 0.0701213 28 0
0.0111793 4.60156e-06 0.0701214 28 0
0.0111793 4.55086e-06 0.0701215 28 0
0.0111793 4.49895e-06 0.0701216 28 0
0.0111794 4.44505e-06 0.0701216 28 0
0.0111794 4.38971e-06 0.0701217 28 0
0.0111795 4.33491e-06 0.0701218 28 0
0.0111795 4.27436e-06 0.0701219 28 0
0.0111796 4.21812e-06 0.070122 28 0
0.0111796 4.15647e-06 0.0701221 28 0
0.0111796 4.09194e-06 0.0701221 28 0
0.0111797 4.03257e-06 0.0701222 28 0
0.0111797 3.96915e-06 0.0701223 28 0
0.0111798 3.90617e-06 0.0701224 28 0
0.0111798 3.83992e-06 0.0701225 28 0
0.0111798 3.76808e-06 0.0701226 28 0
0.0111799 3.70204e-06 0.0701226 28 0
0.0111799 3.63635e-06 0.0701227 28 0
0.0111799 3.55996e-06 0.0701228 28 0
0.01118 3.4881e-06 0.0701229 28 0
0.01118 3.41351e-06 0.070123 28 0
0.01118 3.33736e-06 0.070123 28 0
0.0111801 3.26702e-06 0.0701231 28 0
0.0111801 3.18651e-06 0.0701232 28 0
0.0111801 3.10393e-06 0.0701233 28 0
0.0111802 3.03215e-06 0.0701233 28 0
0.0111802 2.94884e-06 0.0701234 28 0
0.0111802 2.87196e-06 0.0701235 28 0
0.0111803 2.78644e-06 0.0701235 28 0
0.0111803 2.70836e-06 0.0701236 28 0
0.0111803 2.62557e-06 0.0701237 28 0
0.0111803 2.53611e-06 0.0701238 28 0
0.0111804 2.45233e-06 0.0701238 28 0
0.0111804 2.36571e-06 0.0701239 28 0
0.0111804 2.28544e-06 0.070124 28 0
0.0111804 2.19284e-06 0.070124 28 0
0.0111805 2.10965e-06 0.0701241 28 0
0.0111805 2.01497e-06 0.0701241 28 0
0.0111805 1.92967e-06 0.0701242 28 0
0.0111805 1.83702e-06 0.0701243 28 0
0.0111805 1.74714e-06 0.0701243 28 0
0.0111805 1.65553e-06 0.0701244 28 0
0.0111806 1.56901e-06 0.0701244 28 0
0.0111806 1.46921e-06 0.0701245 28 0
0.0111806 1.38277e-06 0.0701245 28 0
0.0111806 1.29292e-06 0.0701246 28 0
0.0111806 1.19341e-06 0.0701246 28 0
0.0111806 1.10743e-06 0.0701247 28 0
0.0111806 1.01253e-06 0.0701247 28 0
0.0111806 9.18864e-07 0.0701248 28 0
0.0111807 8.18344e-07 0.0701248 28 0
0.0111807 7.28081e-07 0.0701248 28 0
0.0111807 6.3901e-07 0.0701249 28 0
0.0111807 5.3245e-07 0.0701249 28 0
0.0111807 4.37025e-07 0.070125 28 0
0.0111807 3.44305e-07 0.070125 28 0
0.0111807 2.43969e-07 0.070125 28 0
0.0111807 1.6887e-07 0.070125 28 0
0.0111807 6.0035e-08 0.0701251 28 0
0.0111807 -3.03169e-08 0.0701251 28 0
0.0111807 -1.28179e-07 0.0701251 28 0
0.0111807 -2.25546e-07 0.0701251 28 0
0.0111807 -3.08448e-07 0.0701252 28 0
0.0111807 -4.05122e-07 0.0701252 28 0
0.0111807 -4.97425e-07 0.0701252 28 0
0.0111807 -5.94579e-07 0.0701252 28 0
0.0111807 -6.75785e-07 0.0701252 28 0
0.0111806 -7.72432e-07 0.0701252 28 0
0.0111806 -8.5057e-07 0.0701253 28 0
0.0111806 -9.4851e-07 0.0701253 28 0
0.0111806 -1.0322e-06 0.0701253 28 0
0.0111806 -1.11756e-06 0.0701253 28 0
0.0111806 -1.20993e-06 0.0701253 28 0
0.0111806 -1.30349e-06 0.0701253 28 0
0.0111806 -1.37857e-06 0.0701252 28 0
0.0111806 -1.47048e-06 0.0701252 28 0
0.0111805 -1.56355e-06 0.0701252 28 0
0.0111805 -1.64477e-06 0.0701252 28 0
0.0111805 -1.73041e-06 0.0701252 28 0
0.0111805 -1.80486e-06 0.0701252 28 0
0.0111805 -1.88158e-06 0.0701252 28 0
0.0111804 -1.90714e-06 0.0701251 28 0
0.0111804 -1.97061e-06 0.0701251 28 0
0.0111804 -2.06009e-06 0.0701251 28 0
0.0111804 -2.11437e-06 0.0701251 28 0
0.0111804 -2.20593e-06 0.070125 28 0
0.0111803 -2.26096e-06 0.070125 28 0
0.0111803 -2.34275e-06 0.070125 28 0
0.0111803 -2.39386e-06 0.0701249 28 0
0.0111803 -2.47775e-06 0.0701249 28 0
0.0111802 -2.54102e-06 0.0701248 28 0
0.0111802 -2.61259e-06 0.0701248 28 0
0.0111802 -2.65593e-06 0.0701247 28 0
0.0111802 -2.7407e-06 0.0701247 28 0
0.0111801 -2.79365e-06 0.0701246 28 0
0.0111801 -2.84339e-06 0.0701246 28 0
0.0111801 -2.90395e-06 0.0701245 28 0
0.01118 -2.9717e-06 0.0701244 28 0
0.01118 -3.01344e-06 0.0701244 28 0
0.01118 -3.08556e-06 0.0701243 28 0
0.01118 -3.11379e-06 0.0701243 28 0
0.0111799 -3.18923e-06 0.0701243 28 0
0.0111799 -3.23168e-06 0.0701242 28 0
0.0111799 -3.27226e-06 0.0701242 28 0
0.0111798 -3.32849e-06 0.0701241 28 0
0.0111798 -3.3645e-06 0.0701241 28 0
0.0111798 -3.40359e-06 0.070124 28 0
0.0111797 -3.45459e-06 0.070124 28 0
0.0111797 -3.4885e-06 0.0701239 28 0
0.0111797 -3.51812e-06 0.0701238 28 0
0.0111796 -3.5565e-06 0.0701238 28 0
0.0111796 -3.59048e-06 0.0701237 28 0
0.0111795 -3.64222e-06 0.0701237 28 0
0.0111795 -3.66494e-06 0.0701236 28 0
0.0111795 -3.6985e-06 0.0701235 28 0
0.0111794 -3.7284e-06 0.0701234 28 0
0.0111794 -3.74715e-06 0.0701234 28 0
0.0111794 -3.7834e-06 0.0701233 28 0
0.0111793 -3.81048e-06 0.0701232 28 0
0.0111793 -3.82984e-06 0.0701232 28 0
0.0111792 -3.85162e-06 0.0701231 28 0
0.0111792 -3.87767e-06 0.070123 28 0
0.0111792 -3.89436e-06 0.0701229 28 0
0.0111791 -3.91606e-06 0.0701229 28 0
0.0111791 -3.90701e-06 0.0701228 28 0
0.0111791 -3.94366e-06 0.0701227 28 0
0.011179 -3.9594e-06 0.0701226 28 0
0.011179 -3.96095e-06 0.0701226 28 0
0.0111789 -3.97558e-06 0.0701225 28 0
0.0111789 -3.99762e-06 0.0701224 28 0
0.0111789 -3.99219e-06 0.0701223 28 0
0.0111788 -3.99913e-06 0.0701223 28 0
0.0111788 -4.00917e-06 0.0701222 28 0
0.0111787 -4.00879e-06 0.0701221 28 0
0.0111787 -4.01453e-06 0.070122 28 0
0.0111787 -4.00563e-06 0.070122 28 0
0.0111786 -4.02414e-06 0.0701219 28 0
0.0111786 -4.00646e-06 0.0701218 28 0
0.0111785 -4.02713e-06 0.0701217 28 0
0.0111785 -3.99784e-06 0.0701217 28 0
0.0111785 -3.99546e-06 0.0701216 28 0
0.0111784 -3.98015e-06 0.0701215 28 0
0.0111784 -3.99117e-06 0.0701214 28 0
0.0111783 -3.98004e-06 0.0701213 28 0
0.0111783 -3.98415e-06 0.0701213 28 0
0.0111783 -3.94024e-06 0.0701212 28 0
0.0111782 -3.94212e-06 0.0701211 28 0
0.0111782 -3.93311e-06 0.070121 28 0
0.0111781 -3.92454e-06 0.070121 28 0
0.0111781 -3.89872e-06 0.0701209 28 0
0.0111781 -3.87276e-06 0.0701208 28 0
0.011178 -3.88261e-06 0.0701207 28 0
0.011178 -3.8537e-06 0.0701207 28 0
0.0111779 -3.8327e-06 0.0701206 28 0
0.0111779 -3.79707e-06 0.0701205 28 0
0.0111779 -3.77843e-06 0.0701205 28 0
0.0111778 -3.77495e-06 0.0701204 28 0
0.0111778 -3.76352e-06 0.0701203 28 0
0.0111778 -3.73682e-06 0.0701202 28 0
0.0111777 -3.71407e-06 0.0701202 28 0
0.0111777 -3.67509e-06 0.0701201 28 0
0.0111776 -3.64744e-06 0.07012 28 0
0.0111776 -3.63834e-06 0.07012 28 0
0.0111776 -3.60052e-06 0.0701199 28 0
0.0111775 -3.5734e-06 0.0701198 28 0
0.0111775 -3.55332e-06 0.0701198 28 0
0.0111775 -3.5175e-06 0.0701197 28 0
0.0111774 -3.49288e-06 0.0701197 28 0
0.0111774 -3.47988e-06 0.0701196 28 0
0.0111774 -3.46416e-06 0.0701195 28 0
0.0111773 -3.41683e-06 0.0701195 28 0
0.0111773 -3.38871e-06 0.0701194 28 0
0.0111773 -3.36507e-06 0.0701194 28 0
0.0111772 -3.33481e-06 0.0701193 28 0
0.0111772 -3.29406e-06 0.0701193 28 0
0.0111772 -3.26191e-06 0.0701192 28 0
0.0111771 -3.2254e-06 0.0701192 28 0
0.0111771 -3.19403e-06 0.0701191 28 0
0.0111771 -3.18385e-06 0.0701191 28 0
0.011177 -3.14079e-06 0.070119 28 0
0.011177 -3.0921e-06 0.070119 28 0
0.011177 -3.07647e-06 0.0701189 28 0
0.0111769 -3.04672e-06 0.0701189 28 0
0.0111769 -2.98856e-06 0.0701188 28 0
0.0111769 -2.9446e-06 0.0701188 28 0
0.0111768 -2.9532e-06 0.0701187 28 0
0.0111768 -2.90663e-06 0.0701187 28 0
0.0111768 -2.86156e-06 0.0701186 28 0
0.0111768 -2.8466e-06 0.0701186 28 0
0.0111767 -2.80559e-06 0.0701185 28 0
0.0111767 -2.75725e-06 0.0701185 28 0
0.0111767 -2.70519e-06 0.0701185 28 0
0.0111767 -2.66567e-06 0.0701184 28 0
0.0111766 -2.64848e-06 0.0701184 28 0
0.0111766 -2.61943e-06 0.0701183 28 0
0.0111766 -2.5785e-06 0.0701183 28 0
0.0111766 -2.54398e-06 0.0701183 28 0
0.0111765 -2.49059e-06 0.0701182 28 0
0.0111765 -2.48172e-06 0.0701182 28 0
0.0111765 -2.44117e-06 0.0701181 28 0
0.0111765 -2.41126e-06 0.0701181 28 0
0.0111764 -2.37585e-06 0.0701181 28 0
0.0111764 -2.34815e-06 0.070118 28 0
0.0111764 -2.31774e-06 0.070118 28 0
0.0111764 -2.27112e-06 0.070118 28 0
0.0111763 -2.25791e-06 0.070118 28 0
0.0111763 -2.20872e-06 0.0701179 28 0
0.0111763 -2.16169e-06 0.0701179 28 0
0.0111763 -2.13026e-06 0.0701179 28 0
0.0111763 -2.11437e-06 0.0701179 28 0
0.0111762 -2.08311e-06 0.0701178 28 0
0.0111762 -2.01059e-06 0.0701178 28 0
0.0111762 -1.99936e-06 0.0701178 28 0
0.0111762 -1.97936e-06 0.0701178 28 0
0.0111761 -1.96268e-06 0.0701178 28 0
0.0111761 -1.90815e-06 0.0701177 28 0
0.0111761 -1.87629e-06 0.0701177 28 0
0.0111761 -1.84843e-06 0.0701177 28 0
0.0111761 -1.80565e-06 0.0701177 28 0
0.0111761 -1.78034e-06 0.0701177 28 0
0.011176 -1.73675e-06 0.0701176 28 0
0.011176 -1.72257e-06 0.0701176 28 0
0.011176 -1.69089e-06 0.0701176 28 0
0.011176 -1.65678e-06 0.0701176 28 0
0.011176 -1.6138e-06 0.0701176 28 0
0.011176 -1.58309e-06 0.0701175 28 0
0.0111759 -1.53663e-06 0.0701175 28 0
0.0111759 -1.53353e-06 0.0701175 28 0
0.0111759 -1.49506e-06 0.0701175 28 0
0.0111759 -1.48355e-06 0.0701175 28 0
0.0111759 -1.44769e-06 0.0701175 28 0
0.0111759 -1.42656e-06 0.0701174 28 0
0.0111759 -1.38967e-06 0.0701174 28 0
0.0111758 -1.37036e-06 0.0701174 28 0
0.0111758 -1.33282e-06 0.0701174 28 0
0.0111758 -1.29483e-06 0.0701174 28 0
0.0111758 -1.27919e-06 0.0701174 28 0
0.0111758 -1.23904e-06 0.0701174 28 0
0.0111758 -1.19858e-06 0.0701174 28 0
0.0111758 -1.19207e-06 0.0701174 28 0
0.0111758 -1.1562e-06 0.0701174 28 0
0.0111757 -1.12837e-06 0.0701173 28 0
0.0111757 -1.09904e-06 0.0701173 28 0
0.0111757 -1.10289e-06 0.0701173 28 0
0.0111757 -1.06824e-06 0.0701173 28 0
0.0111757 -1.03569e-06 0.0701173 28 0
0.0111757 -1.004e-06 0.0701173 28 0
0.0111757 -9.90534e-07 0.0701173 28 0
0.0111757 -9.60119e-07 0.0701173 28 0
0.0111757 -9.3661e-07 0.0701173 28 0
0.0111757 -8.99058e-07 0.0701173 28 0
0.0111756 -8.68607e-07 0.0701173 28 0
0.0111756 -8.60069e-07 0.0701173 28 0
0.0111756 -8.32573e-07 0.0701173 28 0
0.0111756 -8.11598e-07 0.0701173 28 0
0.0111756 -7.81994e-07 0.0701173 28 0
0.0111756 -7.65381e-07 0.0701172 28 0
0.0111756 -7.40534e-07 0.0701172 28 0
0.0111756 -7.10426e-07 0.0701172 28 0
0.0111756 -7.10839e-07 0.0701172 28 0
0.0111756 -6.81682e-07 0.0701172 28 0
0.0111756 -6.69096e-07 0.0701172 28 0
0.0111756 -6.53271e-07 0.0701172 28 0
0.0111756 -6.18857e-07 0.0701172 28 0
0.0111755 -6.0036e-07 0.0701172 28 0
0.0111755 -5.78977e-07 0.0701172 28 0
0.0111755 -5.5449e-07 0.0701172 28 0
0.0111755 -5.47205e-07 0.0701172 28 0
0.0111755 -5.13686e-07 0.0701172 28 0
0.0111755 -5.01428e-07 0.0701172 28 0
0.0111755 -4.78635e-07 0.0701172 28 0
0.0111755 -4.73809e-07 0.0701172 28 0
0.0111755 -4.55338e-07 0.0701172 28 0
0.0111755 -4.31311e-07 0.0701172 28 0
0.0111755 -4.24697e-07 0.0701172 28 0
0.0111755 -4.05601e-07 0.0701172 28 0
0.0111755 -3.77398e-07 0.0701172 28 0
0.0111755 -3.58922e-07 0.0701172 28 0
0.0111755 -3.52006e-07 0.0701172 28 0
0.0111755 -3.37993e-07 0.0701172 28 0
0.0111755 -3.20536e-07 0.0701172 28 0
0.0111755 -3.0875e-07 0.0701173 28 0
0.0111755 -2.95447e-07 0.0701173 28 0
0.0111755 -2.75687e-07 0.0701173 28 0
0.0111755 -2.66298e-07 0.0701173 28 0
0.0111755 -2.48616e-07 0.0701173 28 0
0.0111755 -2.41784e-07 0.0701173 28 0
0.0111755 -2.13709e-07 0.0701173 28 0
0.0111755 -2.13719e-07 0.0701173 28 0
0.0111755 -1.9246e-07 0.0701173 28 0
0.0111755 -1.70557e-07 0.0701173 28 0
0.0111755 -1.61366e-07 0.0701173 28 0
0.0111755 -1.39561e-07 0.0701173 28 0
0.0111754 -1.31221e-07 0.0701173 28 0
0.0111754 -1.20873e-07 0.0701173 28 0
0.0111754 -1.1986e-07 0.0701173 28 0
0.0111754 -9.89709e-08 0.0701173 28 0
0.0111754 -9.65385e-08 0.0701173 28 0
0.0111754 -8.74863e-08 0.0701173 28 0
0.0111754 -8.60834e-08 0.0701173 28 0
0.0111754 -6.06519e-08 0.0701173 28 0
0.0111754 -4.06998e-08 0.0701173 28 0
0.0111754 -2.22342e-08 0.0701173 28 0
0.0111754 -1.65502e-08 0.0701173 28 0
0.0111754 -1.53767e-08 0.0701173 28 0
0.0111754 -2.0961e-09 0.0701173 28 0
0.0111754 6.52958e-09 0.0701173 28 0
0.0111754 1.68737e-08 0.0701173 28 0
0.0111754 2.90167e-08 0.0701173 28 0
0.0111754 3.44694e-08 0.0701174 28 0
0.0111754 3.4674e-08 0.0701174 28 0
0.0111754 5.49097e-08 0.0701174 28 0
0.0111754 6.00673e-08 0.0701174 28 0
0.0111754 6.44592e-08 0.0701174 28 0
0.0111754 7.77235e-08 0.0701174 28 0
0.0111754 1.0043e-07 0.0701174 28 0
0.0111754 1.04451e-07 0.0701174 28 0
0.0111754 1.09473e-07 0.0701174 28 0
0.0111754 1.14647e-07 0.0701174 28 0
0.0111755 1.24934e-07 0.0701174 28 0
0.0111755 1.25316e-07 0.0701174 28 0
0.0111755 1.36392e-07 0.0701174 28 0
0.0111755 1.50394e-07 0.0701174 28 0
0.0111755 1.64622e-07 0.0701174 28 0
0.0111755 1.6514e-07 0.0701174 28 0
0.0111755 1.65205e-07 0.0701174 28 0
0.0111755 1.6525e-07 0.0701174 28 0
0.0111755 1.84091e-07 0.0701174 28 0
0.0111755 1.94431e-07 0.0701174 28 0
0.0111755 1.95382e-07 0.0701174 28 0
0.0111755 1.95462e-07 0.0701175 28 0
0.0111755 2.03398e-07 0.0701175 28 0
0.0111755 2.03713e-07 0.0701175 28 0
0.0111755 2.03772e-07 0.0701175 28 0
0.0111755 2.14668e-07 0.0701175 28 0
0.0111755 2.28569e-07 0.0701175 28 0
0.0111755 2.35173e-07 0.0701175 28 0
0.0111755 2.35448e-07 0.0701175 28 0
0.0111755 2.35515e-07 0.0701175 28 0
0.0111755 2.35569e-07 0.0701175 28 0
0.0111755 2.61757e-07 0.0701175 28 0
0.0111755 2.55157e-07 0.0701175 28 0
0.0111755 2.62525e-07 0.0701175 28 0
0.0111755 2.69519e-07 0.0701175 28 0
0.0111755 2.69812e-07 0.0701175 28 0
0.0111755 2.91234e-07 0.0701176 28 0
0.0111755 2.8663e-07 0.0701176 28 0
0.0111755 2.86566e-07 0.0701176 28 0
0.0111755 2.86601e-07 0.0701176 28 0
0.0111755 2.94416e-07 0.0701176 28 0
0.0111755 2.94762e-07 0.0701176 28 0
0.0111755 3.11724e-07 0.0701176 28 0
0.0111755 3.0805e-07 0.0701176 28 0
0.0111755 3.06883e-07 0.0701176 28 0
0.0111755 3.09741e-07 0.0701176 28 0
0.0111755 3.09927e-07 0.0701176 28 0
0.0111755 3.12239e-07 0.0701176 28 0
0.0111755 3.22957e-07 0.0701176 28 0
0.0111755 3.1479e-07 0.0701176 28 0
0.0111755 3.14229e-07 0.0701176 28 0
0.0111756 3.2363e-07 0.0701176 28 0
0.0111756 3.17797e-07 0.0701176 28 0
0.0111756 3.17665e-07 0.0701176 28 0
0.0111756 3.17725e-07 0.0701177 28 0
0.0111756 3.18705e-07 0.0701177 28 0
0.0111756 3.18802e-07 0.0701177 28 0
0.0111756 3.18864e-07 0.0701177 28 0
0.0111756 3.18927e-07 0.0701177 28 0
0.0111756 3.2174e-07 0.0701177 28 0
0.0111756 3.24877e-07 0.0701177 28 0
0.0111756 3.41786e-07 0.0701177 28 0
0.0111756 3.55806e-07 0.0701177 28 0
0.0111756 3.51105e-07 0.0701177 28 0
0.0111756 3.5048e-07 0.0701177 28 0
0.0111756 3.46261e-07 0.0701178 28 0
0.0111756 3.45773e-07 0.0701178 28 0
0.0111756 3.4582e-07 0.0701178 28 0
0.0111756 3.55263e-07 0.0701178 28 0
0.0111756 3.54095e-07 0.0701178 28 0
0.0111756 3.67245e-07 0.0701178 28 0
0.0111756 3.70677e-07 0.0701178 28 0
0.0111756 3.73001e-07 0.0701178 28 0
0.0111756 3.64638e-07 0.0701178 28 0
0.0111756 3.72018e-07 0.0701178 28 0
0.0111756 3.71304e-07 0.0701178 28 0
0.0111756 3.67098e-07 0.0701178 28 0
0.0111756 3.67026e-07 0.0701178 28 0
0.0111756 3.61344e-07 0.0701178 28 0
0.0111756 3.65635e-07 0.0701178 28 0
0.0111757 3.61586e-07 0.0701178 28 0
0.0111757 3.62761e-07 0.0701178 28 0
0.0111757 3.7327e-07 0.0701178 28 0
0.0111757 3.72085e-07 0.0701178 28 0
0.0111757 3.6801e-07 0.0701178 28 0
0.0111757 3.67908e-07 0.0701178 28 0
0.0111757 3.70662e-07 0.0701178 28 0
0.0111757 3.62323e-07 0.0701178 28 0
0.0111757 3.58668e-07 0.0701178 28 0
0.0111757 3.6384e-07 0.0701178 28 0
0.0111757 3.59805e-07 0.0701179 28 0
0.0111757 3.59195e-07 0.0701179 28 0
0.0111757 3.589e-07 0.0701179 28 0
0.0111757 3.58947e-07 0.0701179 28 0
0.0111757 3.55989e-07 0.0701179 28 0
0.0111757 3.55946e-07 0.0701179 28 0
0.0111757 3.49879e-07 0.0701179 28 0
0.0111757 3.54481e-07 0.0701179 28 0
0.0111757 3.68095e-07 0.0701179 28 0
0.0111757 3.68573e-07 0.0701179 28 0
0.0111757 3.67758e-07 0.0701179 28 0
0.0111757 3.63549e-07 0.0701179 28 0
0.0111757 3.63467e-07 0.0701179 28 0
0.0111757 3.58338e-07 0.0701179 28 0
0.0111757 3.46158e-07 0.0701179 28 0
0.0111757 3.45834e-07 0.0701179 28 0
0.0111757 3.48566e-07 0.0701179 28 0
0.0111757 3.61873e-07 0.0701179 28 0
0.0111758 3.5456e-07 0.070118 28 0
0.0111758 3.60902e-07 0.070118 28 0
0.0111758 3.60602e-07 0.070118 28 0
0.0111758 3.59053e-07 0.070118 28 0
0.0111758 3.52953e-07 0.070118 28 0
0.0111758 3.5174e-07 0.070118 28 0
0.0111758 3.4281e-07 0.070118 28 0
0.0111758 3.42563e-07 0.070118 28 0
0.0111758 3.39013e-07 0.070118 28 0
0.0111758 3.41185e-07 0.070118 28 0
0.0111758 3.43198e-07 0.070118 28 0
0.0111758 3.4331e-07 0.070118 28 0
0.0111758 3.42466e-07 0.070118 28 0
0.0111758 3.38248e-07 0.070118 28 0
0.0111758 3.38147e-07 0.070118 28 0
0.0111758 3.32908e-07 0.070118 28 0
0.0111758 3.29722e-07 0.070118 28 0
0.0111758 3.25415e-07 0.070118 28 0
0.0111758 3.27952e-07 0.070118 28 0
0.0111758 3.27013e-07 0.070118 28 0
0.0111758 3.23965e-07 0.070118 28 0
0.0111758 3.19657e-07 0.0701181 28 0
0.0111758 3.27533e-07 0.0701181 28 0
0.0111758 3.37734e-07 0.0701181 28 0
0.0111758 3.38087e-07 0.0701181 28 0
0.0111758 3.43658e-07 0.0701181 28 0
0.0111758 3.43353e-07 0.0701181 28 0
0.0111758 3.43381e-07 0.0701181 28 0
0.0111758 3.37654e-07 0.0701181 28 0
0.0111759 3.33921e-07 0.0701181 28 0
0.0111759 3.33837e-07 0.0701181 28 0
0.0111759 3.29122e-07 0.0701181 28 0
0.0111759 3.24773e-07 0.0701181 28 0
0.0111759 3.21079e-07 0.0701181 28 0
0.0111759 3.23677e-07 0.0701181 28 0
0.0111759 3.23795e-07 0.0701181 28 0
0.0111759 3.19596e-07 0.0701181 28 0
0.0111759 3.15377e-07 0.0701181 28 0
0.0111759 3.1009e-07 0.0701181 28 0
0.0111759 3.30769e-07 0.0701181 28 0
0.0111759 3.27263e-07 0.0701181 28 0
0.0111759 3.29284e-07 0.0701181 28 0
0.0111759 3.23297e-07 0.0701181 28 0
0.0111759 3.23131e-07 0.0701181 28 0
0.0111759 3.09481e-07 0.0701181 28 0
0.0111759 3.09059e-07 0.0701181 28 0
0.0111759 3.06022e-07 0.0701181 28 0
0.0111759 3.05977e-07 0.0701181 28 0
0.0111759 3.03846e-07 0.0701181 28 0
0.0111759 3.03802e-07 0.0701181 28 0
0.0111759 3.03824e-07 0.0701181 28 0
0.0111759 3.00802e-07 0.0701181 28 0
0.0111759 2.97684e-07 0.0701181 28 0
0.0111759 2.97606e-07 0.0701182 28 0
0.0111759 2.97624e-07 0.0701182 28 0
0.0111759 2.9765e-07 0.0701182 28 0
0.0111759 2.96439e-07 0.0701182 28 0
0.0111759 2.91657e-07 0.0701182 28 0
0.0111759 2.9152e-07 0.0701182 28 0
0.0111759 2.91536e-07 0.0701182 28 0
0.0111759 2.94194e-07 0.0701182 28 0
0.011176 3.01163e-07 0.0701182 28 0
0.011176 2.89822e-07 0.0701182 28 0
0.011176 2.9686e-07 0.0701182 28 0
0.011176 2.92432e-07 0.0701182 28 0
0.011176 2.92304e-07 0.0701182 28 0
0.011176 2.77183e-07 0.0701182 28 0
0.011176 2.76698e-07 0.0701182 28 0
0.011176 2.76703e-07 0.0701182 28 0
0.011176 2.79377e-07 0.0701182 28 0
0.011176 2.79459e-07 0.0701182 28 0
0.011176 2.78947e-07 0.0701182 28 0
0.011176 2.71652e-07 0.0701182 28 0
0.011176 2.66308e-07 0.0701182 28 0
0.011176 2.66148e-07 0.0701182 28 0
0.011176 2.66156e-07 0.0701182 28 0
0.011176 2.6511e-07 0.0701182 28 0
0.011176 2.65092e-07 0.0701182 28 0
0.011176 2.60858e-07 0.0701182 28 0
0.011176 2.60304e-07 0.0701182 28 0
0.011176 2.60296e-07 0.0701182 28 0
0.011176 2.60311e-07 0.0701182 28 0
0.011176 2.52417e-07 0.0701183 28 0
0.011176 2.5954e-07 0.0701183 28 0
0.011176 2.55541e-07 0.0701183 28 0
0.011176 2.58054e-07 0.0701183 28 0
0.011176 2.55083e-07 0.0701183 28 0
0.011176 2.54994e-07 0.0701183 28 0
0.011176 2.55003e-07 0.0701183 28 0
0.011176 2.54485e-07 0.0701183 28 0
0.011176 2.54477e-07 0.0701183 28 0
0.011176 2.41294e-07 0.0701183 28 0
0.011176 2.4086e-07 0.0701183 28 0
0.011176 2.40856e-07 0.0701183 28 0
0.011176 2.34717e-07 0.0701183 28 0
0.011176 2.3452e-07 0.0701183 28 0
0.011176 2.33989e-07 0.0701183 28 0
0.011176 2.3398e-07 0.0701183 28 0
0.011176 2.36218e-07 0.0701183 28 0
0.011176 2.36299e-07 0.0701183 28 0
0.0111761 2.32055e-07 0.0701183 28 0
0.0111761 2.3189e-07 0.0701183 28 0
0.0111761 2.31889e-07 0.0701183 28 0
0.0111761 2.31892e-07 0.0701183 28 0
0.0111761 2.28826e-07 0.0701183 28 0
0.0111761 2.27659e-07 0.0701183 28 0
0.0111761 2.27627e-07 0.0701183 28 0
0.0111761 2.22932e-07 0.0701183 28 0
0.0111761 2.2278e-07 0.0701183 28 0
0.0111761 2.22778e-07 0.0701183 28 0
0.0111761 2.18522e-07 0.0701183 28 0
0.0111761 2.18384e-07 0.0701183 28 0
0.0111761 2.18384e-07 0.0701183 28 0
0.0111761 2.18383e-07 0.0701183 28 0
0.0111761 2.18388e-07 0.0701183 28 0
0.0111761 2.11035e-07 0.0701183 28 0
0.0111761 2.17615e-07 0.0701183 28 0
0.0111761 2.17393e-07 0.0701183 28 0
0.0111761 2.17391e-07 0.0701183 28 0
0.0111761 2.17393e-07 0.0701183 28 0
0.0111761 2.04058e-07 0.0701183 28 0
0.0111761 1.96237e-07 0.0701183 28 0
0.0111761 2.03344e-07 0.0701183 28 0
0.0111761 2.03581e-07 0.0701183 28 0
0.0111761 1.99312e-07 0.0701183 28 0
0.0111761 1.99168e-07 0.0701183 28 0
0.0111761 1.9916e-07 0.0701183 28 0
0.0111761 1.99185e-07 0.0701183 28 0
0.0111761 1.99152e-07 0.0701184 28 0
0.0111761 1.9915e-07 0.0701184 28 0
0.0111761 1.9917e-07 0.0701184 28 0
0.0111761 1.99168e-07 0.0701184 28 0
0.0111761 1.99165e-07 0.0701184 28 0
0.0111761 1.99164e-07 0.0701184 28 0
0.0111761 1.98598e-07 0.0701184 28 0
0.0111761 2.01221e-07 0.0701184 28 0
0.0111761 1.9822e-07 0.0701184 28 0
0.0111761 1.98118e-07 0.0701184 28 0
0.0111761 1.98109e-07 0.0701184 28 0
0.0111761 1.98107e-07 0.0701184 28 0
0.0111761 1.98131e-07 0.0701184 28 0
0.0111761 1.90698e-07 0.0701184 28 0
0.0111761 1.97849e-07 0.0701184 28 0
0.0111761 1.98083e-07 0.0701184 28 0
0.0111761 1.98089e-07 0.0701184 28 0
0.0111761 1.98084e-07 0.0701184 28 0
0.0111761 1.98079e-07 0.0701184 28 0
0.0111761 1.93805e-07 0.0701184 28 0
0.0111762 1.93659e-07 0.0701184 28 0
0.0111762 1.93648e-07 0.0701184 28 0
0.0111762 1.87004e-07 0.0701184 28 0
0.0111762 1.868e-07 0.0701184 28 0
0.0111762 1.8679e-07 0.0701184 28 0
0.0111762 1.86781e-07 0.0701184 28 0
0.0111762 1.8675e-07 0.0701184 28 0
0.0111762 1.8677e-07 0.0701184 28 0
0.0111762 1.86739e-07 0.0701184 28 0
0.0111762 1.86728e-07 0.0701184 28 0
0.0111762 1.86723e-07 0.0701184 28 0
0.0111762 1.86716e-07 0.0701184 28 0
0.0111762 1.8674e-07 0.0701184 28 0
0.0111762 1.79301e-07 0.0701184 28 0
0.0111762 1.86454e-07 0.0701184 28 0
0.0111762 1.86154e-07 0.0701184 28 0
0.0111762 1.86137e-07 0.0701184 28 0
0.0111762 1.86133e-07 0.0701184 28 0
0.0111762 1.88823e-07 0.0701184 28 0
0.0111762 1.88936e-07 0.0701184 28 0
0.0111762 1.88933e-07 0.0701184 28 0
0.0111762 1.8893e-07 0.0701184 28 0
0.0111762 1.88924e-07 0.0701184 28 0
0.0111762 1.85833e-07 0.0701184 28 0
0.0111762 1.85692e-07 0.0701184 28 0
0.0111762 1.85685e-07 0.0701184 28 0
0.0111762 1.85704e-07 0.0701184 28 0
0.0111762 1.85674e-07 0.0701184 28 0
0.0111762 1.85666e-07 0.0701184 28 0
0.0111762 1.85663e-07 0.0701184 28 0
0.0111762 1.85656e-07 0.0701184 28 0
0.0111762 1.85679e-07 0.0701184 28 0
0.0111762 1.85646e-07 0.0701184 28 0
0.0111762 1.85668e-07 0.0701184 28 0
0.0111762 1.85666e-07 0.0701184 28 0
0.0111762 1.85629e-07 0.0701184 28 0
0.0111762 1.85625e-07 0.0701184 28 0
0.0111762 1.85619e-07 0.0701184 28 0
0.0111762 1.85615e-07 0.0701184 28 0
0.0111762 1.85634e-07 0.0701184 28 0
0.0111762 1.85606e-07 0.0701184 28 0
0.0111762 1.856e-07 0.0701184 28 0
0.0111762 1.85596e-07 0.0701184 28 0
0.0111762 1.85589e-07 0.0701184 28 0
0.0111762 1.85586e-07 0.0701184 28 0
0.0111762 1.85608e-07 0.0701184 28 0
0.0111762 1.78166e-07 0.0701184 28 0
0.0111762 1.85347e-07 0.0701185 28 0
0.0111762 1.85584e-07 0.0701185 28 0
0.0111762 1.85584e-07 0.0701185 28 0
0.0111762 1.85582e-07 0.0701185 28 0
0.0111762 1.77029e-07 0.0701185 28 0
0.0111762 1.69324e-07 0.0701185 28 0
0.0111763 1.85018e-07 0.0701185 28 0
0.0111763 1.76993e-07 0.0701185 28 0
0.0111763 1.7672e-07 0.0701185 28 0
0.0111763 1.76675e-07 0.0701185 28 0
0.0111763 1.76668e-07 0.0701185 28 0
0.0111763 1.76687e-07 0.0701185 28 0
0.0111763 1.76657e-07 0.0701185 28 0
0.0111763 1.76648e-07 0.0701185 28 0
0.0111763 1.76644e-07 0.0701185 28 0
0.0111763 1.76636e-07 0.0701185 28 0
0.0111763 1.65954e-07 0.0701185 28 0
0.0111763 1.74146e-07 0.0701185 28 0
0.0111763 1.74417e-07 0.0701185 28 0
0.0111763 1.74418e-07 0.0701185 28 0
0.0111763 1.74413e-07 0.0701185 28 0
0.0111763 1.74403e-07 0.0701185 28 0
0.0111763 1.74399e-07 0.0701185 28 0
0.0111763 1.74392e-07 0.0701185 28 0
0.0111763 1.74387e-07 0.0701185 28 0
0.0111763 1.66959e-07 0.0701185 28 0
0.0111763 1.74125e-07 0.0701185 28 0
0.0111763 1.74357e-07 0.0701185 28 0
0.0111763 1.74359e-07 0.0701185 28 0
0.0111763 1.74356e-07 0.0701185 28 0
0.0111763 1.74348e-07 0.0701185 28 0
0.0111763 1.74371e-07 0.0701185 28 0
0.0111763 1.74335e-07 0.0701185 28 0
0.0111763 1.74331e-07 0.0701185 28 0
0.0111763 1.74325e-07 0.0701185 28 0
0.0111763 1.74319e-07 0.0701185 28 0
0.0111763 1.74337e-07 0.0701185 28 0
0.0111763 1.74309e-07 0.0701185 28 0
0.0111763 1.74301e-07 0.0701185 28 0
0.0111763 1.74322e-07 0.0701185 28 0
0.0111763 1.74317e-07 0.0701185 28 0
0.0111763 1.74286e-07 0.0701185 28 0
0.0111763 1.74278e-07 0.0701185 28 0
0.0111763 1.74273e-07 0.0701185 28 0
0.0111763 1.74241e-07 0.0701185 28 0
0.0111763 1.66872e-07 0.0701185 28 0
0.0111763 1.74008e-07 0.0701185 28 0
0.0111763 1.74269e-07 0.0701185 28 0
0.0111763 1.74272e-07 0.0701185 28 0
0.0111763 1.74269e-07 0.0701185 28 0
0.0111763 1.74264e-07 0.0701185 28 0
0.0111763 1.74231e-07 0.0701185 28 0
0.0111763 1.74226e-07 0.0701185 28 0
0.0111763 1.7422e-07 0.0701185 28 0
0.0111763 1.74216e-07 0.0701185 28 0
0.0111763 1.74208e-07 0.0701185 28 0
0.0111763 1.74205e-07 0.0701185 28 0
0.0111763 1.74171e-07 0.0701186 28 0
0.0111763 1.74194e-07 0.0701186 28 0
0.0111763 1.74189e-07 0.0701186 28 0
0.0111763 1.74187e-07 0.0701186 28 0
0.0111763 1.74178e-07 0.0701186 28 0
0.0111763 1.74173e-07 0.0701186 28 0
0.0111763 1.74168e-07 0.0701186 28 0
0.0111764 1.74139e-07 0.0701186 28 0
0.0111764 1.74155e-07 0.0701186 28 0
0.0111764 1.74153e-07 0.0701186 28 0
0.0111764 1.74148e-07 0.0701186 28 0
0.0111764 1.74117e-07 0.0701186 28 0
0.0111764 1.7411e-07 0.0701186 28 0
0.0111764 1.74107e-07 0.0701186 28 0
0.0111764 1.74104e-07 0.0701186 28 0
0.0111764 1.74097e-07 0.0701186 28 0
0.0111764 1.74066e-07 0.0701186 28 0
0.0111764 1.74059e-07 0.0701186 28 0
0.0111764 1.74056e-07 0.0701186 28 0
0.0111764 1.74049e-07 0.0701186 28 0
0.0111764 1.74074e-07 0.0701186 28 0
0.0111764 1.74041e-07 0.0701186 28 0
0.0111764 1.74064e-07 0.0701186 28 0
0.0111764 1.74059e-07 0.0701186 28 0
0.0111764 1.74057e-07 0.0701186 28 0
0.0111764 1.77147e-07 0.0701186 28 0
0.0111764 1.77249e-07 0.0701186 28 0
0.0111764 1.69834e-07 0.0701186 28 0
0.0111764 1.76998e-07 0.0701186 28 0
0.0111764 1.77233e-07 0.0701186 28 0
0.0111764 1.77238e-07 0.0701186 28 0
0.0111764 1.77234e-07 0.0701186 28 0
0.0111764 1.77204e-07 0.0701186 28 0
0.0111764 1.77227e-07 0.0701186 28 0
0.0111764 1.63883e-07 0.0701186 28 0
0.0111764 1.63404e-07 0.0701186 28 0
0.0111764 1.63381e-07 0.0701186 28 0
0.0111764 1.63401e-07 0.0701186 28 0
0.0111764 1.63394e-07 0.0701186 28 0
0.0111764 1.63391e-07 0.0701186 28 0
0.0111764 1.63356e-07 0.0701186 28 0
0.0111764 1.63377e-07 0.0701186 28 0
0.0111764 1.63372e-07 0.0701186 28 0
0.0111764 1.63367e-07 0.0701186 28 0
0.0111764 1.60708e-07 0.0701186 28 0
0.0111764 1.60616e-07 0.0701186 28 0
0.0111764 1.6058e-07 0.0701186 28 0
0.0111764 1.6114e-07 0.0701187 28 0
0.0111764 1.65435e-07 0.0701187 28 0
0.0111764 1.65577e-07 0.0701187 28 0
0.0111764 1.65576e-07 0.0701187 28 0
0.0111764 1.65573e-07 0.0701187 28 0
0.0111764 1.65565e-07 0.0701187 28 0
0.0111764 1.65564e-07 0.0701187 28 0
0.0111764 1.65562e-07 0.0701187 28 0
0.0111764 1.65554e-07 0.0701187 28 0
0.0111764 1.65551e-07 0.0701187 28 0
0.0111764 1.65548e-07 0.0701187 28 0
0.0111764 1.65545e-07 0.0701187 28 0
0.0111764 1.65536e-07 0.0701187 28 0
0.0111764 1.65533e-07 0.0701187 28 0
0.0111764 1.65527e-07 0.0701187 28 0
0.0111764 1.65525e-07 0.0701187 28 0
0.0111764 1.65517e-07 0.0701187 28 0
0.0111764 1.65486e-07 0.0701187 28 0
0.0111764 1.6548e-07 0.0701187 28 0
0.0111765 1.65503e-07 0.0701187 28 0
0.0111765 1.58079e-07 0.0701187 28 0
0.0111765 1.68326e-07 0.0701187 28 0
0.0111765 1.68689e-07 0.0701187 28 0
0.0111765 1.68698e-07 0.0701187 28 0
0.0111765 1.68694e-07 0.0701187 28 0
0.0111765 1.68693e-07 0.0701187 28 0
0.0111765 1.6866e-07 0.0701187 28 0
0.0111765 1.68685e-07 0.0701187 28 0
0.0111765 1.68684e-07 0.0701187 28 0
0.0111765 1.6868e-07 0.0701187 28 0
0.0111765 1.68677e-07 0.0701187 28 0
0.0111765 1.68671e-07 0.0701187 28 0
0.0111765 1.68644e-07 0.0701187 28 0
0.0111765 1.68664e-07 0.0701187 28 0
0.0111765 1.68635e-07 0.0701187 28 0
0.0111765 1.6863e-07 0.0701187 28 0
0.0111765 1.68629e-07 0.0701187 28 0
0.0111765 1.68624e-07 0.0701187 28 0
0.0111765 1.68646e-07 0.0701187 28 0
0.0111765 1.612e-07 0.0701187 28 0
0.0111765 1.68393e-07 0.0701187 28 0
0.0111765 1.68628e-07 0.0701187 28 0
0.0111765 1.70216e-07 0.0701187 28 0
0.0111765 1.70266e-07 0.0701187 28 0
0.0111765 1.70265e-07 0.0701187 28 0
0.0111765 1.70235e-07 0.0701187 28 0
0.0111765 1.70261e-07 0.0701187 28 0
0.0111765 1.70259e-07 0.0701187 28 0
0.0111765 1.70797e-07 0.0701187 28 0
0.0111765 1.70809e-07 0.0701187 28 0
0.0111765 1.70808e-07 0.0701187 28 0
0.0111765 1.70807e-07 0.0701187 28 0
0.0111765 1.70804e-07 0.0701187 28 0
0.0111765 1.70803e-07 0.0701187 28 0
0.0111765 1.70799e-07 0.0701187 28 0
0.0111765 1.70799e-07 0.0701187 28 0
0.0111765 1.70794e-07 0.0701187 28 0
0.0111765 1.70794e-07 0.0701187 28 0
0.0111765 1.70792e-07 0.0701187 28 0
0.0111765 1.70764e-07 0.0701187 28 0
0.0111765 1.70785e-07 0.0701187 28 0
0.0111765 1.70786e-07 0.0701187 28 0
0.0111765 1.70782e-07 0.0701187 28 0
0.0111765 1.7078e-07 0.0701187 28 0
0.0111765 1.70779e-07 0.0701187 28 0
0.0111765 1.70779e-07 0.0701187 28 0
0.0111765 1.70776e-07 0.0701187 28 0
0.0111765 1.70747e-07 0.0701187 28 0
0.0111765 1.73845e-07 0.0701187 28 0
0.0111765 1.73949e-07 0.0701187 28 0
0.0111765 1.74028e-07 0.0701187 28 0
0.0111765 1.74027e-07 0.0701188 28 0
0.0111765 1.73951e-07 0.0701188 28 0
0.0111765 1.74022e-07 0.0701188 28 0
0.0111765 1.74024e-07 0.0701188 28 0
0.0111765 1.74022e-07 0.0701188 28 0
0.0111765 1.74022e-07 0.0701188 28 0
0.0111765 1.7402e-07 0.0701188 28 0
0.0111766 1.7402e-07 0.0701188 28 0
0.0111766 1.66604e-07 0.0701188 28 0
0.0111766 1.7377e-07 0.0701188 28 0
0.0111766 1.73979e-07 0.0701188 28 0
0.0111766 1.73987e-07 0.0701188 28 0
0.0111766 1.73985e-07 0.0701188 28 0
0.0111766 1.73985e-07 0.0701188 28 0
0.0111766 1.74006e-07 0.0701188 28 0
0.0111766 1.74008e-07 0.0701188 28 0
0.0111766 1.74006e-07 0.0701188 28 0
0.0111766 1.74007e-07 0.0701188 28 0
0.0111766 1.74003e-07 0.0701188 28 0
0.0111766 1.74003e-07 0.0701188 28 0
0.0111766 1.74005e-07 0.0701188 28 0
0.0111766 1.74002e-07 0.0701188 28 0
0.0111766 1.74001e-07 0.0701188 28 0
0.0111766 1.73999e-07 0.0701188 28 0
0.0111766 1.73999e-07 0.0701188 28 0
0.0111766 1.73995e-07 0.0701188 28 0
0.0111766 1.73994e-07 0.0701188 28 0
0.0111766 1.73993e-07 0.0701188 28 0
0.0111766 1.73993e-07 0.0701188 28 0
0.0111766 1.7399e-07 0.0701188 28 0
0.0111766 1.73992e-07 0.0701188 28 0
0.0111766 1.73988e-07 0.0701188 28 0
0.0111766 1.73989e-07 0.0701188 28 0
0.0111766 1.73985e-07 0.0701188 28 0
0.0111766 1.73958e-07 0.0701188 28 0
0.0111766 1.73984e-07 0.0701188 28 0
0.0111766 1.73985e-07 0.0701188 28 0
0.0111766 1.7398e-07 0.0701188 28 0
0.0111766 1.73982e-07 0.0701188 28 0
0.0111766 1.78258e-07 0.0701188 28 0
0.0111766 1.78376e-07 0.0701188 28 0
0.0111766 1.78407e-07 0.0701188 28 0
0.0111766 1.78381e-07 0.0701188 28 0
0.0111766 1.78382e-07 0.0701188 28 0
0.0111766 1.78379e-07 0.0701188 28 0
0.0111766 1.78381e-07 0.0701188 28 0
0.0111766 1.78379e-07 0.0701188 28 0
0.0111766 1.78379e-07 0.0701188 28 0
0.0111766 1.78404e-07 0.0701188 28 0
0.0111766 1.78407e-07 0.0701188 28 0
0.0111766 1.78407e-07 0.0701188 28 0
0.0111766 1.78408e-07 0.0701188 28 0
0.0111766 1.78407e-07 0.0701188 28 0
0.0111766 1.78408e-07 0.0701188 28 0
0.0111766 1.78405e-07 0.0701188 28 0
0.0111766 1.78406e-07 0.0701188 28 0
0.0111766 1.78404e-07 0.0701188 28 0
0.0111766 1.78406e-07 0.0701188 28 0
0.0111766 1.784e-07 0.0701188 28 0
0.0111766 1.78402e-07 0.0701188 28 0
0.0111766 1.78403e-07 0.0701189 28 0
0.0111766 1.78404e-07 0.0701189 28 0
0.0111766 1.78379e-07 0.0701189 28 0
0.0111766 1.78402e-07 0.0701189 28 0
0.0111767 1.78406e-07 0.0701189 28 0
0.0111767 1.78404e-07 0.0701189 28 0
0.0111767 1.78379e-07 0.0701189 28 0
0.0111767 1.70992e-07 0.0701189 28 0
0.0111767 1.78158e-07 0.0701189 28 0
0.0111767 1.78392e-07 0.0701189 28 0
0.0111767 1.78402e-07 0.0701189 28 0
0.0111767 1.78401e-07 0.0701189 28 0
0.0111767 1.78403e-07 0.0701189 28 0
0.0111767 1.78374e-07 0.0701189 28 0
0.0111767 1.78373e-07 0.0701189 28 0
0.0111767 1.78372e-07 0.0701189 28 0
0.0111767 1.78374e-07 0.0701189 28 0
0.0111767 1.78371e-07 0.0701189 28 0
0.0111767 1.78373e-07 0.0701189 28 0
0.0111767 1.78397e-07 0.0701189 28 0
0.0111767 1.78372e-07 0.0701189 28 0
0.0111767 1.78397e-07 0.0701189 28 0
0.0111767 1.784e-07 0.0701189 28 0
0.0111767 1.78402e-07 0.0701189 28 0
0.0111767 1.78398e-07 0.0701189 28 0
0.0111767 1.78399e-07 0.0701189 28 0
0.0111767 1.78372e-07 0.0701189 28 0
0.0111767 1.70989e-07 0.0701189 28 0
0.0111767 1.81248e-07 0.0701189 28 0
0.0111767 1.81593e-07 0.0701189 28 0
0.0111767 1.81577e-07 0.0701189 28 0
0.0111767 1.81579e-07 0.0701189 28 0
0.0111767 1.81577e-07 0.0701189 28 0
0.0111767 1.81607e-07 0.0701189 28 0
0.0111767 1.81581e-07 0.0701189 28 0
0.0111767 1.81607e-07 0.0701189 28 0
0.0111767 1.81606e-07 0.0701189 28 0
0.0111767 1.81609e-07 0.0701189 28 0
0.0111767 1.81608e-07 0.0701189 28 0
0.0111767 1.81609e-07 0.0701189 28 0
0.0111767 1.81607e-07 0.0701189 28 0
0.0111767 1.8161e-07 0.0701189 28 0
0.0111767 1.81607e-07 0.0701189 28 0
0.0111767 1.8161e-07 0.0701189 28 0
0.0111767 1.81613e-07 0.0701189 28 0
0.0111767 1.81613e-07 0.0701189 28 0
0.0111767 1.81614e-07 0.0701189 28 0
0.0111767 1.81584e-07 0.0701189 28 0
0.0111767 1.81587e-07 0.0701189 28 0
0.0111767 1.81586e-07 0.0701189 28 0
0.0111767 1.81586e-07 0.0701189 28 0
0.0111767 1.81584e-07 0.0701189 28 0
0.0111767 1.81614e-07 0.0701189 28 0
0.0111767 1.81584e-07 0.0701189 28 0
0.0111767 1.81586e-07 0.070119 28 0
0.0111767 1.81586e-07 0.070119 28 0
0.0111767 1.81614e-07 0.070119 28 0
0.0111767 1.81613e-07 0.070119 28 0
0.0111767 1.81615e-07 0.070119 28 0
0.0111768 1.81587e-07 0.070119 28 0
0.0111768 1.81615e-07 0.070119 28 0
0.0111768 1.81614e-07 0.070119 28 0
0.0111768 1.81615e-07 0.070119 28 0
0.0111768 1.81613e-07 0.070119 28 0
0.0111768 1.81614e-07 0.070119 28 0
0.0111768 1.81617e-07 0.070119 28 0
0.0111768 1.7421e-07 0.070119 28 0
0.0111768 1.8137e-07 0.070119 28 0
0.0111768 1.81609e-07 0.070119 28 0
0.0111768 1.8162e-07 0.070119 28 0
0.0111768 1.84267e-07 0.070119 28 0
0.0111768 1.84358e-07 0.070119 28 0
0.0111768 1.84331e-07 0.070119 28 0
0.0111768 1.76955e-07 0.070119 28 0
0.0111768 1.84112e-07 0.070119 28 0
0.0111768 1.84351e-07 0.070119 28 0
0.0111768 1.84358e-07 0.070119 28 0
0.0111768 1.84361e-07 0.070119 28 0
0.0111768 1.84333e-07 0.070119 28 0
0.0111768 1.84332e-07 0.070119 28 0
0.0111768 1.84332e-07 0.070119 28 0
0.0111768 1.84334e-07 0.070119 28 0
0.0111768 1.84333e-07 0.070119 28 0
0.0111768 1.84359e-07 0.070119 28 0
0.0111768 1.8436e-07 0.070119 28 0
0.0111768 1.81542e-07 0.070119 28 0
0.0111768 1.74051e-07 0.070119 28 0
0.0111768 1.8122e-07 0.070119 28 0
0.0111768 1.81432e-07 0.070119 28 0
0.0111768 1.81437e-07 0.070119 28 0
0.0111768 1.81437e-07 0.070119 28 0
0.0111768 1.81434e-07 0.070119 28 0
0.0111768 1.81463e-07 0.070119 28 0
0.0111768 1.81434e-07 0.070119 28 0
0.0111768 1.81459e-07 0.070119 28 0
0.0111768 1.81457e-07 0.070119 28 0
0.0111768 1.81458e-07 0.070119 28 0
0.0111768 1.81454e-07 0.070119 28 0
0.0111768 1.81456e-07 0.070119 28 0
0.0111768 1.81426e-07 0.070119 28 0
0.0111768 1.81453e-07 0.070119 28 0
0.0111768 1.77175e-07 0.070119 28 0
0.0111768 1.81308e-07 0.070119 28 0
0.0111768 1.81445e-07 0.070119 28 0
0.0111768 1.77146e-07 0.070119 28 0
0.0111768 1.813e-07 0.0701191 28 0
0.0111768 1.69739e-07 0.0701191 28 0
0.0111768 1.81026e-07 0.0701191 28 0
0.0111768 1.814e-07 0.0701191 28 0
0.0111768 1.81414e-07 0.0701191 28 0
0.0111768 1.8141e-07 0.0701191 28 0
0.0111768 1.81439e-07 0.0701191 28 0
0.0111768 1.81434e-07 0.0701191 28 0
0.0111768 1.8141e-07 0.0701191 28 0
0.0111769 1.77131e-07 0.0701191 28 0
0.0111769 1.81291e-07 0.0701191 28 0
0.0111769 1.81425e-07 0.0701191 28 0
0.0111769 1.77155e-07 0.0701191 28 0
0.0111769 1.81285e-07 0.0701191 28 0
0.0111769 1.7712e-07 0.0701191 28 0
0.0111769 1.81279e-07 0.0701191 28 0
0.0111769 1.8142e-07 0.0701191 28 0
0.0111769 1.77147e-07 0.0701191 28 0
0.0111769 1.81278e-07 0.0701191 28 0
0.0111769 1.81414e-07 0.0701191 28 0
0.0111769 1.77144e-07 0.0701191 28 0
0.0111769 1.81245e-07 0.0701191 28 0
0.0111769 1.81383e-07 0.0701191 28 0
0.0111769 1.77114e-07 0.0701191 28 0
0.0111769 1.81272e-07 0.0701191 28 0
0.0111769 1.77135e-07 0.0701191 28 0
0.0111769 1.8124e-07 0.0701191 28 0
0.0111769 1.81405e-07 0.0701191 28 0
0.0111769 1.77133e-07 0.0701191 28 0
0.0111769 1.81264e-07 0.0701191 28 0
0.0111769 1.81401e-07 0.0701191 28 0
0.0111769 1.77104e-07 0.0701191 28 0
0.0111769 1.81232e-07 0.0701191 28 0
0.0111769 1.81398e-07 0.0701191 28 0
0.0111769 1.76561e-07 0.0701191 28 0
0.0111769 1.80675e-07 0.0701191 28 0
0.0111769 1.80811e-07 0.0701191 28 0
0.0111769 1.80843e-07 0.0701191 28 0
0.0111769 1.76566e-07 0.0701191 28 0
0.0111769 1.80699e-07 0.0701191 28 0
0.0111769 1.73385e-07 0.0701191 28 0
0.0111769 1.8059e-07 0.0701191 28 0
0.0111769 1.80827e-07 0.0701191 28 0
0.0111769 1.80837e-07 0.0701191 28 0
0.0111769 1.80838e-07 0.0701191 28 0
0.0111769 1.80836e-07 0.0701191 28 0
0.0111769 1.80811e-07 0.0701191 28 0
0.0111769 1.80829e-07 0.0701191 28 0
0.0111769 1.80805e-07 0.0701191 28 0
0.0111769 1.80802e-07 0.0701191 28 0
0.0111769 1.76527e-07 0.0701191 28 0
0.0111769 1.80656e-07 0.0701191 28 0
0.0111769 1.80796e-07 0.0701191 28 0
0.0111769 1.80825e-07 0.0701191 28 0
0.0111769 1.80827e-07 0.0701191 28 0
0.0111769 1.76549e-07 0.0701191 28 0
0.0111769 1.80681e-07 0.0701191 28 0
0.0111769 1.80817e-07 0.0701191 28 0
0.0111769 1.8082e-07 0.0701192 28 0
0.0111769 1.76515e-07 0.0701192 28 0
0.0111769 1.73226e-07 0.0701192 28 0
0.0111769 1.80563e-07 0.0701192 28 0
0.0111769 1.80808e-07 0.0701192 28 0
0.0111769 1.80787e-07 0.0701192 28 0
0.0111769 1.80787e-07 0.0701192 28 0
0.011177 1.80789e-07 0.0701192 28 0
0.011177 1.80812e-07 0.0701192 28 0
0.011177 1.80788e-07 0.0701192 28 0
0.011177 1.80786e-07 0.0701192 28 0
0.011177 1.80784e-07 0.0701192 28 0
0.011177 1.80782e-07 0.0701192 28 0
0.011177 1.80782e-07 0.0701192 28 0
0.011177 1.76532e-07 0.0701192 28 0
0.011177 1.80664e-07 0.0701192 28 0
0.011177 1.80799e-07 0.0701192 28 0
0.011177 1.80805e-07 0.0701192 28 0
0.011177 1.76527e-07 0.0701192 28 0
0.011177 1.80659e-07 0.0701192 28 0
0.011177 1.74127e-07 0.0701192 28 0
0.011177 1.73909e-07 0.0701192 28 0
0.011177 1.73895e-07 0.0701192 28 0
0.011177 1.73895e-07 0.0701192 28 0
0.011177 1.73892e-07 0.0701192 28 0
0.011177 1.73892e-07 0.0701192 28 0
0.011177 1.73887e-07 0.0701192 28 0
0.011177 1.73886e-07 0.0701192 28 0
0.011177 1.73885e-07 0.0701192 28 0
0.011177 1.73883e-07 0.0701192 28 0
0.011177 1.73883e-07 0.0701192 28 0
0.011177 1.7388e-07 0.0701192 28 0
0.011177 1.73879e-07 0.0701192 28 0
0.011177 1.73875e-07 0.0701192 28 0
0.011177 1.73849e-07 0.0701192 28 0
0.011177 1.73871e-07 0.0701192 28 0
0.011177 1.73873e-07 0.0701192 28 0
0.011177 1.73841e-07 0.0701192 28 0
0.011177 1.7384e-07 0.0701192 28 0
0.011177 1.73837e-07 0.0701192 28 0
0.011177 1.73837e-07 0.0701192 28 0
0.011177 1.66435e-07 0.0701192 28 0
0.011177 1.74123e-07 0.0701192 28 0
0.011177 1.74402e-07 0.0701192 28 0
0.011177 1.7441e-07 0.0701192 28 0
0.011177 1.74407e-07 0.0701192 28 0
0.011177 1.74408e-07 0.0701192 28 0
0.011177 1.74405e-07 0.0701192 28 0
0.011177 1.74374e-07 0.0701192 28 0
0.011177 1.744e-07 0.0701192 28 0
0.011177 1.74401e-07 0.0701192 28 0
0.011177 1.74402e-07 0.0701192 28 0
0.011177 1.74398e-07 0.0701192 28 0
0.011177 1.7437e-07 0.0701192 28 0
0.011177 1.74394e-07 0.0701192 28 0
0.011177 1.74367e-07 0.0701192 28 0
0.011177 1.74363e-07 0.0701193 28 0
0.011177 1.74364e-07 0.0701193 28 0
0.011177 1.7436e-07 0.0701193 28 0
0.011177 1.74384e-07 0.0701193 28 0
0.011177 1.74384e-07 0.0701193 28 0
0.011177 1.6696e-07 0.0701193 28 0
0.011177 1.74134e-07 0.0701193 28 0
0.011177 1.74372e-07 0.0701193 28 0
0.0111771 1.74375e-07 0.0701193 28 0
0.0111771 1.74376e-07 0.0701193 28 0
0.0111771 1.74371e-07 0.0701193 28 0
0.0111771 1.74346e-07 0.0701193 28 0
0.0111771 1.74368e-07 0.0701193 28 0
0.0111771 1.74369e-07 0.0701193 28 0
0.0111771 1.74369e-07 0.0701193 28 0
0.0111771 1.74367e-07 0.0701193 28 0
0.0111771 1.74367e-07 0.0701193 28 0
0.0111771 1.74365e-07 0.0701193 28 0
0.0111771 1.74363e-07 0.0701193 28 0
0.0111771 1.74332e-07 0.0701193 28 0
0.0111771 1.74332e-07 0.0701193 28 0
0.0111771 1.7433e-07 0.0701193 28 0
0.0111771 1.7433e-07 0.0701193 28 0
0.0111771 1.74328e-07 0.0701193 28 0
0.0111771 1.80535e-07 0.0701193 28 0
0.0111771 1.80739e-07 0.0701193 28 0
0.0111771 1.80775e-07 0.0701193 28 0
0.0111771 1.80775e-07 0.0701193 28 0
0.0111771 1.80776e-07 0.0701193 28 0
0.0111771 1.80772e-07 0.0701193 28 0
0.0111771 1.80775e-07 0.0701193 28 0
0.0111771 1.80773e-07 0.0701193 28 0
0.0111771 1.80773e-07 0.0701193 28 0
0.0111771 1.80772e-07 0.0701193 28 0
0.0111771 1.80774e-07 0.0701193 28 0
0.0111771 1.80776e-07 0.0701193 28 0
0.0111771 1.80772e-07 0.0701193 28 0
0.0111771 1.80775e-07 0.0701193 28 0
0.0111771 1.80746e-07 0.0701193 28 0
0.0111771 1.80775e-07 0.0701193 28 0
0.0111771 1.80771e-07 0.0701193 28 0
0.0111771 1.80773e-07 0.0701193 28 0
0.0111771 1.80771e-07 0.0701193 28 0
0.0111771 1.80772e-07 0.0701193 28 0
0.0111771 1.80743e-07 0.0701193 28 0
0.0111771 1.80743e-07 0.0701193 28 0
0.0111771 1.80742e-07 0.0701193 28 0
0.0111771 1.80743e-07 0.0701193 28 0
0.0111771 1.80744e-07 0.0701193 28 0
0.0111771 1.80746e-07 0.0701193 28 0
0.0111771 1.80772e-07 0.0701193 28 0
0.0111771 1.73353e-07 0.0701193 28 0
0.0111771 1.80522e-07 0.0701193 28 0
0.0111771 1.80763e-07 0.0701193 28 0
0.0111771 1.80768e-07 0.0701193 28 0
0.0111771 1.8077e-07 0.0701193 28 0
0.0111771 1.80771e-07 0.0701194 28 0
0.0111771 1.80743e-07 0.0701194 28 0
0.0111771 1.80768e-07 0.0701194 28 0
0.0111771 1.80767e-07 0.0701194 28 0
0.0111771 1.80769e-07 0.0701194 28 0
0.0111771 1.80741e-07 0.0701194 28 0
0.0111771 1.8074e-07 0.0701194 28 0
0.0111771 1.80739e-07 0.0701194 28 0
0.0111772 1.7335e-07 0.0701194 28 0
0.0111772 1.80491e-07 0.0701194 28 0
0.0111772 1.80731e-07 0.0701194 28 0
0.0111772 1.80736e-07 0.0701194 28 0
0.0111772 1.80738e-07 0.0701194 28 0
0.0111772 1.80735e-07 0.0701194 28 0
0.0111772 1.80814e-07 0.0701194 28 0
0.0111772 1.80764e-07 0.0701194 28 0
0.0111772 1.80814e-07 0.0701194 28 0
0.0111772 1.80813e-07 0.0701194 28 0
0.0111772 1.76052e-07 0.0701194 28 0
0.0111772 1.75892e-07 0.0701194 28 0
0.0111772 1.75887e-07 0.0701194 28 0
0.0111772 1.75886e-07 0.0701194 28 0
0.0111772 1.80648e-07 0.0701194 28 0
0.0111772 1.76046e-07 0.0701194 28 0
0.0111772 1.75888e-07 0.0701194 28 0
0.0111772 1.75884e-07 0.0701194 28 0
0.0111772 1.75882e-07 0.0701194 28 0
0.0111772 1.75883e-07 0.0701194 28 0
0.0111772 1.75879e-07 0.0701194 28 0
0.0111772 1.75881e-07 0.0701194 28 0
0.0111772 1.75879e-07 0.0701194 28 0
0.0111772 1.7588e-07 0.0701194 28 0
0.0111772 1.75874e-07 0.0701194 28 0
0.0111772 1.75876e-07 0.0701194 28 0
0.0111772 1.75849e-07 0.0701194 28 0
0.0111772 1.75875e-07 0.0701194 28 0
0.0111772 1.75874e-07 0.0701194 28 0
0.0111772 1.75874e-07 0.0701194 28 0
0.0111772 1.75872e-07 0.0701194 28 0
0.0111772 1.80637e-07 0.0701194 28 0
0.0111772 1.76005e-07 0.0701194 28 0
0.0111772 1.75878e-07 0.0701194 28 0
0.0111772 1.75877e-07 0.0701194 28 0
0.0111772 1.75873e-07 0.0701194 28 0
0.0111772 1.75874e-07 0.0701194 28 0
0.0111772 1.75872e-07 0.0701194 28 0
0.0111772 1.75872e-07 0.0701194 28 0
0.0111772 1.7587e-07 0.0701194 28 0
0.0111772 1.7587e-07 0.0701194 28 0
0.0111772 1.75869e-07 0.0701194 28 0
0.0111772 1.75869e-07 0.0701194 28 0
0.0111772 1.75868e-07 0.0701194 28 0
0.0111772 1.75869e-07 0.0701194 28 0
0.0111772 1.7584e-07 0.0701194 28 0
0.0111772 1.75863e-07 0.0701194 28 0
0.0111772 1.806e-07 0.0701194 28 0
0.0111772 1.75997e-07 0.0701195 28 0
0.0111772 1.75839e-07 0.0701195 28 0
0.0111772 1.75834e-07 0.0701195 28 0
0.0111772 1.75831e-07 0.0701195 28 0
0.0111772 1.75859e-07 0.0701195 28 0
0.0111772 1.75857e-07 0.0701195 28 0
0.0111772 1.75832e-07 0.0701195 28 0
0.0111772 1.75834e-07 0.0701195 28 0
0.0111772 1.75857e-07 0.0701195 28 0
0.0111773 1.75859e-07 0.0701195 28 0
0.0111773 1.75857e-07 0.0701195 28 0
0.0111773 1.68422e-07 0.0701195 28 0
0.0111773 1.84642e-07 0.0701195 28 0
0.0111773 1.76096e-07 0.0701195 28 0
0.0111773 1.75808e-07 0.0701195 28 0
0.0111773 1.80075e-07 0.0701195 28 0
0.0111773 1.80216e-07 0.0701195 28 0
0.0111773 1.80223e-07 0.0701195 28 0
0.0111773 1.80221e-07 0.0701195 28 0
0.0111773 1.80225e-07 0.0701195 28 0
0.0111773 1.80223e-07 0.0701195 28 0
0.0111773 1.80225e-07 0.0701195 28 0
0.0111773 1.80225e-07 0.0701195 28 0
0.0111773 1.80225e-07 0.0701195 28 0
0.0111773 1.80224e-07 0.0701195 28 0
0.0111773 1.80226e-07 0.0701195 28 0
0.0111773 1.80224e-07 0.0701195 28 0
0.0111773 1.80224e-07 0.0701195 28 0
0.0111773 1.80227e-07 0.0701195 28 0
0.0111773 1.80225e-07 0.0701195 28 0
0.0111773 1.80228e-07 0.0701195 28 0
0.0111773 1.72819e-07 0.0701195 28 0
0.0111773 1.79981e-07 0.0701195 28 0
0.0111773 1.80219e-07 0.0701195 28 0
0.0111773 1.80227e-07 0.0701195 28 0
0.0111773 1.80226e-07 0.0701195 28 0
0.0111773 1.80228e-07 0.0701195 28 0
0.0111773 1.80228e-07 0.0701195 28 0
0.0111773 1.80226e-07 0.0701195 28 0
0.0111773 1.80227e-07 0.0701195 28 0
0.0111773 1.80228e-07 0.0701195 28 0
0.0111773 1.80227e-07 0.0701195 28 0
0.0111773 1.80226e-07 0.0701195 28 0
0.0111773 1.80226e-07 0.0701195 28 0
0.0111773 1.80227e-07 0.0701195 28 0
0.0111773 1.80226e-07 0.0701195 28 0
0.0111773 1.80229e-07 0.0701195 28 0
0.0111773 1.80228e-07 0.0701195 28 0
0.0111773 1.8023e-07 0.0701195 28 0
0.0111773 1.80258e-07 0.0701195 28 0
0.0111773 1.80232e-07 0.0701195 28 0
0.0111773 1.80232e-07 0.0701195 28 0
0.0111773 1.80231e-07 0.0701195 28 0
0.0111773 1.8023e-07 0.0701195 28 0
0.0111773 1.8023e-07 0.0701195 28 0
0.0111773 1.80233e-07 0.0701195 28 0
0.0111773 1.80229e-07 0.0701195 28 0
0.0111773 1.80232e-07 0.0701196 28 0
0.0111773 1.80231e-07 0.0701196 28 0
0.0111773 1.80234e-07 0.0701196 28 0
0.0111773 1.80233e-07 0.0701196 28 0
0.0111773 1.80234e-07 0.0701196 28 0
0.0111773 1.79697e-07 0.0701196 28 0
0.0111773 1.79681e-07 0.0701196 28 0
0.0111774 1.79677e-07 0.0701196 28 0
0.0111774 1.7968e-07 0.0701196 28 0
0.0111774 1.79677e-07 0.0701196 28 0
0.0111774 1.79678e-07 0.0701196 28 0
0.0111774 1.79676e-07 0.0701196 28 0
0.0111774 1.79678e-07 0.0701196 28 0
0.0111774 1.79682e-07 0.0701196 28 0
0.0111774 1.7227e-07 0.0701196 28 0
0.0111774 1.79431e-07 0.0701196 28 0
0.0111774 1.79669e-07 0.0701196 28 0
0.0111774 1.79678e-07 0.0701196 28 0
0.0111774 1.79676e-07 0.0701196 28 0
0.0111774 1.79705e-07 0.0701196 28 0
0.0111774 1.79676e-07 0.0701196 28 0
0.0111774 1.79676e-07 0.0701196 28 0
0.0111774 1.79674e-07 0.0701196 28 0
0.0111774 1.79677e-07 0.0701196 28 0
0.0111774 1.79676e-07 0.0701196 28 0
0.0111774 1.79675e-07 0.0701196 28 0
0.0111774 1.79675e-07 0.0701196 28 0
0.0111774 1.79676e-07 0.0701196 28 0
0.0111774 1.79675e-07 0.0701196 28 0
0.0111774 1.79675e-07 0.0701196 28 0
0.0111774 1.79675e-07 0.0701196 28 0
0.0111774 1.79675e-07 0.0701196 28 0
0.0111774 1.79673e-07 0.0701196 28 0
0.0111774 1.79701e-07 0.0701196 28 0
0.0111774 1.79678e-07 0.0701196 28 0
0.0111774 1.79676e-07 0.0701196 28 0
0.0111774 1.79676e-07 0.0701196 28 0
0.0111774 1.79675e-07 0.0701196 28 0
0.0111774 1.79677e-07 0.0701196 28 0
0.0111774 1.79676e-07 0.0701196 28 0
0.0111774 1.79675e-07 0.0701196 28 0
0.0111774 1.79701e-07 0.0701196 28 0
0.0111774 1.79703e-07 0.0701196 28 0
0.0111774 1.79701e-07 0.0701196 28 0
0.0111774 1.79703e-07 0.0701196 28 0
0.0111774 1.79703e-07 0.0701196 28 0
0.0111774 1.79678e-07 0.0701196 28 0
0.0111774 1.79675e-07 0.0701196 28 0
0.0111774 1.79677e-07 0.0701196 28 0
0.0111774 1.79675e-07 0.0701196 28 0
0.0111774 1.79676e-07 0.0701196 28 0
0.0111774 1.79673e-07 0.0701196 28 0
0.0111774 1.76903e-07 0.0701196 28 0
0.0111774 1.76781e-07 0.0701196 28 0
0.0111774 1.7988e-07 0.0701197 28 0
0.0111774 1.79986e-07 0.0701197 28 0
0.0111774 1.79988e-07 0.0701197 28 0
0.0111774 1.80015e-07 0.0701197 28 0
0.0111774 1.80012e-07 0.0701197 28 0
0.0111774 1.79987e-07 0.0701197 28 0
0.0111774 1.79983e-07 0.0701197 28 0
0.0111774 1.80011e-07 0.0701197 28 0
0.0111774 1.80008e-07 0.0701197 28 0
0.0111775 1.79982e-07 0.0701197 28 0
0.0111775 1.79979e-07 0.0701197 28 0
0.0111775 1.79979e-07 0.0701197 28 0
0.0111775 1.80002e-07 0.0701197 28 0
0.0111775 1.79979e-07 0.0701197 28 0
0.0111775 1.79973e-07 0.0701197 28 0
0.0111775 1.79973e-07 0.0701197 28 0
0.0111775 1.7997e-07 0.0701197 28 0
0.0111775 1.79972e-07 0.0701197 28 0
0.0111775 1.79971e-07 0.0701197 28 0
0.0111775 1.79971e-07 0.0701197 28 0
0.0111775 1.79969e-07 0.0701197 28 0
0.0111775 1.7997e-07 0.0701197 28 0
0.0111775 1.7997e-07 0.0701197 28 0
0.0111775 1.79967e-07 0.0701197 28 0
0.0111775 1.79968e-07 0.0701197 28 0
0.0111775 1.79965e-07 0.0701197 28 0
0.0111775 1.79966e-07 0.0701197 28 0
0.0111775 1.79963e-07 0.0701197 28 0
0.0111775 1.79965e-07 0.0701197 28 0
0.0111775 1.79963e-07 0.0701197 28 0
0.0111775 1.79961e-07 0.0701197 28 0
0.0111775 1.79987e-07 0.0701197 28 0
0.0111775 1.79961e-07 0.0701197 28 0
0.0111775 1.79958e-07 0.0701197 28 0
0.0111775 1.79959e-07 0.0701197 28 0
0.0111775 1.79956e-07 0.0701197 28 0
0.0111775 1.79958e-07 0.0701197 28 0
0.0111775 1.79954e-07 0.0701197 28 0
0.0111775 1.79956e-07 0.0701197 28 0
0.0111775 1.79953e-07 0.0701197 28 0
0.0111775 1.79955e-07 0.0701197 28 0
0.0111775 1.74786e-07 0.0701197 28 0
0.0111775 1.79806e-07 0.0701197 28 0
0.0111775 1.74782e-07 0.0701197 28 0
0.0111775 1.74583e-07 0.0701197 28 0
0.0111775 1.79768e-07 0.0701197 28 0
0.0111775 1.74749e-07 0.0701197 28 0
0.0111775 1.74582e-07 0.0701197 28 0
0.0111775 1.74573e-07 0.0701197 28 0
0.0111775 1.79764e-07 0.0701197 28 0
0.0111775 1.74744e-07 0.0701197 28 0
0.0111775 1.74626e-07 0.0701197 28 0
0.0111775 1.79758e-07 0.0701197 28 0
0.0111775 1.74739e-07 0.0701198 28 0
0.0111775 1.7457e-07 0.0701198 28 0
0.0111775 1.79755e-07 0.0701198 28 0
0.0111775 1.74735e-07 0.0701198 28 0
0.0111775 1.74567e-07 0.0701198 28 0
0.0111775 1.7975e-07 0.0701198 28 0
0.0111775 1.74732e-07 0.0701198 28 0
0.0111775 1.74563e-07 0.0701198 28 0
0.0111775 1.7975e-07 0.0701198 28 0
0.0111775 1.74777e-07 0.0701198 28 0
0.0111775 1.74611e-07 0.0701198 28 0
0.0111775 1.79776e-07 0.0701198 28 0
0.0111776 1.67363e-07 0.0701198 28 0
0.0111776 1.79506e-07 0.0701198 28 0
0.0111776 1.79934e-07 0.0701198 28 0
0.0111776 1.74809e-07 0.0701198 28 0
0.0111776 1.79776e-07 0.0701198 28 0
0.0111776 1.74799e-07 0.0701198 28 0
0.0111776 1.74605e-07 0.0701198 28 0
0.0111776 1.74627e-07 0.0701198 28 0
0.0111776 1.79739e-07 0.0701198 28 0
0.0111776 1.68093e-07 0.0701198 28 0
0.0111776 1.72845e-07 0.0701198 28 0
0.0111776 1.73004e-07 0.0701198 28 0
0.0111776 1.73006e-07 0.0701198 28 0
0.0111776 1.73004e-07 0.0701198 28 0
0.0111776 1.73e-07 0.0701198 28 0
0.0111776 1.73e-07 0.0701198 28 0
0.0111776 1.72996e-07 0.0701198 28 0
0.0111776 1.72995e-07 0.0701198 28 0
0.0111776 1.72991e-07 0.0701198 28 0
0.0111776 1.72992e-07 0.0701198 28 0
0.0111776 1.72989e-07 0.0701198 28 0
0.0111776 1.72987e-07 0.0701198 28 0
0.0111776 1.72987e-07 0.0701198 28 0
0.0111776 1.72983e-07 0.0701198 28 0
0.0111776 1.72983e-07 0.0701198 28 0
0.0111776 1.72981e-07 0.0701198 28 0
0.0111776 1.7298e-07 0.0701198 28 0
0.0111776 1.72978e-07 0.0701198 28 0
0.0111776 1.72979e-07 0.0701198 28 0
0.0111776 1.72975e-07 0.0701198 28 0
0.0111776 1.72975e-07 0.0701198 28 0
0.0111776 1.7297e-07 0.0701198 28 0
0.0111776 1.72971e-07 0.0701198 28 0
0.0111776 1.72967e-07 0.0701198 28 0
0.0111776 1.72965e-07 0.0701198 28 0
0.0111776 1.72962e-07 0.0701198 28 0
0.0111776 1.735e-07 0.0701198 28 0
0.0111776 1.73515e-07 0.0701198 28 0
0.0111776 1.73515e-07 0.0701198 28 0
0.0111776 1.73512e-07 0.0701198 28 0
0.0111776 1.73512e-07 0.0701198 28 0
0.0111776 1.7351e-07 0.0701198 28 0
0.0111776 1.73509e-07 0.0701198 28 0
0.0111776 1.73509e-07 0.0701198 28 0
0.0111776 1.73505e-07 0.0701198 28 0
0.0111776 1.73503e-07 0.0701198 28 0
0.0111776 1.735e-07 0.0701198 28 0
0.0111776 1.73501e-07 0.0701198 28 0
0.0111776 1.73499e-07 0.0701199 28 0
0.0111776 1.73499e-07 0.0701199 28 0
0.0111776 1.73495e-07 0.0701199 28 0
0.0111776 1.76604e-07 0.0701199 28 0
0.0111776 1.76707e-07 0.0701199 28 0
0.0111776 1.7671e-07 0.0701199 28 0
0.0111776 1.76708e-07 0.0701199 28 0
0.0111776 1.76709e-07 0.0701199 28 0
0.0111776 1.7673e-07 0.0701199 28 0
0.0111777 1.76733e-07 0.0701199 28 0
0.0111777 1.76704e-07 0.0701199 28 0
0.0111777 1.69283e-07 0.0701199 28 0
0.0111777 1.76479e-07 0.0701199 28 0
0.0111777 1.76692e-07 0.0701199 28 0
0.0111777 1.76698e-07 0.0701199 28 0
0.0111777 1.76698e-07 0.0701199 28 0
0.0111777 1.76698e-07 0.0701199 28 0
0.0111777 1.76698e-07 0.0701199 28 0
0.0111777 1.76697e-07 0.0701199 28 0
0.0111777 1.76695e-07 0.0701199 28 0
0.0111777 1.76697e-07 0.0701199 28 0
0.0111777 1.76694e-07 0.0701199 28 0
0.0111777 1.76695e-07 0.0701199 28 0
0.0111777 1.76693e-07 0.0701199 28 0
0.0111777 1.76692e-07 0.0701199 28 0
0.0111777 1.7669e-07 0.0701199 28 0
0.0111777 1.76692e-07 0.0701199 28 0
0.0111777 1.76689e-07 0.0701199 28 0
0.0111777 1.7669e-07 0.0701199 28 0
0.0111777 1.76688e-07 0.0701199 28 0
0.0111777 1.76715e-07 0.0701199 28 0
0.0111777 1.76687e-07 0.0701199 28 0
0.0111777 1.76688e-07 0.0701199 28 0
0.0111777 1.76686e-07 0.0701199 28 0
0.0111777 1.76684e-07 0.0701199 28 0
0.0111777 1.76682e-07 0.0701199 28 0
0.0111777 1.76683e-07 0.0701199 28 0
0.0111777 1.85231e-07 0.0701199 28 0
0.0111777 1.76969e-07 0.0701199 28 0
0.0111777 1.8524e-07 0.0701199 28 0
0.0111777 1.76969e-07 0.0701199 28 0
0.0111777 1.76692e-07 0.0701199 28 0
0.0111777 1.85227e-07 0.0701199 28 0
0.0111777 1.7697e-07 0.0701199 28 0
0.0111777 1.7785e-07 0.0701199 28 0
0.0111777 1.85269e-07 0.0701199 28 0
0.0111777 1.7697e-07 0.0701199 28 0
0.0111777 1.85241e-07 0.0701199 28 0
0.0111777 1.76971e-07 0.0701199 28 0
0.0111777 1.76693e-07 0.0701199 28 0
0.0111777 1.85229e-07 0.0701199 28 0
0.0111777 1.7697e-07 0.0701199 28 0
0.0111777 1.85238e-07 0.0701199 28 0
0.0111777 1.76971e-07 0.0701199 28 0
0.0111777 1.76692e-07 0.0701199 28 0
0.0111777 1.8523e-07 0.0701199 28 0
0.0111777 1.76968e-07 0.0701199 28 0
0.0111777 1.76691e-07 0.0701199 28 0
0.0111777 1.85231e-07 0.0701199 28 0
0.0111777 1.76971e-07 0.07012 28 0
0.0111777 1.8524e-07 0.07012 28 0
0.0111777 1.76969e-07 0.07012 28 0
0.0111777 1.76694e-07 0.07012 28 0
0.0111777 1.85228e-07 0.07012 28 0
0.0111777 1.7697e-07 0.07012 28 0
0.0111777 1.85238e-07 0.07012 28 0
0.0111778 1.76971e-07 0.07012 28 0
0.0111778 1.7669e-07 0.07012 28 0
0.0111778 1.85229e-07 0.07012 28 0
0.0111778 1.76968e-07 0.07012 28 0
0.0111778 1.76691e-07 0.07012 28 0
0.0111778 1.85251e-07 0.07012 28 0
0.0111778 1.71853e-07 0.07012 28 0
0.0111778 1.85092e-07 0.07012 28 0
0.0111778 1.80399e-07 0.07012 28 0
0.0111778 1.80216e-07 0.07012 28 0
0.0111778 1.71663e-07 0.07012 28 0
0.0111778 1.72516e-07 0.07012 28 0
0.0111778 1.79953e-07 0.07012 28 0
0.0111778 1.80203e-07 0.07012 28 0
0.0111778 1.80211e-07 0.07012 28 0
0.0111778 1.80214e-07 0.07012 28 0
0.0111778 1.80211e-07 0.07012 28 0
0.0111778 1.72807e-07 0.07012 28 0
0.0111778 1.79967e-07 0.07012 28 0
0.0111778 1.80206e-07 0.07012 28 0
0.0111778 1.80212e-07 0.07012 28 0
0.0111778 1.80214e-07 0.07012 28 0
0.0111778 1.80212e-07 0.07012 28 0
0.0111778 1.80213e-07 0.07012 28 0
0.0111778 1.72833e-07 0.07012 28 0
0.0111778 1.7997e-07 0.07012 28 0
0.0111778 1.80205e-07 0.07012 28 0
0.0111778 1.80213e-07 0.07012 28 0
0.0111778 1.80213e-07 0.07012 28 0
0.0111778 1.80215e-07 0.07012 28 0
0.0111778 1.80243e-07 0.07012 28 0
0.0111778 1.80218e-07 0.07012 28 0
0.0111778 1.80215e-07 0.07012 28 0
0.0111778 1.80217e-07 0.07012 28 0
0.0111778 1.80219e-07 0.07012 28 0
0.0111778 1.80218e-07 0.07012 28 0
0.0111778 1.79685e-07 0.07012 28 0
0.0111778 1.79691e-07 0.07012 28 0
0.0111778 1.79665e-07 0.07012 28 0
0.0111778 1.79664e-07 0.07012 28 0
0.0111778 1.79665e-07 0.07012 28 0
0.0111778 1.79664e-07 0.07012 28 0
0.0111778 1.79665e-07 0.07012 28 0
0.0111778 1.79663e-07 0.07012 28 0
0.0111778 1.79665e-07 0.07012 28 0
0.0111778 1.79664e-07 0.07012 28 0
0.0111778 1.79666e-07 0.07012 28 0
0.0111778 1.79666e-07 0.0701201 28 0
0.0111778 1.79666e-07 0.0701201 28 0
0.0111778 1.79664e-07 0.0701201 28 0
0.0111778 1.79666e-07 0.0701201 28 0
0.0111778 1.79665e-07 0.0701201 28 0
0.0111778 1.79665e-07 0.0701201 28 0
0.0111778 1.79691e-07 0.0701201 28 0
0.0111778 1.79694e-07 0.0701201 28 0
0.0111779 1.79696e-07 0.0701201 28 0
0.0111779 1.79669e-07 0.0701201 28 0
0.0111779 1.79669e-07 0.0701201 28 0
0.0111779 1.79695e-07 0.0701201 28 0
0.0111779 1.7967e-07 0.0701201 28 0
0.0111779 1.79666e-07 0.0701201 28 0
0.0111779 1.79668e-07 0.0701201 28 0
0.0111779 1.79668e-07 0.0701201 28 0
0.0111779 1.72288e-07 0.0701201 28 0
0.0111779 1.7942e-07 0.0701201 28 0
0.0111779 1.7966e-07 0.0701201 28 0
0.0111779 1.79667e-07 0.0701201 28 0
0.0111779 1.79667e-07 0.0701201 28 0
0.0111779 1.79666e-07 0.0701201 28 0
0.0111779 1.79667e-07 0.0701201 28 0
0.0111779 1.79666e-07 0.0701201 28 0
0.0111779 1.79669e-07 0.0701201 28 0
0.0111779 1.79668e-07 0.0701201 28 0
0.0111779 1.7967e-07 0.0701201 28 0
0.0111779 1.79667e-07 0.0701201 28 0
0.0111779 1.79669e-07 0.0701201 28 0
0.0111779 1.79699e-07 0.0701201 28 0
0.0111779 1.79671e-07 0.0701201 28 0
0.0111779 1.7967e-07 0.0701201 28 0
0.0111779 1.7967e-07 0.0701201 28 0
0.0111779 1.79671e-07 0.0701201 28 0
0.0111779 1.79669e-07 0.0701201 28 0
0.0111779 1.79672e-07 0.0701201 28 0
0.0111779 1.72263e-07 0.0701201 28 0
0.0111779 1.79425e-07 0.0701201 28 0
0.0111779 1.7966e-07 0.0701201 28 0
0.0111779 1.7967e-07 0.0701201 28 0
0.0111779 1.79668e-07 0.0701201 28 0
0.0111779 1.79671e-07 0.0701201 28 0
0.0111779 1.7967e-07 0.0701201 28 0
0.0111779 1.79698e-07 0.0701201 28 0
0.0111779 1.79669e-07 0.0701201 28 0
0.0111779 1.7967e-07 0.0701201 28 0
0.0111779 1.79667e-07 0.0701201 28 0
0.0111779 1.79669e-07 0.0701201 28 0
0.0111779 1.79668e-07 0.0701201 28 0
0.0111779 1.7226e-07 0.0701201 28 0
0.0111779 1.79423e-07 0.0701201 28 0
0.0111779 1.79661e-07 0.0701201 28 0
0.0111779 1.79671e-07 0.0701201 28 0
0.0111779 1.79669e-07 0.0701201 28 0
0.0111779 1.79669e-07 0.0701201 28 0
0.0111779 1.79669e-07 0.0701202 28 0
0.0111779 1.7967e-07 0.0701202 28 0
0.0111779 1.79668e-07 0.0701202 28 0
0.0111779 1.79671e-07 0.0701202 28 0
0.0111779 1.79669e-07 0.0701202 28 0
0.0111779 1.79668e-07 0.0701202 28 0
0.0111779 1.79667e-07 0.0701202 28 0
0.0111779 1.79669e-07 0.0701202 28 0
0.0111779 1.7967e-07 0.0701202 28 0
0.011178 1.79671e-07 0.0701202 28 0
0.011178 1.79669e-07 0.0701202 28 0
0.011178 1.79671e-07 0.0701202 28 0
0.011178 1.79669e-07 0.0701202 28 0
0.011178 1.7967e-07 0.0701202 28 0
0.011178 1.79668e-07 0.0701202 28 0
0.011178 1.79696e-07 0.0701202 28 0
0.011178 1.79698e-07 0.0701202 28 0
0.011178 1.79696e-07 0.0701202 28 0
0.011178 1.79699e-07 0.0701202 28 0
0.011178 1.79698e-07 0.0701202 28 0
0.011178 1.79672e-07 0.0701202 28 0
0.011178 1.79668e-07 0.0701202 28 0
0.011178 1.7967e-07 0.0701202 28 0
