0.393577 0 0 0 0
0.392282 -0.12941 -12.9405 0 0
0.39004 -0.224252 -9.48355 0 0
0.387905 -0.213173 1.13622 0 0
0.385261 -0.264201 -5.09839 0 0
0.38232 -0.293933 -2.96998 0 0
0.379242 -0.307906 -1.39446 0 0
0.376478 -0.276423 3.18767 0 0
0.375401 -0.10664 17.0921 0 0
0.375683 0.030747 13.8506 0 0
0.377453 0.181689 15.2339 0 0
0.378158 0.0748608 -10.6627 0 0
0.377933 -0.0194441 -9.42855 0 0
0.377488 -0.0422137 -2.29126 0 0
0.377486 0.000918194 4.28969 0 0
0.376495 -0.0986824 -9.96522 0 0
0.376492 -1.22971e-05 9.85328 0 0
0.376419 -0.00702163 -0.705109 0 0
0.37643 0.00102346 0.803441 0 0
0.376825 0.039491 3.84954 0 0
0.377077 0.0252496 -1.42368 0 0
0.377101 0.00235773 -2.28893 0 0
0.377065 -0.00358431 -0.594144 0 0
0.377064 -4.57182e-05 0.353847 0 0
0.377066 0.000223257 0.0268894 0 0
0.377063 -0.000304617 -0.0527794 0 0
0.377059 -0.000493533 -0.0188997 0 0
0.377052 -0.000610662 -0.0117269 0 0
0.377045 -0.000760887 -0.0150366 0 0
0.377036 -0.000918412 -0.0157688 0 0
0.377025 -0.00107409 -0.0155873 0 0
0.377013 -0.00123064 -0.0156768 0 0
0.376999 -0.00138901 -0.0158615 0 0
0.376983 -0.00154908 -0.016034 0 0
0.376966 -0.0017109 -0.0162126 0 0
0.376947 -0.00187464 -0.016407 0 0
0.376927 -0.00204044 -0.0166156 0 0
0.376905 -0.00220844 -0.0168385 0 0
0.376881 -0.00237877 -0.017075 0 0
0.376856 -0.00255159 -0.0173266 0 0
0.376829 -0.00272704 -0.0175931 0 0
0.3768 -0.00290528 -0.0178745 0 0
0.376769 -0.00308646 -0.018172 0 0
0.376736 -0.00327074 -0.0184859 0 0
0.376702 -0.00345829 -0.0188156 0 0
0.376666 -0.00364927 -0.0191629 0 0
0.376627 -0.00384387 -0.0195279 0 0
0.376587 -0.00404225 -0.0199104 0 0
0.376545 -0.00424463 -0.0203134 0 0
0.3765 -0.00445117 -0.0207335 0 0
0.376454 -0.0046621 -0.0211762 0 0
0.376405 -0.00487762 -0.021639 0 0
0.376355 -0.00509794 -0.022124 0 0
0.376302 -0.00532332 -0.0226344 0 0
0.376246 -0.005554 -0.023169 0 0
0.376189 -0.00579025 -0.0237306 0 0
0.376129 -0.00603241 -0.0243256 0 0
0.376066 -0.0062808 -0.0249549 0 0
0.376001 -0.00653585 -0.0256249 0 0
0.375934 -0.00679813 -0.0263537 0 0
0.375863 -0.00706842 -0.0271604 0 0
0.37579 -0.00734821 -0.0281165 0 0
0.375714 -0.00764124 -0.0294457 0 0
0.375635 -0.00796943 -0.0329698 0 0
0.375715 0.00790441 1.58783 0 0
0.375786 0.00715685 -0.0744126 0 0
0.375851 0.00642114 -0.0732623 0 0
0.375908 0.00569641 -0.0721992 0 0
0.375958 0.00498143 -0.0712589 0 0
0.376001 0.00427492 -0.0704463 0 0
0.376037 0.0035756 -0.0697607 0 0
0.376066 0.00288225 -0.069198 0 0
0.376088 0.00219362 -0.0687584 0 0
0.376103 0.00150849 -0.0684433 0 0
0.376111 0.000825621 -0.0682495 0 0
0.376112 0.00014508 -0.0680502 0 0
0.376108 -0.000401539 -0.0546858 0 0
0.376099 -0.000941886 -0.054086 0 0
0.376084 -0.00148735 -0.0546257 0 0
0.376064 -0.00203898 -0.0552689 0 0
0.376038 -0.00259783 -0.0560199 0 0
0.376006 -0.00316502 -0.0568818 0 0
0.375969 -0.00374172 -0.0578619 0 0
0.375926 -0.00432921 -0.0589692 0 0
0.375877 -0.00492905 -0.0602331 0 0
0.375822 -0.00554302 -0.0616769 0 0
0.37576 -0.00617417 -0.0634245 0 0
0.375692 -0.00682951 -0.0658741 0 0
0.375617 -0.00757516 -0.0749391 0 0
0.375693 0.00753757 1.51144 0 0
0.375766 0.00724946 -0.0286725 0 0
0.375836 0.00696744 -0.0280686 0 0
0.375903 0.00669163 -0.0274541 0 0
0.375967 0.00642176 -0.0268658 0 0
0.376029 0.00615757 -0.026303 0 0
0.376089 0.00589881 -0.025765 0 0
0.376145 0.00564525 -0.0252511 0 0
0.376199 0.00539664 -0.0247607 0 0
0.376251 0.00515275 -0.0242934 0 0
0.3763 0.00491335 -0.0238486 0 0
0.376347 0.00467823 -0.0234257 0 0
0.376392 0.00444718 -0.0230244 0 0
0.376434 0.00421996 -0.0226441 0 0
0.376475 0.00399639 -0.0222844 0 0
0.376512 0.00377626 -0.021945 0 0
0.376548 0.00355936 -0.0216254 0 0
0.376582 0.00334551 -0.0213253 0 0
0.376613 0.0031345 -0.0210443 0 0
0.376642 0.00292616 -0.0207822 0 0
0.37667 0.00272029 -0.0205385 0 0
0.376695 0.00251671 -0.0203132 0 0
0.376718 0.00231525 -0.0201058 0 0
0.376739 0.00211571 -0.0199162 0 0
0.376758 0.00191794 -0.0197442 0 0
0.376776 0.00172174 -0.0195895 0 0
0.376791 0.00152696 -0.019452 0 0
0.376804 0.00133342 -0.0193316 0 0
0.376816 0.00114095 -0.019228 0 0
0.376825 0.000949375 -0.0191413 0 0
0.376833 0.000758539 -0.0190712 0 0
0.376839 0.000568272 -0.0190178 0 0
0.376842 0.000378408 -0.0189809 0 0
0.376844 0.000188782 -0.0189606 0 0
0.376844 2.63247e-05 -0.0162466 0 0
0.376843 -0.000129258 -0.0155617 0 0
0.37684 -0.000285557 -0.0156359 0 0
0.376836 -0.000442696 -0.0157227 0 0
0.37683 -0.0006008 -0.0158219 0 0
0.376822 -0.000759998 -0.0159339 0 0
0.376813 -0.000920416 -0.0160586 0 0
0.376802 -0.00108219 -0.0161965 0 0
0.37679 -0.00124544 -0.0163475 0 0
0.376776 -0.00141031 -0.0165121 0 0
0.37676 -0.00157692 -0.0166899 0 0
0.376743 -0.00174544 -0.0168821 0 0
0.376724 -0.00191598 -0.0170883 0 0
0.376703 -0.0020887 -0.0173088 0 0
0.37668 -0.00226374 -0.017544 0 0
0.376656 -0.00244125 -0.0177944 0 0
0.37663 -0.00262139 -0.01806 0 0
0.376602 -0.00280431 -0.018342 0 0
0.376572 -0.00299017 -0.0186396 0 0
0.37654 -0.00317915 -0.0189537 0 0
0.376507 -0.00337141 -0.0192858 0 0
0.376471 -0.00356712 -0.0196345 0 0
0.376433 -0.00376647 -0.0200025 0 0
0.376394 -0.00396965 -0.0203887 0 0
0.376352 -0.00417686 -0.0207958 0 0
0.376309 -0.00438828 -0.0212216 0 0
0.376263 -0.00460416 -0.0216712 0 0
0.376215 -0.00482473 -0.0221435 0 0
0.376164 -0.00505021 -0.0226402 0 0
0.376112 -0.00528089 -0.0231638 0 0
0.376057 -0.00551707 -0.0237187 0 0
0.376 -0.00575908 -0.0243062 0 0
0.37594 -0.0060074 -0.0249431 0 0
0.375877 -0.00626261 -0.0256361 0 0
0.375813 -0.0065256 -0.0264202 0 0
0.375745 -0.00679836 -0.0274025 0 0
0.375674 -0.00708745 -0.0290411 0 0
0.374623 -0.105189 -9.81019 0 0
0.374696 0.00726877 11.2465 0 0
0.374761 0.00653923 -0.0726863 0 0
0.37482 0.00581606 -0.0720832 0 0
0.374871 0.00510112 -0.0712952 0 0
0.374915 0.00439315 -0.070633 0 0
0.374952 0.00369089 -0.0700952 0 0
0.374982 0.0029931 -0.0696822 0 0
0.375005 0.00229852 -0.0693939 0 0
0.375021 0.00160595 -0.0692279 0 0
0.375031 0.00099933 -0.060662 0 0
0.375041 0.0010002 8.51742e-05 0 0
0.375051 0.00100669 0.000645581 0 0
0.375061 0.00101075 0.000400459 0 0
0.375071 0.000999154 -0.00115985 0 0
0.375081 0.000984252 -0.00149002 0 0
0.375091 0.00096931 -0.00149389 0 0
0.3751 0.000954596 -0.0014712 0 0
0.37511 0.000940109 -0.0014485 0 0
0.375119 0.000925843 -0.00142634 0 0
0.375128 0.000911797 -0.00140441 0 0
0.375137 0.000897967 -0.00138279 0 0
0.375146 0.000884349 -0.00136159 0 0
0.375154 0.000870941 -0.00134059 0 0
0.375163 0.000857736 -0.00132034 0 0
0.375172 0.000844731 -0.00130026 0 0
0.37518 0.000831927 -0.0012803 0 0
0.375188 0.000819318 -0.00126069 0 0
0.375196 0.000806899 -0.00124174 0 0
0.375204 0.000794668 -0.00122291 0 0
0.375212 0.000782625 -0.00120415 0 0
0.37522 0.000770762 -0.00118616 0 0
0.375227 0.000759078 -0.00116823 0 0
0.375235 0.000747573 -0.00115038 0 0
0.375242 0.000736238 -0.00113333 0 0
0.375249 0.000725078 -0.00111596 0 0
0.375256 0.000714082 -0.00109941 0 0
0.375263 0.000703254 -0.00108267 0 0
0.37527 0.000692587 -0.00106665 0 0
0.375277 0.000682079 -0.00105066 0 0
0.375284 0.00067173 -0.00103479 0 0
0.375291 0.000661534 -0.00101945 0 0
0.375297 0.000651492 -0.00100408 0 0
0.375303 0.0006416 -0.000989162 0 0
0.37531 0.000631854 -0.00097448 0 0
0.375316 0.000622255 -0.000959756 0 0
0.375322 0.000612796 -0.000945828 0 0
0.375328 0.000603481 -0.000931408 0 0
0.375334 0.000594302 -0.000917817 0 0
0.37534 0.000585262 -0.000903878 0 0
0.375346 0.000576356 -0.000890582 0 0
0.375351 0.000567581 -0.000877428 0 0
0.375357 0.000575557 0.000797618 0 0
0.375363 0.000564243 -0.00113126 0 0
0.375368 0.000553094 -0.00111482 0 0
0.375374 0.00054218 -0.00109133 0 0
0.375379 0.000531499 -0.00106805 0 0
0.375384 0.000521044 -0.00104543 0 0
0.375389 0.000511581 -0.00094616 0 0
0.375394 0.000502531 -0.000904936 0 0
0.375399 0.000493212 -0.000931907 0 0
0.375404 0.000484054 -0.000915652 0 0
0.375409 0.000475058 -0.000899561 0 0
0.375414 0.000466671 -0.00083863 0 0
0.375418 0.000458425 -0.00082461 0 0
0.375423 0.000450306 -0.000811777 0 0
0.375427 0.000442315 -0.000799069 0 0
0.375431 0.00043445 -0.00078646 0 0
0.375436 0.000426709 -0.000774084 0 0
0.37544 0.000419092 -0.000761664 0 0
0.375444 0.000411595 -0.000749659 0 0
0.375448 0.000404218 -0.00073758 0 0
0.375452 0.000396961 -0.000725669 0 0
0.375456 0.00038982 -0.000714045 0 0
0.37546 0.000382793 -0.000702671 0 0
0.375464 0.000375881 -0.0006912 0 0
0.375467 0.000369082 -0.000679892 0 0
0.375471 0.000362394 -0.000668683 0 0
0.375474 0.000355814 -0.000658009 0 0
0.375478 0.000349345 -0.000646888 0 0
0.375481 0.00034298 -0.000636385 0 0
0.375485 0.000336724 -0.000625635 0 0
0.375489 0.000407739 0.0071021 0 0
0.375493 0.000395856 -0.00118823 0 0
0.375497 0.00039018 -0.000567661 0 0
0.3755 0.000384905 -0.000527452 0 0
0.375504 0.000379698 -0.000520731 0 0
0.375508 0.000374529 -0.000516863 0 0
0.375512 0.000369397 -0.000513256 0 0
0.375515 0.000364299 -0.000509731 0 0
0.375519 0.000359237 -0.000506284 0 0
0.375523 0.000411618 0.00523593 0 0
0.375527 0.000404862 -0.000675547 0 0
0.375531 0.000395339 -0.000952283 0 0
0.375535 0.000385977 -0.000936104 0 0
0.375539 0.000376826 -0.000915074 0 0
0.375543 0.00045534 0.00785151 0 0
0.375548 0.000458187 0.000284506 0 0
0.375552 0.000463464 0.000527455 0 0
0.375557 0.000469624 0.000615647 0 0
0.375562 0.000458717 -0.00109059 0 0
0.375566 0.000446867 -0.00118496 0 0
0.375571 0.000435236 -0.00116296 0 0
0.375575 0.000423869 -0.0011367 0 0
0.375579 0.000412761 -0.00111072 0 0
0.375583 0.000401907 -0.00108529 0 0
0.375587 0.000391301 -0.00106052 0 0
0.375591 0.000380895 -0.0010406 0 0
0.375594 0.000370721 -0.00101733 0 0
0.375598 0.00036521 -0.000551074 0 0
0.375602 0.000363983 -0.000122782 0 0
0.375605 0.000366358 0.000237326 0 0
0.375609 0.000371689 0.000532859 0 0
0.375613 0.000379371 0.000767689 0 0
0.375617 0.000388855 0.00094773 0 0
0.375621 0.000399522 0.00106585 0 0
0.375625 0.000398308 -0.000121911 0 0
0.375629 0.000383769 -0.00145401 0 0
0.375632 0.000366055 -0.0017715 0 0
0.375636 0.000349239 -0.00168192 0 0
0.375639 0.000333666 -0.00155781 0 0
0.375642 0.000319084 -0.00145883 0 0
0.375645 0.00030516 -0.00139327 0 0
0.375648 0.000291589 -0.00135827 0 0
0.375651 0.00027809 -0.00135133 0 0
0.375654 0.000264435 -0.0013673 0 0
0.375656 0.000250381 -0.00140756 0 0
0.375659 0.000235718 -0.00146874 0 0
0.375661 0.00022025 -0.0015498 0 0
0.375663 0.000203812 -0.00164722 0 0
0.375665 0.000186222 -0.00176298 0 0
0.375666 0.000167313 -0.00189561 0 0
0.375668 0.000146899 -0.00204659 0 0
0.375669 0.000124792 -0.00221672 0 0
0.37567 0.000100721 -0.00241386 0 0
0.375671 7.44646e-05 -0.00263328 0 0
0.375671 4.54156e-05 -0.00291344 0 0
0.375671 1.24107e-05 -0.00331073 0 0
0.375671 -2.92615e-05 -0.00417774 0 0
0.375684 0.00127627 0.13058 0 0
0.375691 0.000660383 -0.0615851 0 0
0.375694 0.000354908 -0.0305587 0 0
0.375697 0.000256842 -0.00982257 0 0
0.375706 0.000902435 0.0645752 0 0
0.375709 0.000365441 -0.0536978 0 0
0.375712 0.000275 -0.00904236 0 0
0.375714 0.000191099 -0.00838882 0 0
0.375715 0.000106999 -0.00840935 0 0
0.375715 2.25056e-05 -0.00844923 0 0
0.375715 -4.63508e-05 -0.0068859 0 0
0.375714 -0.000116099 -0.00697546 0 0
0.375712 -0.000186771 -0.00706815 0 0
0.375709 -0.000263759 -0.00770017 0 0
0.375706 -0.000335903 -0.00721614 0 0
0.375702 -0.000408204 -0.00723222 0 0
0.375697 -0.00047552 -0.00673408 0 0
0.375691 -0.000554933 -0.00794421 0 0
0.375685 -0.00062273 -0.00678302 0 0
0.375678 -0.000696853 -0.00741595 0 0
0.375671 -0.000769386 -0.00725738 0 0
0.375671 1.80007e-07 0.0769567 0 0
0.375671 1.0321e-07 -7.68126e-06 0 0
0.375671 6.59263e-08 -3.72831e-06 0 0
0.375671 1.20966e-07 5.50399e-06 0 0
0.375671 7.07939e-08 -5.01717e-06 0 0
0.375671 3.77795e-08 -3.30143e-06 0 0
0.375671 5.14344e-09 -3.26359e-06 0 0
0.375671 1.25099e-08 7.3643e-07 0 0
0.375671 6.74096e-09 -5.76885e-07 0 0
0.375671 -2.24317e-09 -8.98406e-07 0 0
0.375671 -1.11459e-08 -8.90262e-07 0 0
0.375671 -4.23387e-08 -3.11918e-06 0 0
0.375671 -4.92723e-08 -6.9336e-07 0 0
0.375671 -5.42171e-08 -4.94475e-07 0 0
0.375671 -5.89764e-08 -4.75932e-07 0 0
0.375671 -6.36036e-08 -4.62715e-07 0 0
0.375671 -6.81335e-08 -4.52987e-07 0 0
0.375671 -7.25611e-08 -4.4276e-07 0 0
0.375671 -7.68854e-08 -4.32421e-07 0 0
0.375671 -8.11083e-08 -4.22287e-07 0 0
0.375671 -8.5232e-08 -4.12371e-07 0 0
0.375671 -8.92578e-08 -4.02584e-07 0 0
0.375671 -9.20457e-08 -2.78784e-07 0 0
0.375671 -9.47634e-08 -2.71774e-07 0 0
0.375671 -9.7414e-08 -2.65054e-07 0 0
0.375671 -9.99998e-08 -2.58576e-07 0 0
0.375671 -1.02521e-07 -2.5216e-07 0 0
0.375671 -1.0498e-07 -2.45867e-07 0 0
0.375671 -1.07377e-07 -2.39657e-07 0 0
0.375671 -1.09712e-07 -2.33556e-07 0 0
0.375671 -1.11713e-07 -2.00058e-07 0 0
0.375671 -1.12948e-07 -1.2349e-07 0 0
0.375671 -1.14151e-07 -1.2032e-07 0 0
0.375671 -1.15324e-07 -1.17291e-07 0 0
0.375671 -1.16467e-07 -1.14318e-07 0 0
0.375671 -1.1758e-07 -1.11331e-07 0 0
0.375671 -1.18684e-07 -1.1033e-07 0 0
0.375671 -1.19719e-07 -1.03514e-07 0 0
0.375671 -1.20755e-07 -1.03605e-07 0 0
0.375671 -1.21764e-07 -1.00875e-07 0 0
0.375671 -2.64058e-08 9.5358e-06 0 0
0.375671 -2.06059e-08 5.79987e-07 0 0
0.375671 -1.47671e-08 5.83888e-07 0 0
0.375671 -8.91438e-09 5.8527e-07 0 0
0.375671 -3.13153e-09 5.78285e-07 0 0
0.375671 2.51568e-09 5.64721e-07 0 0
0.375671 8.11904e-09 5.60336e-07 0 0
0.375671 1.36354e-08 5.51635e-07 0 0
0.375671 1.90449e-08 5.4095e-07 0 0
0.375671 2.43777e-08 5.33287e-07 0 0
0.375671 2.9617e-08 5.23921e-07 0 0
0.375671 3.47942e-08 5.17726e-07 0 0
0.375671 3.99024e-08 5.10823e-07 0 0
0.375671 4.492e-08 5.01759e-07 0 0
0.375671 5.02028e-08 5.28277e-07 0 0
0.375671 5.60668e-08 5.86401e-07 0 0
0.375671 6.18156e-08 5.74877e-07 0 0
0.375671 6.74901e-08 5.67453e-07 0 0
0.375671 7.31094e-08 5.61928e-07 0 0
0.375671 7.8658e-08 5.54861e-07 0 0
0.375671 8.43163e-08 5.65833e-07 0 0
0.375671 9.02426e-08 5.92624e-07 0 0
0.375671 9.60943e-08 5.85173e-07 0 0
0.375671 1.01835e-07 5.74073e-07 0 0
0.375671 1.07523e-07 5.6881e-07 0 0
0.375671 1.13169e-07 5.64631e-07 0 0
0.375671 1.18693e-07 5.52321e-07 0 0
0.375671 1.24164e-07 5.47093e-07 0 0
0.375671 1.29564e-07 5.40047e-07 0 0
0.375671 1.34876e-07 5.31213e-07 0 0
0.375671 1.40121e-07 5.24463e-07 0 0
0.375671 1.45283e-07 5.16262e-07 0 0
0.375671 1.50396e-07 5.11237e-07 0 0
0.375671 1.55464e-07 5.06871e-07 0 0
0.375671 1.60434e-07 4.96957e-07 0 0
0.375671 1.6532e-07 4.88633e-07 0 0
0.375671 1.70159e-07 4.83857e-07 0 0
0.375671 1.74934e-07 4.77503e-07 0 0
0.375671 1.79639e-07 4.70519e-07 0 0
0.375671 1.84279e-07 4.63971e-07 0 0
0.375671 1.88856e-07 4.5773e-07 0 0
0.375671 1.9337e-07 4.51356e-07 0 0
0.375671 1.97821e-07 4.45101e-07 0 0
0.375671 2.03338e-07 5.51761e-07 0 0
0.375671 2.08928e-07 5.58958e-07 0 0
0.375671 2.14452e-07 5.52391e-07 0 0
0.375671 2.19913e-07 5.46101e-07 0 0
0.375671 2.25314e-07 5.40065e-07 0 0
0.375671 2.30654e-07 5.34083e-07 0 0
0.375671 2.35938e-07 5.28381e-07 0 0
0.375671 2.41161e-07 5.223e-07 0 0
0.375671 2.46321e-07 5.16031e-07 0 0
0.375671 2.51422e-07 5.1008e-07 0 0
0.375671 2.56466e-07 5.04332e-07 0 0
0.375671 2.61451e-07 4.98529e-07 0 0
0.375671 2.6638e-07 4.92877e-07 0 0
0.375671 2.71252e-07 4.87227e-07 0 0
0.375671 2.76069e-07 4.81726e-07 0 0
0.375671 2.8083e-07 4.76113e-07 0 0
0.375671 3.0922e-07 2.83896e-06 0 0
0.375671 3.13948e-07 4.72852e-07 0 0
0.375671 3.1855e-07 4.60133e-07 0 0
0.375671 3.23125e-07 4.57513e-07 0 0
0.375671 3.27659e-07 4.53449e-07 0 0
0.375671 3.78902e-07 5.12428e-06 0 0
0.375671 3.83262e-07 4.35939e-07 0 0
0.375671 3.87507e-07 4.24543e-07 0 0
0.375671 3.91716e-07 4.20912e-07 0 0
0.375671 3.95882e-07 4.16607e-07 0 0
0.375671 3.99996e-07 4.11404e-07 0 0
0.375671 4.0406e-07 4.06377e-07 0 0
0.375671 4.08076e-07 4.016e-07 0 0
0.375671 4.12043e-07 3.96746e-07 0 0
0.375671 4.17269e-07 5.22562e-07 0 0
0.375671 4.23191e-07 5.92157e-07 0 0
0.375671 4.28562e-07 5.37164e-07 0 0
0.375671 4.33837e-07 5.27485e-07 0 0
0.375671 4.39252e-07 5.4147e-07 0 0
0.375671 4.44558e-07 5.30659e-07 0 0
0.375671 4.49587e-07 5.02883e-07 0 0
0.375671 4.54734e-07 5.14658e-07 0 0
0.375671 4.59833e-07 5.09924e-07 0 0
0.375671 4.65695e-07 5.86206e-07 0 0
0.375671 4.71441e-07 5.74591e-07 0 0
0.375671 4.76961e-07 5.51944e-07 0 0
0.375671 4.82492e-07 5.5315e-07 0 0
0.375671 4.88214e-07 5.72191e-07 0 0
0.375671 4.93333e-07 5.11952e-07 0 0
0.375671 4.81942e-07 -1.13911e-06 0 0
0.375671 4.87453e-07 5.51081e-07 0 0
0.375671 4.92691e-07 5.23823e-07 0 0
0.375671 4.98147e-07 5.4555e-07 0 0
0.375671 5.03067e-07 4.91984e-07 0 0
0.375671 5.08434e-07 5.36772e-07 0 0
0.375671 5.13494e-07 5.05915e-07 0 0
0.375671 5.18638e-07 5.14464e-07 0 0
0.375671 5.23485e-07 4.8466e-07 0 0
0.375671 5.28442e-07 4.95706e-07 0 0
0.375671 5.33081e-07 4.63889e-07 0 0
0.375671 5.37851e-07 4.77033e-07 0 0
0.375671 5.42328e-07 4.47723e-07 0 0
0.375671 5.47014e-07 4.686e-07 0 0
0.375671 5.51492e-07 4.47735e-07 0 0
0.375671 5.55973e-07 4.48112e-07 0 0
0.375671 5.60345e-07 4.37168e-07 0 0
0.375671 4.90852e-07 -6.9493e-06 0 0
0.375671 4.95392e-07 4.54022e-07 0 0
0.375671 4.99882e-07 4.49002e-07 0 0
0.375671 5.04396e-07 4.51418e-07 0 0
0.375671 5.08613e-07 4.2175e-07 0 0
0.375671 6.29466e-07 1.20853e-05 0 0
0.375671 6.35604e-07 6.13801e-07 0 0
0.375671 6.41702e-07 6.09752e-07 0 0
0.375671 6.478e-07 6.09787e-07 0 0
0.375671 6.53954e-07 6.15448e-07 0 0
0.375671 6.59937e-07 5.98243e-07 0 0
0.375671 6.65525e-07 5.58864e-07 0 0
0.375671 6.72091e-07 6.56596e-07 0 0
0.375671 6.78517e-07 6.42551e-07 0 0
0.375671 6.85017e-07 6.50065e-07 0 0
0.375671 5.61449e-07 -1.23569e-05 0 0
0.375671 6.66204e-07 1.04755e-05 0 0
0.375671 5.48981e-07 -1.17223e-05 0 0
0.375671 5.57736e-07 8.75452e-07 0 0
0.375671 5.56793e-07 -9.42506e-08 0 0
0.375671 5.60311e-07 3.51795e-07 0 0
0.375671 8.40959e-07 2.80647e-05 0 0
0.375671 8.57002e-07 1.60435e-06 0 0
0.375671 8.70428e-07 1.34258e-06 0 0
0.375671 8.84663e-07 1.42353e-06 0 0
0.375671 8.97814e-07 1.3151e-06 0 0
0.375671 9.12196e-07 1.43817e-06 0 0
0.375671 9.26349e-07 1.41527e-06 0 0
0.375671 9.39812e-07 1.34628e-06 0 0
0.375671 9.53634e-07 1.38226e-06 0 0
0.375671 9.66933e-07 1.3299e-06 0 0
0.375671 9.80473e-07 1.35396e-06 0 0
0.375671 9.93217e-07 1.27439e-06 0 0
0.375671 1.00622e-06 1.30005e-06 0 0
0.375671 1.01961e-06 1.33885e-06 0 0
0.375671 1.03225e-06 1.2641e-06 0 0
0.375671 1.04536e-06 1.31156e-06 0 0
0.375671 1.05782e-06 1.24562e-06 0 0
0.375671 1.07036e-06 1.25389e-06 0 0
0.375671 1.08258e-06 1.2218e-06 0 0
0.375671 1.09526e-06 1.26839e-06 0 0
0.375671 1.10729e-06 1.20285e-06 0 0
0.375671 1.11939e-06 1.20978e-06 0 0
0.375671 1.13115e-06 1.17645e-06 0 0
0.375671 1.14278e-06 1.1629e-06 0 0
0.375671 1.15472e-06 1.19386e-06 0 0
0.375671 1.16623e-06 1.15104e-06 0 0
0.375671 1.17746e-06 1.12316e-06 0 0
0.375671 1.18869e-06 1.12296e-06 0 0
0.375671 1.20006e-06 1.1375e-06 0 0
0.375671 1.21063e-06 1.05697e-06 0 0
0.375671 1.22156e-06 1.09287e-06 0 0
0.375671 1.23191e-06 1.0349e-06 0 0
0.375671 1.24249e-06 1.0583e-06 0 0
0.375671 1.25282e-06 1.03236e-06 0 0
0.375671 1.26302e-06 1.01968e-06 0 0
0.375671 1.2729e-06 9.88351e-07 0 0
0.375671 1.28311e-06 1.02118e-06 0 0
0.375671 1.29205e-06 8.94303e-07 0 0
0.375671 1.30195e-06 9.89229e-07 0 0
0.375671 1.31125e-06 9.30537e-07 0 0
0.375671 1.32034e-06 9.08613e-07 0 0
0.375671 1.32971e-06 9.37352e-07 0 0
0.375671 1.33836e-06 8.64488e-07 0 0
0.375671 1.34702e-06 8.66711e-07 0 0
0.375671 1.35519e-06 8.16355e-07 0 0
0.375671 1.36384e-06 8.65094e-07 0 0
0.375671 1.37202e-06 8.1872e-07 0 0
0.375671 1.37979e-06 7.76171e-07 0 0
0.375671 1.3878e-06 8.01549e-07 0 0
0.375671 1.39526e-06 7.4601e-07 0 0
0.375672 1.40276e-06 7.49656e-07 0 0
0.375672 1.4097e-06 6.93826e-07 0 0
0.375672 1.41679e-06 7.08862e-07 0 0
0.375672 1.4235e-06 6.7141e-07 0 0
0.375672 1.43018e-06 6.67776e-07 0 0
0.375672 1.43643e-06 6.25104e-07 0 0
0.375672 1.44277e-06 6.34564e-07 0 0
0.375672 1.44862e-06 5.85054e-07 0 0
0.375672 1.45441e-06 5.78084e-07 0 0
0.375672 1.46016e-06 5.75401e-07 0 0
0.375672 1.46522e-06 5.06461e-07 0 0
0.375672 1.4704e-06 5.17901e-07 0 0
0.375672 1.47514e-06 4.73717e-07 0 0
0.375672 1.48012e-06 4.98069e-07 0 0
0.375672 1.48452e-06 4.40176e-07 0 0
0.375672 1.48872e-06 4.19563e-07 0 0
0.375672 1.49266e-06 3.93959e-07 0 0
0.375672 1.49678e-06 4.1176e-07 0 0
0.375672 1.50035e-06 3.57664e-07 0 0
0.375672 1.50362e-06 3.26964e-07 0 0
0.375672 1.50706e-06 3.43994e-07 0 0
0.375672 1.51001e-06 2.95198e-07 0 0
0.375672 1.51288e-06 2.8693e-07 0 0
0.375672 1.51559e-06 2.70506e-07 0 0
0.375672 1.51815e-06 2.55894e-07 0 0
0.375672 1.52009e-06 1.93946e-07 0 0
0.375672 1.52234e-06 2.25817e-07 0 0
0.375672 1.52402e-06 1.6801e-07 0 0
0.375672 1.52554e-06 1.51174e-07 0 0
0.375672 1.52685e-06 1.31421e-07 0 0
0.375672 1.52777e-06 9.22471e-08 0 0
0.375672 1.52866e-06 8.90678e-08 0 0
0.375672 1.52856e-06 -1.03465e-08 0 0
0.375672 1.52886e-06 3.03664e-08 0 0
0.375672 1.52918e-06 3.12898e-08 0 0
0.375672 1.52874e-06 -4.38864e-08 0 0
0.375672 1.52833e-06 -4.11423e-08 0 0
0.375672 1.52767e-06 -6.57643e-08 0 0
0.375672 1.52647e-06 -1.20251e-07 0 0
0.375672 1.52549e-06 -9.7258e-08 0 0
0.375672 1.52369e-06 -1.80337e-07 0 0
0.375672 1.52198e-06 -1.71046e-07 0 0
0.375672 1.51992e-06 -2.0619e-07 0 0
0.375672 1.51759e-06 -2.33168e-07 0 0
0.375672 1.51514e-06 -2.44363e-07 0 0
0.375672 1.51255e-06 -2.59144e-07 0 0
0.375672 1.50928e-06 -3.26837e-07 0 0
0.375672 1.5064e-06 -2.88448e-07 0 0
0.375672 1.43197e-06 -7.44276e-06 0 0
0.375672 1.42759e-06 -4.38472e-07 0 0
0.375672 1.42341e-06 -4.17982e-07 0 0
0.375672 1.41938e-06 -4.0286e-07 0 0
0.375672 1.41555e-06 -3.82679e-07 0 0
0.375672 1.41078e-06 -4.76631e-07 0 0
0.375672 1.40575e-06 -5.03242e-07 0 0
0.375672 1.40088e-06 -4.87077e-07 0 0
0.375672 1.39547e-06 -5.41516e-07 0 0
0.375672 1.38215e-06 -1.33193e-06 0 0
0.375672 1.37652e-06 -5.63168e-07 0 0
0.375672 1.37098e-06 -5.53964e-07 0 0
0.375672 1.36483e-06 -6.14208e-07 0 0
0.375672 1.35838e-06 -6.45117e-07 0 0
0.375672 1.35207e-06 -6.31263e-07 0 0
0.375672 1.3457e-06 -6.36864e-07 0 0
0.375672 1.33868e-06 -7.0203e-07 0 0
0.375672 1.33186e-06 -6.81709e-07 0 0
0.375672 1.32394e-06 -7.92188e-07 0 0
0.375672 1.31664e-06 -7.29746e-07 0 0
0.375673 1.30886e-06 -7.7891e-07 0 0
0.375673 1.30088e-06 -7.97526e-07 0 0
0.375673 1.29288e-06 -7.99856e-07 0 0
0.375673 1.28491e-06 -7.97113e-07 0 0
0.375673 1.27601e-06 -8.90212e-07 0 0
0.375673 1.26779e-06 -8.22118e-07 0 0
0.375673 1.25827e-06 -9.51398e-07 0 0
0.375673 1.24977e-06 -8.49917e-07 0 0
0.375673 1.24006e-06 -9.70899e-07 0 0
0.375673 1.23072e-06 -9.34215e-07 0 0
0.375673 1.22083e-06 -9.888e-07 0 0
0.375673 1.21136e-06 -9.47056e-07 0 0
0.375673 1.20199e-06 -9.37687e-07 0 0
0.375673 1.19116e-06 -1.08222e-06 0 0
0.375673 1.18101e-06 -1.01538e-06 0 0
0.375673 1.17116e-06 -9.84764e-07 0 0
0.375673 1.15969e-06 -1.14762e-06 0 0
0.375673 1.14905e-06 -1.06355e-06 0 0
0.375673 1.13771e-06 -1.13367e-06 0 0
0.375673 1.1269e-06 -1.08153e-06 0 0
0.375673 1.11527e-06 -1.16284e-06 0 0
0.375673 1.10501e-06 -1.0263e-06 0 0
0.375673 1.09257e-06 -1.2436e-06 0 0
0.375673 1.08201e-06 -1.05629e-06 0 0
0.375673 1.06931e-06 -1.26958e-06 0 0
0.375673 1.0579e-06 -1.14087e-06 0 0
0.375673 1.0447e-06 -1.32096e-06 0 0
0.375673 1.03195e-06 -1.27417e-06 0 0
0.375673 1.02006e-06 -1.18935e-06 0 0
0.375673 1.00807e-06 -1.19857e-06 0 0
0.375673 9.956e-07 -1.24738e-06 0 0
0.375673 9.82649e-07 -1.29515e-06 0 0
0.375673 9.70098e-07 -1.25509e-06 0 0
0.375673 9.56583e-07 -1.3515e-06 0 0
0.375673 9.43066e-07 -1.35164e-06 0 0
0.375673 9.30084e-07 -1.29829e-06 0 0
0.375673 9.17234e-07 -1.28498e-06 0 0
0.375673 9.05017e-07 -1.22169e-06 0 0
0.375673 8.90749e-07 -1.42681e-06 0 0
0.375673 8.76556e-07 -1.41926e-06 0 0
0.375673 8.63641e-07 -1.29152e-06 0 0
0.375673 8.50471e-07 -1.31694e-06 0 0
0.375673 8.36561e-07 -1.39104e-06 0 0
0.375673 8.22104e-07 -1.44569e-06 0 0
0.375673 8.08086e-07 -1.4018e-06 0 0
0.375673 7.94808e-07 -1.32782e-06 0 0
0.375673 7.80996e-07 -1.3812e-06 0 0
0.375673 7.66327e-07 -1.46687e-06 0 0
0.375673 7.53127e-07 -1.31998e-06 0 0
0.375673 7.38362e-07 -1.47652e-06 0 0
0.375673 7.24988e-07 -1.33746e-06 0 0
0.375673 7.09158e-07 -1.58297e-06 0 0
0.375673 6.96259e-07 -1.28983e-06 0 0
0.375673 6.82929e-07 -1.33309e-06 0 0
0.375673 6.67873e-07 -1.5055e-06 0 0
0.375673 6.54998e-07 -1.28758e-06 0 0
0.375673 6.39005e-07 -1.59924e-06 0 0
0.375673 6.25416e-07 -1.35895e-06 0 0
0.375673 6.10024e-07 -1.53921e-06 0 0
0.375673 5.96171e-07 -1.38526e-06 0 0
0.375673 5.80899e-07 -1.52722e-06 0 0
0.375673 5.67883e-07 -1.30158e-06 0 0
0.375673 5.54285e-07 -1.3598e-06 0 0
0.375673 5.39437e-07 -1.48479e-06 0 0
0.375673 5.26209e-07 -1.32285e-06 0 0
0.375673 5.11939e-07 -1.42693e-06 0 0
0.375673 4.9842e-07 -1.35196e-06 0 0
0.375673 4.85137e-07 -1.32829e-06 0 0
0.375673 4.71574e-07 -1.35629e-06 0 0
0.375673 4.57448e-07 -1.41259e-06 0 0
0.375673 4.41459e-07 -1.59892e-06 0 0
0.375673 4.29046e-07 -1.24132e-06 0 0
0.375673 4.14643e-07 -1.44025e-06 0 0
0.375673 4.00586e-07 -1.40568e-06 0 0
0.375673 3.87673e-07 -1.29137e-06 0 0
0.375673 3.74133e-07 -1.35394e-06 0 0
0.375673 3.61647e-07 -1.24859e-06 0 0
0.375673 3.46992e-07 -1.46549e-06 0 0
0.375673 3.33814e-07 -1.31779e-06 0 0
0.375673 3.20896e-07 -1.29182e-06 0 0
0.375673 3.07026e-07 -1.38707e-06 0 0
0.375673 2.9387e-07 -1.31561e-06 0 0
0.375673 2.82245e-07 -1.16246e-06 0 0
0.375673 2.69495e-07 -1.27504e-06 0 0
0.375673 2.53765e-07 -1.57298e-06 0 0
0.375673 2.43175e-07 -1.05894e-06 0 0
0.375673 2.30786e-07 -1.23898e-06 0 0
0.375673 2.16235e-07 -1.45503e-06 0 0
0.375673 2.03654e-07 -1.25809e-06 0 0
0.375673 1.93526e-07 -1.01288e-06 0 0
0.375673 1.81878e-07 -1.16481e-06 0 0
0.375673 1.69653e-07 -1.22251e-06 0 0
0.375673 1.59399e-07 -1.02535e-06 0 0
0.375673 1.45734e-07 -1.36654e-06 0 0
0.375673 1.35723e-07 -1.00107e-06 0 0
0.375673 1.26417e-07 -9.3059e-07 0 0
0.375673 1.13597e-07 -1.28202e-06 0 0
0.375673 1.02908e-07 -1.0689e-06 0 0
0.375673 9.10749e-08 -1.1833e-06 0 0
0.375673 8.04653e-08 -1.06097e-06 0 0
0.375673 6.88628e-08 -1.16025e-06 0 0
0.375673 5.86281e-08 -1.02347e-06 0 0
0.375673 4.85739e-08 -1.00542e-06 0 0
0.375673 3.83648e-08 -1.0209e-06 0 0
0.375673 2.65571e-08 -1.18077e-06 0 0
0.375673 1.80805e-08 -8.4766e-07 0 0
0.375673 1.15438e-08 -6.53669e-07 0 0
0.375673 -2.32971e-09 -1.38735e-06 0 0
0.375673 -1.08299e-08 -8.50021e-07 0 0
0.375673 -1.95346e-08 -8.70463e-07 0 0
0.375673 -2.75764e-08 -8.04186e-07 0 0
0.375673 -3.86122e-08 -1.10358e-06 0 0
0.375673 -4.83335e-08 -9.72128e-07 0 0
0.375673 -5.46619e-08 -6.32848e-07 0 0
0.375673 -6.51374e-08 -1.04755e-06 0 0
0.375673 -7.36621e-08 -8.52469e-07 0 0
0.375673 -8.09137e-08 -7.25157e-07 0 0
0.375673 -8.99491e-08 -9.03543e-07 0 0
0.375673 -9.4268e-08 -4.31888e-07 0 0
0.375673 -1.03947e-07 -9.67934e-07 0 0
0.375673 -1.12056e-07 -8.10871e-07 0 0
0.375673 -1.19378e-07 -7.32219e-07 0 0
0.375673 -1.26245e-07 -6.8663e-07 0 0
0.375673 -1.34137e-07 -7.89268e-07 0 0
0.375673 -1.38719e-07 -4.58213e-07 0 0
0.375673 -1.48382e-07 -9.66299e-07 0 0
0.375673 -1.5148e-07 -3.09719e-07 0 0
0.375673 -1.60633e-07 -9.15359e-07 0 0
0.375673 -1.66337e-07 -5.70374e-07 0 0
0.375673 -1.7036e-07 -4.02364e-07 0 0
0.375673 -1.78088e-07 -7.7272e-07 0 0
0.375673 -1.82368e-07 -4.28075e-07 0 0
0.375673 -1.88039e-07 -5.67107e-07 0 0
0.375673 -1.95644e-07 -7.60484e-07 0 0
0.375673 -2.01849e-07 -6.20478e-07 0 0
0.375673 -2.03062e-07 -1.21296e-07 0 0
0.375673 -2.11041e-07 -7.97862e-07 0 0
0.375673 -2.16151e-07 -5.11058e-07 0 0
0.375673 -2.22331e-07 -6.18008e-07 0 0
0.375673 -2.23887e-07 -1.5552e-07 0 0
0.375673 -2.27985e-07 -4.09848e-07 0 0
0.375673 -2.31588e-07 -3.6034e-07 0 0
0.375673 -2.3656e-07 -4.97187e-07 0 0
0.375673 -2.39713e-07 -3.15242e-07 0 0
0.375673 -2.44645e-07 -4.93263e-07 0 0
0.375673 -2.50846e-07 -6.20052e-07 0 0
0.375673 -2.50768e-07 7.81931e-09 0 0
0.375673 -2.55135e-07 -4.36698e-07 0 0
0.375673 -2.59616e-07 -4.48094e-07 0 0
0.375673 -2.59919e-07 -3.03811e-08 0 0
0.375673 -2.64638e-07 -4.71892e-07 0 0
0.375673 -2.6654e-07 -1.90208e-07 0 0
0.375673 -2.73306e-07 -6.76549e-07 0 0
0.375673 -2.74098e-07 -7.92303e-08 0 0
0.375673 -2.7585e-07 -1.75163e-07 0 0
0.375673 -2.7763e-07 -1.78053e-07 0 0
0.375673 -2.79415e-07 -1.78438e-07 0 0
0.375673 -2.81081e-07 -1.66587e-07 0 0
0.375673 -2.82936e-07 -1.85508e-07 0 0
0.375673 -2.83798e-07 -8.62479e-08 0 0
0.375673 -2.84787e-07 -9.88442e-08 0 0
0.375673 -2.87483e-07 -2.69658e-07 0 0
0.375673 -2.89686e-07 -2.20273e-07 0 0
0.375673 -2.9062e-07 -9.34252e-08 0 0
0.375673 -2.925e-07 -1.88033e-07 0 0
0.375673 -2.9477e-07 -2.26973e-07 0 0
0.375673 -2.9418e-07 5.90694e-08 0 0
0.375673 -2.95443e-07 -1.26314e-07 0 0
0.375673 -2.94342e-07 1.10065e-07 0 0
0.375673 -2.95175e-07 -8.32691e-08 0 0
0.375673 -2.93534e-07 1.64109e-07 0 0
0.375673 -2.97194e-07 -3.66036e-07 0 0
0.375673 -3.00026e-07 -2.83207e-07 0 0
0.375673 -2.98077e-07 1.94936e-07 0 0
0.375673 -2.97744e-07 3.32419e-08 0 0
0.375673 -2.97955e-07 -2.10459e-08 0 0
0.375673 -2.99266e-07 -1.31119e-07 0 0
0.375673 -2.97655e-07 1.611e-07 0 0
0.375673 -2.95658e-07 1.99734e-07 0 0
0.375673 -2.95883e-07 -2.25333e-08 0 0
0.375673 -2.93607e-07 2.27542e-07 0 0
0.375673 -2.96667e-07 -3.05911e-07 0 0
0.375673 -2.95668e-07 9.98813e-08 0 0
0.375673 -2.94798e-07 8.70151e-08 0 0
0.375673 -2.91971e-07 2.82692e-07 0 0
0.375673 -2.96006e-07 -4.03533e-07 0 0
0.375673 -2.93432e-07 2.57384e-07 0 0
0.375673 -2.92896e-07 5.36593e-08 0 0
0.375673 -2.90104e-07 2.79145e-07 0 0
0.375673 -2.92703e-07 -2.59897e-07 0 0
0.375673 -2.92025e-07 6.77743e-08 0 0
0.375673 -2.91108e-07 9.17039e-08 0 0
0.375673 -2.89252e-07 1.85647e-07 0 0
0.375673 -2.8823e-07 1.02211e-07 0 0
0.375673 -2.84007e-07 4.22237e-07 0 0
0.375673 -2.85269e-07 -1.26172e-07 0 0
0.375673 -2.83762e-07 1.50742e-07 0 0
0.375673 -2.81282e-07 2.47955e-07 0 0
0.375673 -2.80361e-07 9.21087e-08 0 0
0.375673 -2.75828e-07 4.53304e-07 0 0
0.375673 -2.76399e-07 -5.70615e-08 0 0
0.375673 -2.78581e-07 -2.18259e-07 0 0
0.375673 -2.7575e-07 2.83128e-07 0 0
0.375673 -2.72538e-07 3.21194e-07 0 0
0.375673 -2.69599e-07 2.93949e-07 0 0
0.375673 -2.68907e-07 6.91412e-08 0 0
0.375673 -2.7099e-07 -2.08261e-07 0 0
0.375673 -2.65915e-07 5.07518e-07 0 0
0.375673 -2.63176e-07 2.73833e-07 0 0
0.375673 -2.63173e-07 3.08286e-10 0 0
0.375673 -2.58125e-07 5.04788e-07 0 0
0.375673 -2.57048e-07 1.07737e-07 0 0
0.375673 -2.55137e-07 1.9106e-07 0 0
0.375673 -2.52808e-07 2.32973e-07 0 0
0.375673 -2.5287e-07 -6.27308e-09 0 0
0.375673 -2.52014e-07 8.56052e-08 0 0
0.375673 -2.48469e-07 3.54503e-07 0 0
0.375673 -2.46022e-07 2.44751e-07 0 0
0.375673 -2.42236e-07 3.78581e-07 0 0
0.375673 -2.41118e-07 1.11786e-07 0 0
0.375673 -2.3833e-07 2.78818e-07 0 0
0.375673 -2.38941e-07 -6.11071e-08 0 0
0.375673 -2.35634e-07 3.30686e-07 0 0
0.375673 -2.32365e-07 3.26876e-07 0 0
0.375673 -2.31711e-07 6.54764e-08 0 0
0.375673 -2.27113e-07 4.59759e-07 0 0
0.375673 -2.26024e-07 1.08931e-07 0 0
0.375673 -2.20555e-07 5.46835e-07 0 0
0.375673 -2.20217e-07 3.38197e-08 0 0
0.375673 -2.15794e-07 4.42304e-07 0 0
0.375673 -2.15307e-07 4.86986e-08 0 0
0.375673 -2.14912e-07 3.95017e-08 0 0
0.375673 -2.12034e-07 2.87761e-07 0 0
0.375673 -2.10069e-07 1.96515e-07 0 0
0.375673 -2.07071e-07 2.99841e-07 0 0
0.375673 -2.05728e-07 1.34257e-07 0 0
0.375673 -2.03422e-07 2.30591e-07 0 0
0.375673 -2.00628e-07 2.79457e-07 0 0
0.375673 -1.99952e-07 6.75671e-08 0 0
0.375673 -1.95814e-07 4.138e-07 0 0
0.375673 -1.95591e-07 2.23181e-08 0 0
0.375673 -1.93214e-07 2.37701e-07 0 0
0.375673 -1.89702e-07 3.51221e-07 0 0
0.375673 -1.90142e-07 -4.40597e-08 0 0
0.375673 -1.86037e-07 4.10563e-07 0 0
0.375673 -1.81278e-07 4.75832e-07 0 0
0.375673 -1.80643e-07 6.3543e-08 0 0
0.375673 -1.76842e-07 3.80107e-07 0 0
0.375673 -1.74311e-07 2.5314e-07 0 0
0.375673 -1.72584e-07 1.72648e-07 0 0
0.375673 -1.69987e-07 2.59658e-07 0 0
0.375673 -1.67637e-07 2.35069e-07 0 0
0.375673 -1.66033e-07 1.60389e-07 0 0
0.375673 -1.63602e-07 2.43059e-07 0 0
0.375673 -1.59763e-07 3.83885e-07 0 0
0.375673 -1.56517e-07 3.24637e-07 0 0
0.375673 -1.60681e-07 -4.1634e-07 0 0
0.375673 -1.57699e-07 2.98155e-07 0 0
0.375673 -1.54195e-07 3.50409e-07 0 0
0.375673 -1.5209e-07 2.10475e-07 0 0
0.375673 -1.51421e-07 6.68773e-08 0 0
0.375673 -1.48307e-07 3.11415e-07 0 0
0.375673 -1.44233e-07 4.07457e-07 0 0
0.375673 -1.41426e-07 2.80614e-07 0 0
0.375673 -1.39529e-07 1.89773e-07 0 0
0.375673 -1.39076e-07 4.52736e-08 0 0
0.375673 -1.35382e-07 3.69416e-07 0 0
0.375673 -1.32484e-07 2.89756e-07 0 0
0.375673 -1.29639e-07 2.84504e-07 0 0
0.375673 -1.27288e-07 2.35115e-07 0 0
0.375673 -1.28067e-07 -7.79239e-08 0 0
0.375673 -1.24937e-07 3.13083e-07 0 0
0.375673 -1.21993e-07 2.94385e-07 0 0
0.375673 -1.20408e-07 1.58497e-07 0 0
0.375673 -1.19064e-07 1.34333e-07 0 0
0.375673 -1.15902e-07 3.16212e-07 0 0
0.375673 -1.1323e-07 2.67241e-07 0 0
0.375673 -1.13737e-07 -5.07137e-08 0 0
0.375673 -1.12506e-07 1.23092e-07 0 0
0.375673 -1.10128e-07 2.37848e-07 0 0
0.375673 -1.0603e-07 4.09747e-07 0 0
0.375673 -1.03709e-07 2.32131e-07 0 0
0.375673 -1.01653e-07 2.05566e-07 0 0
0.375673 -9.9955e-08 1.69817e-07 0 0
0.375673 -9.83995e-08 1.55549e-07 0 0
0.375673 -9.4991e-08 3.40846e-07 0 0
0.375673 -9.79313e-08 -2.94024e-07 0 0
0.375673 -9.60667e-08 1.86461e-07 0 0
0.375673 -9.47279e-08 1.33876e-07 0 0
0.375673 -9.25322e-08 2.19571e-07 0 0
0.375673 -9.00649e-08 2.46729e-07 0 0
0.375673 -8.85983e-08 1.46665e-07 0 0
0.375673 -8.50015e-08 3.59671e-07 0 0
0.375673 -8.36931e-08 1.30844e-07 0 0
0.375673 -8.14845e-08 2.20856e-07 0 0
0.375673 -8.00187e-08 1.46587e-07 0 0
0.375673 -7.88681e-08 1.15059e-07 0 0
0.375673 -7.75293e-08 1.33874e-07 0 0
0.375673 -7.4812e-08 2.71734e-07 0 0
0.375673 -7.36991e-08 1.11288e-07 0 0
0.375673 -7.30649e-08 6.34229e-08 0 0
0.375673 -7.24409e-08 6.24004e-08 0 0
0.375673 -7.15738e-08 8.67068e-08 0 0
0.375673 -6.84773e-08 3.09647e-07 0 0
0.375673 -6.79469e-08 5.30416e-08 0 0
0.375673 -6.64495e-08 1.49743e-07 0 0
0.375673 -6.60114e-08 4.3815e-08 0 0
0.375673 -6.34063e-08 2.60504e-07 0 0
0.375673 -6.06519e-08 2.75445e-07 0 0
0.375673 -5.97736e-08 8.78274e-08 0 0
0.375673 -5.87462e-08 1.02741e-07 0 0
0.375673 -5.52254e-08 3.52075e-07 0 0
0.375673 -5.35752e-08 1.65021e-07 0 0
0.375673 -5.24343e-08 1.14091e-07 0 0
0.375673 -5.06032e-08 1.83106e-07 0 0
0.375673 -5.0395e-08 2.08213e-08 0 0
0.375673 -4.88473e-08 1.54771e-07 0 0
0.375673 -4.86546e-08 1.92667e-08 0 0
0.375673 -4.73561e-08 1.29851e-07 0 0
0.375673 -4.47761e-08 2.58001e-07 0 0
0.375673 -4.19398e-08 2.83633e-07 0 0
0.375673 -4.03171e-08 1.62265e-07 0 0
0.375673 -3.99466e-08 3.70535e-08 0 0
0.375673 -3.86406e-08 1.306e-07 0 0
0.375673 -3.77181e-08 9.22531e-08 0 0
0.375673 -3.72279e-08 4.90212e-08 0 0
0.375673 -3.70811e-08 1.46722e-08 0 0
0.375673 -3.62925e-08 7.88633e-08 0 0
0.375673 -3.25674e-08 3.72513e-07 0 0
0.375673 -3.22169e-08 3.50464e-08 0 0
0.375673 -3.16731e-08 5.43868e-08 0 0
0.375673 -3.03192e-08 1.35382e-07 0 0
0.375673 -2.95068e-08 8.12471e-08 0 0
0.375673 -2.83931e-08 1.11367e-07 0 0
0.375673 -2.74342e-08 9.58928e-08 0 0
0.375673 -2.71273e-08 3.06902e-08 0 0
0.375673 -2.3485e-08 3.64228e-07 0 0
0.375673 -2.297e-08 5.14959e-08 0 0
0.375673 -2.22016e-08 7.68477e-08 0 0
0.375673 -2.12454e-08 9.56122e-08 0 0
0.375673 -2.10506e-08 1.9478e-08 0 0
0.375673 -2.07845e-08 2.6619e-08 0 0
0.375673 -1.91301e-08 1.6544e-07 0 0
0.375673 -1.88922e-08 2.37866e-08 0 0
0.375673 -1.59952e-08 2.89699e-07 0 0
0.375673 -1.49053e-08 1.08995e-07 0 0
0.375673 -1.46974e-08 2.07851e-08 0 0
0.375673 -1.45428e-08 1.54561e-08 0 0
0.375673 -1.43926e-08 1.50261e-08 0 0
0.375673 -1.42455e-08 1.47088e-08 0 0
0.375673 -1.39403e-08 3.05183e-08 0 0
0.375673 -1.30143e-08 9.26021e-08 0 0
0.375673 -1.164e-08 1.37431e-07 0 0
0.375673 -8.85551e-09 2.78447e-07 0 0
0.375673 -9.73855e-09 -8.83037e-08 0 0
0.375673 -9.65073e-09 8.78149e-09 0 0
0.375673 -9.5059e-09 1.44837e-08 0 0
0.375673 -7.82232e-09 1.68358e-07 0 0
0.375673 -7.57869e-09 2.43634e-08 0 0
0.375673 -3.26439e-09 4.3143e-07 0 0
0.375673 -2.85397e-09 4.10427e-08 0 0
0.375673 -3.43413e-09 -5.80163e-08 0 0
0.375673 -1.96581e-09 1.46832e-07 0 0
0.375673 2.04534e-10 2.17034e-07 0 0
0.375673 4.85532e-10 2.80998e-08 0 0
0.375673 6.52294e-10 1.66762e-08 0 0
0.375673 8.09908e-10 1.57614e-08 0 0
0.375673 -2.1577e-12 -8.12066e-08 0 0
0.375673 9.21855e-11 9.43432e-09 0 0
0.375673 1.19408e-10 2.72223e-09 0 0
0.375673 1.02479e-09 9.05384e-08 0 0
0.375673 2.41537e-09 1.39058e-07 0 0
0.375673 2.64222e-09 2.2685e-08 0 0
0.375673 4.75636e-09 2.11414e-07 0 0
0.375673 5.02818e-09 2.71818e-08 0 0
0.375673 4.59614e-09 -4.32039e-08 0 0
0.375673 4.71071e-09 1.14567e-08 0 0
0.375673 7.56062e-09 2.84991e-07 0 0
0.375673 7.50548e-09 -5.51394e-09 0 0
0.375673 7.32845e-09 -1.77034e-08 0 0
0.375673 8.21436e-09 8.85911e-08 0 0
0.375673 8.40937e-09 1.9501e-08 0 0
0.375673 8.32592e-09 -8.34469e-09 0 0
0.375673 8.08726e-09 -2.38657e-08 0 0
0.375673 1.08842e-08 2.79695e-07 0 0
0.375673 1.0606e-08 -2.78219e-08 0 0
0.375673 1.05694e-08 -3.66133e-09 0 0
0.375673 9.84363e-09 -7.25744e-08 0 0
0.375673 9.93372e-09 9.00844e-09 0 0
0.375673 1.00701e-08 1.36374e-08 0 0
0.375673 1.17189e-08 1.64885e-07 0 0
0.375673 1.21792e-08 4.60251e-08 0 0
0.375673 1.22224e-08 4.32239e-09 0 0
0.375673 1.23572e-08 1.34756e-08 0 0
0.375673 1.15349e-08 -8.2225e-08 0 0
0.375673 1.36648e-08 2.12983e-07 0 0
0.375673 1.48032e-08 1.13843e-07 0 0
0.375673 1.50049e-08 2.01709e-08 0 0
0.375673 1.41909e-08 -8.14001e-08 0 0
0.375673 1.42685e-08 7.76316e-09 0 0
0.375673 1.62563e-08 1.98777e-07 0 0
0.375673 1.56089e-08 -6.47383e-08 0 0
0.375673 1.51088e-08 -5.00153e-08 0 0
0.375673 1.52026e-08 9.38438e-09 0 0
0.375673 1.5213e-08 1.03545e-09 0 0
0.375673 1.46485e-08 -5.64431e-08 0 0
0.375673 1.3556e-08 -1.09248e-07 0 0
0.375673 1.36045e-08 4.84417e-09 0 0
0.375673 1.51432e-08 1.5387e-07 0 0
0.375673 1.53519e-08 2.08752e-08 0 0
0.375673 1.47334e-08 -6.18527e-08 0 0
0.375673 1.48066e-08 7.32355e-09 0 0
0.375673 1.57745e-08 9.67827e-08 0 0
0.375673 1.53583e-08 -4.16162e-08 0 0
0.375673 1.52828e-08 -7.54759e-09 0 0
0.375673 1.70626e-08 1.77978e-07 0 0
0.375673 1.71631e-08 1.00497e-08 0 0
0.375673 1.66931e-08 -4.70041e-08 0 0
0.375673 1.7526e-08 8.32909e-08 0 0
0.375673 1.67876e-08 -7.38414e-08 0 0
0.375673 1.66119e-08 -1.75626e-08 0 0
0.375673 1.61176e-08 -4.94309e-08 0 0
0.375673 1.58201e-08 -2.97488e-08 0 0
0.375673 1.78918e-08 2.07162e-07 0 0
0.375673 1.80023e-08 1.10529e-08 0 0
0.375673 1.82754e-08 2.73106e-08 0 0
0.375673 1.80246e-08 -2.50811e-08 0 0
0.375673 1.79507e-08 -7.39088e-09 0 0
0.375673 1.88443e-08 8.93652e-08 0 0
0.375673 1.86296e-08 -2.14744e-08 0 0
0.375673 1.87142e-08 8.46098e-09 0 0
0.375673 1.85391e-08 -1.75049e-08 0 0
0.375673 1.76699e-08 -8.69207e-08 0 0
0.375673 1.77101e-08 4.0129e-09 0 0
0.375673 1.78037e-08 9.36788e-09 0 0
0.375673 1.69182e-08 -8.85533e-08 0 0
0.375673 1.62132e-08 -7.05004e-08 0 0
0.375673 1.6255e-08 4.18098e-09 0 0
0.375673 1.63403e-08 8.53199e-09 0 0
0.375673 2.12296e-08 4.88931e-07 0 0
0.375673 2.16191e-08 3.89442e-08 0 0
0.375673 2.17361e-08 1.17037e-08 0 0
0.375673 2.14688e-08 -2.6728e-08 0 0
0.375673 2.05241e-08 -9.44712e-08 0 0
0.375673 2.05551e-08 3.09373e-09 0 0
0.375673 2.02763e-08 -2.78818e-08 0 0
0.375673 1.96413e-08 -6.34928e-08 0 0
0.375673 1.9527e-08 -1.14316e-08 0 0
0.375673 1.96009e-08 7.39011e-09 0 0
0.375673 1.83665e-08 -1.23441e-07 0 0
0.375673 1.82501e-08 -1.16441e-08 0 0
0.375673 1.89093e-08 6.59209e-08 0 0
0.375673 1.86583e-08 -2.50988e-08 0 0
0.375673 1.81325e-08 -5.25757e-08 0 0
0.375673 1.79367e-08 -1.95846e-08 0 0
0.375673 1.91725e-08 1.23579e-07 0 0
0.375673 1.89531e-08 -2.19399e-08 0 0
0.375673 1.78434e-08 -1.10971e-07 0 0
0.375673 1.88756e-08 1.03219e-07 0 0
0.375673 1.83232e-08 -5.52399e-08 0 0
0.375673 1.83578e-08 3.465e-09 0 0
0.375673 1.77242e-08 -6.33563e-08 0 0
0.375673 1.7751e-08 2.67841e-09 0 0
0.375673 1.72894e-08 -4.61655e-08 0 0
0.375673 1.73247e-08 3.52859e-09 0 0
0.375673 1.75536e-08 2.28959e-08 0 0
0.375673 1.75105e-08 -4.31147e-09 0 0
0.375673 1.68337e-08 -6.76774e-08 0 0
0.375673 1.66908e-08 -1.42907e-08 0 0
0.375673 1.61549e-08 -5.35899e-08 0 0
0.375673 1.55734e-08 -5.81532e-08 0 0
0.375673 1.55913e-08 1.78926e-09 0 0
0.375673 1.56461e-08 5.4781e-09 0 0
0.375673 1.43706e-08 -1.27549e-07 0 0
0.375673 1.43427e-08 -2.78297e-09 0 0
0.375673 1.39024e-08 -4.40373e-08 0 0
0.375673 1.52626e-08 1.36027e-07 0 0
0.375673 1.53949e-08 1.3225e-08 0 0
0.375673 1.89598e-08 3.5649e-07 0 0
0.375673 1.85895e-08 -3.70321e-08 0 0
0.375673 2.01196e-08 1.53017e-07 0 0
0.375673 2.02706e-08 1.50915e-08 0 0
0.375673 1.90224e-08 -1.24816e-07 0 0
0.375673 1.85639e-08 -4.5854e-08 0 0
0.375673 1.9738e-08 1.17415e-07 0 0
0.375673 1.9864e-08 1.25958e-08 0 0
0.375673 1.89772e-08 -8.86729e-08 0 0
0.375673 1.86987e-08 -2.78535e-08 0 0
0.375673 1.87325e-08 3.37864e-09 0 0
0.375673 1.87855e-08 5.30305e-09 0 0
0.375673 1.78887e-08 -8.96861e-08 0 0
0.375673 1.74854e-08 -4.03289e-08 0 0
0.375673 1.75073e-08 2.19576e-09 0 0
0.375673 1.75537e-08 4.64228e-09 0 0
0.375673 1.60672e-08 -1.48655e-07 0 0
0.375673 1.60177e-08 -4.95239e-09 0 0
0.375673 1.57767e-08 -2.41019e-08 0 0
0.375673 1.58006e-08 2.39498e-09 0 0
0.375673 1.5639e-08 -1.61623e-08 0 0
0.375673 1.56678e-08 2.87748e-09 0 0
0.375673 1.57068e-08 3.89974e-09 0 0
0.375673 1.69667e-08 1.25997e-07 0 0
0.375673 1.60295e-08 -9.37188e-08 0 0
0.375673 1.54255e-08 -6.04024e-08 0 0
0.375673 1.54249e-08 -6.56102e-11 0 0
0.375673 1.54599e-08 3.50541e-09 0 0
0.375673 1.53787e-08 -8.11922e-09 0 0
0.375673 1.48815e-08 -4.9726e-08 0 0
0.375673 1.42992e-08 -5.82255e-08 0 0
0.375673 1.42955e-08 -3.6711e-10 0 0
0.375673 1.4326e-08 3.04924e-09 0 0
0.375673 1.37533e-08 -5.72752e-08 0 0
0.375673 1.3747e-08 -6.27673e-10 0 0
0.375673 1.24455e-08 -1.30152e-07 0 0
0.375673 1.23921e-08 -5.3414e-09 0 0
0.375673 1.24133e-08 2.12684e-09 0 0
0.375673 1.24387e-08 2.53688e-09 0 0
0.375673 1.19785e-08 -4.60219e-08 0 0
0.375673 1.19733e-08 -5.22068e-10 0 0
0.375673 1.21623e-08 1.89049e-08 0 0
0.375673 1.20353e-08 -1.26972e-08 0 0
0.375673 1.20495e-08 1.41728e-09 0 0
0.375673 1.24906e-08 4.41059e-08 0 0
0.375673 1.24217e-08 -6.8885e-09 0 0
0.375673 1.244e-08 1.83584e-09 0 0
0.375673 1.1879e-08 -5.6102e-08 0 0
0.375673 1.18651e-08 -1.3938e-09 0 0
0.375673 1.17246e-08 -1.40505e-08 0 0
0.375673 1.13675e-08 -3.57056e-08 0 0
0.375673 1.13655e-08 -1.98981e-10 0 0
0.375673 1.12656e-08 -9.99656e-09 0 0
0.375673 1.12769e-08 1.13796e-09 0 0
0.375673 1.07114e-08 -5.65516e-08 0 0
0.375673 1.06934e-08 -1.80689e-09 0 0
0.375673 1.03414e-08 -3.51934e-08 0 0
0.375673 1.00137e-08 -3.27692e-08 0 0
0.375673 1.00083e-08 -5.44325e-10 0 0
0.375673 9.90438e-09 -1.03914e-08 0 0
0.375673 9.91157e-09 7.19463e-10 0 0
0.375673 1.06872e-08 7.75671e-08 0 0
0.375673 1.07505e-08 6.32136e-09 0 0
0.375673 1.0402e-08 -3.48433e-08 0 0
0.375673 1.03958e-08 -6.19546e-10 0 0
0.375673 1.04104e-08 1.46168e-09 0 0
0.375673 1.02659e-08 -1.4456e-08 0 0
0.375673 1.0784e-08 5.18102e-08 0 0
0.375673 1.08305e-08 4.65052e-09 0 0
0.375673 9.31095e-09 -1.51954e-07 0 0
0.375673 9.22923e-09 -8.17143e-09 0 0
0.375673 9.23611e-09 6.87898e-10 0 0
0.375673 9.24674e-09 1.06287e-09 0 0
0.375673 9.25855e-09 1.1808e-09 0 0
0.375673 9.27103e-09 1.24758e-09 0 0
0.375673 9.00221e-09 -2.68815e-08 0 0
0.375673 8.26039e-09 -7.4182e-08 0 0
0.375673 7.63655e-09 -6.23837e-08 0 0
0.375673 7.60606e-09 -3.04899e-09 0 0
0.375673 7.61165e-09 5.58674e-10 0 0
0.375673 7.61865e-09 6.99613e-10 0 0
0.375673 7.62628e-09 7.63349e-10 0 0
0.375673 7.63267e-09 6.38694e-10 0 0
0.375673 7.6405e-09 7.83139e-10 0 0
0.375673 7.64814e-09 7.64272e-10 0 0
0.375673 7.1676e-09 -4.80546e-08 0 0
0.375673 7.14452e-09 -2.30734e-09 0 0
0.375673 6.56187e-09 -5.82653e-08 0 0
0.375673 6.36876e-09 -1.93106e-08 0 0
0.375673 6.36099e-09 -7.77316e-10 0 0
0.375673 6.36405e-09 3.05978e-10 0 0
0.375673 6.36823e-09 4.17954e-10 0 0
0.375673 6.37096e-09 2.73362e-10 0 0
0.375673 6.37537e-09 4.40978e-10 0 0
0.375673 6.38006e-09 4.69094e-10 0 0
0.375673 6.01528e-09 -3.64779e-08 0 0
0.375673 5.99572e-09 -1.95616e-09 0 0
0.375673 5.99656e-09 8.32827e-11 0 0
0.375673 5.88066e-09 -1.1589e-08 0 0
0.375673 5.29082e-09 -5.89844e-08 0 0
0.375673 6.00773e-09 7.16913e-08 0 0
0.375673 6.05487e-09 4.71333e-09 0 0
0.375673 6.05948e-09 4.61115e-10 0 0
0.375673 6.06355e-09 4.07019e-10 0 0
0.375673 5.9054e-09 -1.58149e-08 0 0
0.375673 5.52987e-09 -3.75532e-08 0 0
0.375673 5.50927e-09 -2.06021e-09 0 0
0.375673 5.50921e-09 -5.41109e-12 0 0
0.375673 5.51129e-09 2.07686e-10 0 0
0.375673 5.51374e-09 2.45029e-10 0 0
0.375673 5.51552e-09 1.77887e-10 0 0
0.375673 5.51829e-09 2.77134e-10 0 0
0.375673 4.10813e-09 -1.41016e-07 0 0
0.375673 4.02115e-09 -8.6976e-09 0 0
0.375673 4.01478e-09 -6.37207e-10 0 0
0.375673 4.01261e-09 -2.1687e-10 0 0
0.375673 4.01181e-09 -7.99252e-11 0 0
0.375673 4.00988e-09 -1.93096e-10 0 0
0.375673 3.27108e-09 -7.38803e-08 0 0
0.375673 3.22345e-09 -4.76324e-09 0 0
0.375673 3.21775e-09 -5.69819e-10 0 0
0.375673 3.2151e-09 -2.65014e-10 0 0
0.375673 3.21049e-09 -4.61065e-10 0 0
0.375673 3.20788e-09 -2.60503e-10 0 0
0.375673 3.20552e-09 -2.35792e-10 0 0
0.375673 3.20251e-09 -3.01554e-10 0 0
0.375673 -9.50386e-10 -4.1529e-07 0 0
0.375673 -1.21829e-09 -2.67907e-08 0 0
0.375673 -1.2472e-09 -2.8907e-09 0 0
0.375673 -1.26094e-09 -1.37441e-09 0 0
0.375673 -1.27523e-09 -1.42829e-09 0 0
0.375673 -1.28799e-09 -1.27602e-09 0 0
0.375673 -1.30162e-09 -1.36369e-09 0 0
0.375673 -1.31375e-09 -1.21251e-09 0 0
0.375673 -1.32561e-09 -1.186e-09 0 0
0.375673 -1.33858e-09 -1.29669e-09 0 0
0.375673 -1.35006e-09 -1.14886e-09 0 0
0.375673 -1.36309e-09 -1.30216e-09 0 0
0.375673 -1.37441e-09 -1.13249e-09 0 0
0.375673 -1.3859e-09 -1.14868e-09 0 0
0.375673 -1.39778e-09 -1.18788e-09 0 0
0.375673 -1.40836e-09 -1.05829e-09 0 0
0.375673 -1.42107e-09 -1.27097e-09 0 0
0.375673 -1.43197e-09 -1.09028e-09 0 0
0.375673 -1.44209e-09 -1.01131e-09 0 0
0.375673 -1.45323e-09 -1.11447e-09 0 0
0.375673 -1.46337e-09 -1.01387e-09 0 0
0.375673 3.4694e-11 1.49806e-07 0 0
0.375673 1.211e-10 8.64059e-09 0 0
0.375673 1.21297e-10 1.96806e-11 0 0
0.375673 1.14568e-10 -6.72835e-10 0 0
0.375673 1.09451e-10 -5.11739e-10 0 0
0.375673 1.02868e-10 -6.58322e-10 0 0
0.375673 9.7955e-11 -4.91274e-10 0 0
0.375673 9.24222e-11 -5.53276e-10 0 0
0.375673 2.80178e-09 2.70936e-07 0 0
0.375673 2.96957e-09 1.67789e-08 0 0
0.375673 2.98059e-09 1.10277e-09 0 0
0.375673 2.98353e-09 2.93055e-10 0 0
0.375673 2.98642e-09 2.89002e-10 0 0
0.375673 2.9887e-09 2.28004e-10 0 0
0.375673 2.62302e-09 -3.65674e-08 0 0
0.375673 2.60036e-09 -2.2665e-09 0 0
0.375673 2.60067e-09 3.11346e-11 0 0
0.375673 2.60242e-09 1.7545e-10 0 0
0.375673 2.60375e-09 1.32673e-10 0 0
0.375673 2.01971e-09 -5.84042e-08 0 0
0.375673 1.98334e-09 -3.63671e-09 0 0
0.375673 1.98115e-09 -2.18475e-10 0 0
0.375673 1.98165e-09 4.96303e-11 0 0
0.375673 1.98077e-09 -8.79503e-11 0 0
0.375673 1.98139e-09 6.2099e-11 0 0
0.375673 1.98111e-09 -2.79985e-11 0 0
0.375673 1.98133e-09 2.20466e-11 0 0
0.375673 1.98053e-09 -8.03476e-11 0 0
0.375673 1.98137e-09 8.41275e-11 0 0
0.375673 1.98229e-09 9.20116e-11 0 0
0.375673 1.98171e-09 -5.83133e-11 0 0
0.375673 1.98217e-09 4.64533e-11 0 0
0.375673 1.86179e-09 -1.20387e-08 0 0
0.375673 1.85491e-09 -6.87222e-10 0 0
0.375673 1.85463e-09 -2.81041e-11 0 0
0.375673 1.85437e-09 -2.60178e-11 0 0
0.375673 1.85463e-09 2.56583e-11 0 0
0.375673 1.85493e-09 2.97002e-11 0 0
0.375673 1.85536e-09 4.38479e-11 0 0
0.375673 1.48696e-09 -3.68404e-08 0 0
0.375673 1.46348e-09 -2.34804e-09 0 0
0.375673 1.46148e-09 -2.00391e-10 0 0
0.375673 1.46017e-09 -1.31008e-10 0 0
0.375673 1.46025e-09 8.72205e-12 0 0
0.375673 1.4604e-09 1.50904e-11 0 0
0.375673 1.45965e-09 -7.48603e-11 0 0
0.375673 1.45872e-09 -9.30706e-11 0 0
0.375673 1.45791e-09 -8.17345e-11 0 0
0.375673 1.45825e-09 3.42293e-11 0 0
0.375673 1.45839e-09 1.41746e-11 0 0
0.375673 1.45701e-09 -1.38567e-10 0 0
0.375673 1.45689e-09 -1.10348e-11 0 0
0.375673 1.45642e-09 -4.7877e-11 0 0
0.375673 1.4569e-09 4.84624e-11 0 0
0.375673 1.45689e-09 -1.33526e-12 0 0
0.375673 1.4562e-09 -6.91394e-11 0 0
0.375673 1.45634e-09 1.45443e-11 0 0
0.375673 1.45591e-09 -4.35839e-11 0 0
0.375673 8.69869e-10 -5.86036e-08 0 0
0.375673 8.33332e-10 -3.65372e-09 0 0
0.375673 8.29547e-10 -3.78529e-10 0 0
0.375673 8.2719e-10 -2.35693e-10 0 0
0.375673 1.57833e-09 7.51145e-08 0 0
0.375673 1.62542e-09 4.70885e-09 0 0
0.375673 1.62905e-09 3.62491e-10 0 0
0.375673 1.62925e-09 1.98919e-11 0 0
0.375673 1.6299e-09 6.57544e-11 0 0
0.375673 1.30422e-09 -3.25689e-08 0 0
0.375673 1.28458e-09 -1.96341e-09 0 0
0.375673 1.28349e-09 -1.0877e-10 0 0
0.375673 1.28292e-09 -5.73222e-11 0 0
0.375673 1.28289e-09 -3.08924e-12 0 0
0.375673 9.13735e-10 -3.69155e-08 0 0
0.375673 8.90077e-10 -2.36583e-09 0 0
0.375673 8.88464e-10 -1.6126e-10 0 0
0.375673 8.87156e-10 -1.30863e-10 0 0
0.375673 8.86331e-10 -8.24807e-11 0 0
0.375673 8.84917e-10 -1.41452e-10 0 0
0.375673 8.84702e-10 -2.14791e-11 0 0
0.375673 8.84675e-10 -2.64359e-12 0 0
0.375673 8.83615e-10 -1.05979e-10 0 0
0.375673 8.82911e-10 -7.0463e-11 0 0
0.375673 8.8216e-10 -7.50753e-11 0 0
0.375673 8.82183e-10 2.32114e-12 0 0
0.375673 8.82334e-10 1.50797e-11 0 0
0.375673 8.80435e-10 -1.89888e-10 0 0
0.375673 8.80055e-10 -3.79764e-11 0 0
0.375673 8.79448e-10 -6.07008e-11 0 0
0.375673 8.79687e-10 2.38702e-11 0 0
0.375673 8.78608e-10 -1.07907e-10 0 0
0.375673 8.77836e-10 -7.7252e-11 0 0
0.375673 8.77111e-10 -7.24663e-11 0 0
0.375673 7.55999e-10 -1.21112e-08 0 0
0.375673 7.48648e-10 -7.35036e-10 0 0
0.375673 7.48356e-10 -2.92261e-11 0 0
0.375673 7.4723e-10 -1.12638e-10 0 0
0.375673 7.46462e-10 -7.67598e-11 0 0
0.375673 7.4643e-10 -3.17825e-12 0 0
0.375673 7.46547e-10 1.16834e-11 0 0
0.375673 7.46745e-10 1.97239e-11 0 0
0.375673 7.45459e-10 -1.28566e-10 0 0
0.375673 7.45165e-10 -2.93905e-11 0 0
0.375673 7.43915e-10 -1.24998e-10 0 0
0.375673 7.44173e-10 2.58274e-11 0 0
0.375673 7.43832e-10 -3.41007e-11 0 0
0.375673 7.43735e-10 -9.76685e-12 0 0
0.375673 7.43615e-10 -1.19935e-11 0 0
0.375673 7.42477e-10 -1.13775e-10 0 0
0.375673 7.42587e-10 1.10298e-11 0 0
0.375673 7.43159e-10 5.71853e-11 0 0
0.375673 7.42953e-10 -2.05965e-11 0 0
0.375673 -1.3362e-09 -2.07916e-07 0 0
0.375673 -1.46923e-09 -1.33029e-08 0 0
0.375673 -1.48206e-09 -1.28318e-09 0 0
0.375673 -1.48739e-09 -5.32398e-10 0 0
0.375673 -1.49358e-09 -6.18679e-10 0 0
0.375673 -1.49973e-09 -6.15735e-10 0 0
0.375673 -1.50528e-09 -5.54444e-10 0 0
0.375673 -1.50988e-09 -4.60597e-10 0 0
0.375673 -1.51434e-09 -4.4586e-10 0 0
0.375673 -1.52058e-09 -6.2418e-10 0 0
0.375673 -1.19842e-09 3.22161e-08 0 0
0.375673 -1.18304e-09 1.53852e-09 0 0
0.375673 -1.06499e-09 1.18043e-08 0 0
0.375673 -1.0605e-09 4.49681e-10 0 0
0.375673 -1.06425e-09 -3.75192e-10 0 0
0.375673 -1.06751e-09 -3.26456e-10 0 0
0.375673 -1.07187e-09 -4.35597e-10 0 0
0.375673 -1.07456e-09 -2.69524e-10 0 0
0.375673 -1.07816e-09 -3.5984e-10 0 0
0.375673 -1.08074e-09 -2.58156e-10 0 0
0.375673 -1.08451e-09 -3.76193e-10 0 0
0.375673 -1.08812e-09 -3.61573e-10 0 0
0.375673 -1.09079e-09 -2.66487e-10 0 0
0.375673 -1.09444e-09 -3.65177e-10 0 0
0.375673 -1.09708e-09 -2.63934e-10 0 0
0.375673 -1.10008e-09 -2.99915e-10 0 0
0.375673 -1.1031e-09 -3.01825e-10 0 0
0.375673 -1.10526e-09 -2.16362e-10 0 0
0.375673 -1.10864e-09 -3.38495e-10 0 0
0.375673 -1.11075e-09 -2.10871e-10 0 0
0.375673 -1.11341e-09 -2.65363e-10 0 0
0.375673 -1.117e-09 -3.5958e-10 0 0
0.375673 -1.11955e-09 -2.54376e-10 0 0
0.375673 -1.12216e-09 -2.61445e-10 0 0
0.375673 -1.12399e-09 -1.8246e-10 0 0
0.375673 -1.12612e-09 -2.13832e-10 0 0
0.375673 -1.12924e-09 -3.1126e-10 0 0
0.375673 -1.13121e-09 -1.97647e-10 0 0
0.375673 -1.13388e-09 -2.6699e-10 0 0
0.375673 -1.1355e-09 -1.6133e-10 0 0
0.375673 -1.13853e-09 -3.03596e-10 0 0
0.375673 -1.14067e-09 -2.13919e-10 0 0
0.375673 -1.14213e-09 -1.45632e-10 0 0
0.375673 -1.1451e-09 -2.97547e-10 0 0
0.375673 -1.14652e-09 -1.41694e-10 0 0
0.375673 -1.1487e-09 -2.1809e-10 0 0
0.375673 -1.15057e-09 -1.8719e-10 0 0
0.375673 -1.15243e-09 -1.85511e-10 0 0
0.375673 -1.15498e-09 -2.54872e-10 0 0
0.375673 -1.15643e-09 -1.45804e-10 0 0
0.375673 -1.15804e-09 -1.60497e-10 0 0
0.375673 -1.16103e-09 -2.99249e-10 0 0
0.375673 -4.08617e-10 7.52415e-08 0 0
0.375673 -3.62004e-10 4.66128e-09 0 0
0.375673 -3.58251e-10 3.75244e-10 0 0
0.375673 -3.58033e-10 2.17997e-11 0 0
0.375673 -3.5849e-10 -4.5667e-11 0 0
0.375673 -3.57504e-10 9.86303e-11 0 0
0.375673 -3.58034e-10 -5.29976e-11 0 0
0.375673 -3.57567e-10 4.66777e-11 0 0
0.375673 -3.57271e-10 2.96193e-11 0 0
0.375673 -3.56712e-10 5.58578e-11 0 0
0.375673 -3.55597e-10 1.11483e-10 0 0
0.375673 -3.55789e-10 -1.91401e-11 0 0
0.375673 -3.54439e-10 1.35021e-10 0 0
0.375673 -3.54157e-10 2.81823e-11 0 0
0.375673 1.9628e-09 2.31696e-07 0 0
0.375673 2.1102e-09 1.47401e-08 0 0
0.375673 2.12505e-09 1.48495e-09 0 0
0.375673 2.13279e-09 7.74469e-10 0 0
0.375673 2.13957e-09 6.77415e-10 0 0
0.375673 2.14515e-09 5.5845e-10 0 0
0.375673 2.15217e-09 7.01418e-10 0 0
0.375673 2.15846e-09 6.29737e-10 0 0
0.375673 2.16492e-09 6.45567e-10 0 0
0.375673 2.17092e-09 5.99658e-10 0 0
0.375673 2.1767e-09 5.78579e-10 0 0
0.375673 2.18355e-09 6.85011e-10 0 0
0.375673 2.18898e-09 5.42459e-10 0 0
0.375673 1.82758e-09 -3.61396e-08 0 0
0.375673 1.81027e-09 -1.73103e-09 0 0
0.375673 1.814e-09 3.73077e-10 0 0
0.375673 1.81852e-09 4.51482e-10 0 0
0.375673 1.82323e-09 4.71366e-10 0 0
0.375673 1.82876e-09 5.5331e-10 0 0
0.375673 1.83379e-09 5.02629e-10 0 0
0.375673 1.71728e-09 -1.16506e-08 0 0
0.375673 1.71502e-09 -2.26592e-10 0 0
0.375673 1.71859e-09 3.56845e-10 0 0
0.375673 1.7236e-09 5.01013e-10 0 0
0.375673 1.72717e-09 3.5717e-10 0 0
0.375673 1.73131e-09 4.13916e-10 0 0
0.375673 1.73597e-09 4.65872e-10 0 0
0.375673 1.73927e-09 3.30495e-10 0 0
0.375673 1.15698e-09 -5.82291e-08 0 0
0.375673 1.12396e-09 -3.30184e-09 0 0
0.375673 1.12359e-09 -3.76184e-11 0 0
0.375673 1.12662e-09 3.034e-10 0 0
0.375673 1.12929e-09 2.66598e-10 0 0
0.375673 1.13245e-09 3.16382e-10 0 0
0.375673 1.13469e-09 2.24174e-10 0 0
0.375673 1.13652e-09 1.83393e-10 0 0
0.375673 1.13904e-09 2.51718e-10 0 0
0.375673 1.14113e-09 2.09294e-10 0 0
0.375673 1.14383e-09 2.69831e-10 0 0
0.375673 1.14592e-09 2.08848e-10 0 0
0.375673 1.14818e-09 2.25452e-10 0 0
0.375673 1.15119e-09 3.0166e-10 0 0
0.375673 1.15375e-09 2.55767e-10 0 0
0.375673 1.15624e-09 2.49022e-10 0 0
0.375673 1.15864e-09 2.40204e-10 0 0
0.375673 8.33174e-10 -3.25469e-08 0 0
0.375673 8.15296e-10 -1.78776e-09 0 0
0.375673 8.14901e-10 -3.9514e-11 0 0
0.375673 8.16483e-10 1.58243e-10 0 0
0.375673 8.18294e-10 1.81113e-10 0 0
0.375673 8.19319e-10 1.02407e-10 0 0
0.375673 8.20022e-10 7.03402e-11 0 0
0.375673 8.21253e-10 1.23074e-10 0 0
0.375673 8.23233e-10 1.98076e-10 0 0
0.375673 8.23501e-10 2.67254e-11 0 0
0.375673 8.24979e-10 1.47861e-10 0 0
0.375673 8.2627e-10 1.29067e-10 0 0
0.375673 8.27362e-10 1.09238e-10 0 0
0.375673 2.18741e-09 1.36005e-07 0 0
0.375673 2.27413e-09 8.67224e-09 0 0
0.375673 2.28471e-09 1.05849e-09 0 0
0.375673 1.55433e-09 -7.30386e-08 0 0
0.375673 1.51213e-09 -4.21952e-09 0 0
0.375673 1.5124e-09 2.63788e-11 0 0
0.375673 1.5146e-09 2.20266e-10 0 0
0.375673 1.51811e-09 3.5097e-10 0 0
0.375673 1.52168e-09 3.57007e-10 0 0
0.375673 1.52372e-09 2.03946e-10 0 0
0.375673 1.5271e-09 3.37582e-10 0 0
0.375673 1.52929e-09 2.19614e-10 0 0
0.375673 1.53145e-09 2.16239e-10 0 0
0.375673 1.53486e-09 3.41113e-10 0 0
0.375673 1.53726e-09 2.3973e-10 0 0
0.375673 1.54059e-09 3.32595e-10 0 0
0.375673 1.54277e-09 2.17934e-10 0 0
0.375673 1.54564e-09 2.86791e-10 0 0
0.375673 1.54877e-09 3.13443e-10 0 0
0.375673 1.55129e-09 2.51984e-10 0 0
0.375673 1.43349e-09 -1.17804e-08 0 0
0.375673 1.4275e-09 -5.98748e-10 0 0
0.375673 1.42904e-09 1.53836e-10 0 0
0.375673 1.43194e-09 2.90272e-10 0 0
0.375673 1.43357e-09 1.63249e-10 0 0
0.375673 1.43634e-09 2.76546e-10 0 0
0.375673 1.43849e-09 2.15285e-10 0 0
0.375673 1.44073e-09 2.23907e-10 0 0
0.375673 8.56603e-10 -5.84126e-08 0 0
0.375673 8.21362e-10 -3.52409e-09 0 0
0.375673 8.20342e-10 -1.02056e-10 0 0
0.375673 8.20146e-10 -1.96212e-11 0 0
0.375673 8.20056e-10 -8.94194e-12 0 0
0.375673 8.2133e-10 1.27364e-10 0 0
0.375673 8.21546e-10 2.1658e-11 0 0
0.375673 8.22581e-10 1.03479e-10 0 0
0.375673 8.2277e-10 1.89035e-11 0 0
0.375673 8.23205e-10 4.34595e-11 0 0
0.375673 8.24465e-10 1.26048e-10 0 0
0.375673 8.24396e-10 -6.9071e-12 0 0
0.375673 8.25565e-10 1.16855e-10 0 0
0.375673 8.26103e-10 5.38047e-11 0 0
0.375673 8.26889e-10 7.86377e-11 0 0
0.375673 8.27074e-10 1.8475e-11 0 0
0.375673 8.2695e-10 -1.24113e-11 0 0
0.375673 8.28159e-10 1.20947e-10 0 0
0.375673 8.28915e-10 7.55121e-11 0 0
0.375673 8.28782e-10 -1.32635e-11 0 0
0.375673 8.29985e-10 1.20359e-10 0 0
0.375673 8.29619e-10 -3.66895e-11 0 0
0.375673 8.30841e-10 1.22287e-10 0 0
0.375673 8.30815e-10 -2.68675e-12 0 0
0.375673 8.31285e-10 4.70076e-11 0 0
0.375673 8.3255e-10 1.26569e-10 0 0
0.375673 8.33273e-10 7.22881e-11 0 0
0.375673 8.34293e-10 1.02008e-10 0 0
0.375673 8.34487e-10 1.93526e-11 0 0
0.375673 8.35128e-10 6.40731e-11 0 0
0.375673 8.36132e-10 1.0041e-10 0 0
0.375673 8.352e-10 -9.31968e-11 0 0
0.375673 8.36393e-10 1.19379e-10 0 0
0.375673 8.3714e-10 7.46543e-11 0 0
0.375673 8.37853e-10 7.12803e-11 0 0
0.375673 8.38585e-10 7.31923e-11 0 0
0.375673 4.70573e-10 -3.68012e-08 0 0
0.375673 4.48101e-10 -2.24719e-09 0 0
0.375673 4.45949e-10 -2.15249e-10 0 0
0.375673 4.44875e-10 -1.07317e-10 0 0
0.375673 4.45169e-10 2.9346e-11 0 0
0.375673 4.44148e-10 -1.02109e-10 0 0
0.375673 4.43609e-10 -5.38607e-11 0 0
0.375673 4.43392e-10 -2.17073e-11 0 0
0.375673 4.43318e-10 -7.44831e-12 0 0
0.375673 4.43682e-10 3.64148e-11 0 0
0.375673 4.42443e-10 -1.23855e-10 0 0
0.375673 4.4277e-10 3.26382e-11 0 0
0.375673 4.41559e-10 -1.21074e-10 0 0
0.375673 4.41298e-10 -2.61176e-11 0 0
0.375673 4.41459e-10 1.61822e-11 0 0
0.375673 4.41241e-10 -2.18922e-11 0 0
0.375673 4.41423e-10 1.82155e-11 0 0
0.375673 4.40533e-10 -8.89925e-11 0 0
0.375673 4.39961e-10 -5.7219e-11 0 0
0.375673 4.40379e-10 4.18743e-11 0 0
0.375673 4.4004e-10 -3.39789e-11 0 0
0.375673 4.4049e-10 4.50328e-11 0 0
0.375673 4.39102e-10 -1.38765e-10 0 0
0.375673 2.7524e-10 -1.63862e-08 0 0
0.375673 2.65311e-10 -9.92944e-10 0 0
0.375673 2.64119e-10 -1.19179e-10 0 0
0.375673 2.63366e-10 -7.53368e-11 0 0
0.375673 2.62339e-10 -1.02662e-10 0 0
0.375673 2.61624e-10 -7.14909e-11 0 0
0.375673 2.61686e-10 6.1934e-12 0 0
0.375673 2.60221e-10 -1.46506e-10 0 0
0.375673 2.60285e-10 6.4281e-12 0 0
0.375673 2.5942e-10 -8.65814e-11 0 0
0.375673 2.58435e-10 -9.84636e-11 0 0
0.375673 2.57492e-10 -9.43194e-11 0 0
0.375673 2.57606e-10 1.14018e-11 0 0
0.375673 2.57804e-10 1.98258e-11 0 0
0.375673 2.5617e-10 -1.63447e-10 0 0
0.375673 2.5546e-10 -7.09776e-11 0 0
0.375673 2.54718e-10 -7.4139e-11 0 0
0.375673 2.54941e-10 2.22175e-11 0 0
0.375673 2.54666e-10 -2.74306e-11 0 0
0.375673 2.54087e-10 -5.79345e-11 0 0
0.375673 2.53727e-10 -3.60073e-11 0 0
0.375673 2.52585e-10 -1.14169e-10 0 0
0.375673 2.52263e-10 -3.21819e-11 0 0
0.375673 2.52541e-10 2.77304e-11 0 0
0.375673 2.52049e-10 -4.91415e-11 0 0
0.375673 2.51737e-10 -3.12389e-11 0 0
0.375673 2.50112e-10 -1.62517e-10 0 0
0.375673 2.50345e-10 2.32899e-11 0 0
0.375673 2.50348e-10 3.10684e-13 0 0
0.375673 2.49918e-10 -4.29348e-11 0 0
0.375673 2.4939e-10 -5.28121e-11 0 0
0.375673 2.48814e-10 -5.75726e-11 0 0
0.375673 2.49145e-10 3.30106e-11 0 0
0.375673 2.49264e-10 1.19262e-11 0 0
0.375673 2.48325e-10 -9.38741e-11 0 0
0.375673 2.48033e-10 -2.92349e-11 0 0
0.375673 2.47302e-10 -7.30498e-11 0 0
0.375673 2.47647e-10 3.44425e-11 0 0
0.375673 2.46641e-10 -1.00592e-10 0 0
0.375673 2.4624e-10 -4.00567e-11 0 0
0.375673 2.46248e-10 7.54843e-13 0 0
0.375673 2.45613e-10 -6.34655e-11 0 0
0.375673 2.45421e-10 -1.92071e-11 0 0
0.375673 2.45853e-10 4.3167e-11 0 0
0.375673 2.44997e-10 -8.55214e-11 0 0
0.375673 2.44127e-10 -8.70455e-11 0 0
0.375673 2.43691e-10 -4.35678e-11 0 0
0.375673 2.43972e-10 2.80602e-11 0 0
0.375673 2.44419e-10 4.47192e-11 0 0
0.375673 2.4306e-10 -1.35926e-10 0 0
0.375673 2.42636e-10 -4.24108e-11 0 0
0.375673 2.42561e-10 -7.44804e-12 0 0
0.375673 2.43049e-10 4.87966e-11 0 0
0.375673 2.4278e-10 -2.68757e-11 0 0
0.375673 2.4193e-10 -8.5025e-11 0 0
0.375673 2.41927e-10 -3.27987e-13 0 0
0.375673 2.41295e-10 -6.31938e-11 0 0
0.375673 2.41474e-10 1.78746e-11 0 0
0.375673 2.42023e-10 5.49288e-11 0 0
0.375673 2.41527e-10 -4.96368e-11 0 0
0.375673 2.41191e-10 -3.36119e-11 0 0
0.375673 2.40124e-10 -1.0661e-10 0 0
0.375673 2.4056e-10 4.35504e-11 0 0
0.375673 2.41143e-10 5.83075e-11 0 0
0.375673 2.40682e-10 -4.60828e-11 0 0
0.375673 2.40131e-10 -5.50673e-11 0 0
0.375673 2.39612e-10 -5.19045e-11 0 0
0.375673 2.40084e-10 4.71503e-11 0 0
0.375673 2.40697e-10 6.12826e-11 0 0
0.375673 2.39995e-10 -7.01978e-11 0 0
0.375673 2.39594e-10 -4.00481e-11 0 0
0.375673 2.3909e-10 -5.0413e-11 0 0
0.375673 2.39626e-10 5.35829e-11 0 0
0.375673 2.39715e-10 8.87306e-12 0 0
0.375673 2.39085e-10 -6.29635e-11 0 0
0.375673 2.38949e-10 -1.36322e-11 0 0
0.375673 2.37968e-10 -9.80306e-11 0 0
0.375673 2.38181e-10 2.12204e-11 0 0
0.375673 2.38815e-10 6.34507e-11 0 0
0.375673 2.3866e-10 -1.55609e-11 0 0
0.375673 2.38046e-10 -6.1394e-11 0 0
0.375673 2.37842e-10 -2.04041e-11 0 0
0.375673 2.38438e-10 5.9665e-11 0 0
0.375673 2.39105e-10 6.66437e-11 0 0
0.375673 2.37912e-10 -1.19221e-10 0 0
0.375673 2.37637e-10 -2.75402e-11 0 0
0.375673 2.37416e-10 -2.20742e-11 0 0
0.375673 2.38018e-10 6.01939e-11 0 0
0.375673 2.37925e-10 -9.2919e-12 0 0
0.375673 2.37471e-10 -4.54143e-11 0 0
0.375673 2.376e-10 1.28354e-11 0 0
0.375673 2.37172e-10 -4.27604e-11 0 0
0.375673 2.37097e-10 -7.46518e-12 0 0
0.375673 2.37593e-10 4.96223e-11 0 0
0.375673 2.36955e-10 -6.38434e-11 0 0
0.375673 2.37043e-10 8.75797e-12 0 0
0.375673 2.36387e-10 -6.56049e-11 0 0
0.375673 2.36956e-10 5.69471e-11 0 0
0.375673 2.37673e-10 7.16597e-11 0 0
0.375673 2.37333e-10 -3.39888e-11 0 0
0.375673 2.36502e-10 -8.30411e-11 0 0
0.375673 2.36552e-10 4.93854e-12 0 0
0.375673 9.8874e-10 7.52189e-08 0 0
0.375673 1.03729e-09 4.85453e-09 0 0
0.375673 1.04086e-09 3.57387e-10 0 0
0.375673 1.04311e-09 2.24774e-10 0 0
0.375673 1.04496e-09 1.85419e-10 0 0
0.375673 9.2693e-10 -1.18032e-08 0 0
0.375673 9.21864e-10 -5.06519e-10 0 0
0.375673 9.22904e-10 1.03924e-10 0 0
0.375673 9.2393e-10 1.02654e-10 0 0
0.375673 -2.47936e-10 -1.17187e-07 0 0
0.375673 8.51562e-10 1.0995e-07 0 0
0.375673 -2.51428e-10 -1.10299e-07 0 0
0.375673 -3.20443e-10 -6.90149e-09 0 0
0.375673 -3.263e-10 -5.85662e-10 0 0
0.375673 8.4335e-10 1.16965e-07 0 0
0.375673 -2.54756e-10 -1.09811e-07 0 0
0.375673 -3.2367e-10 -6.89142e-09 0 0
0.375673 -3.29604e-10 -5.93421e-10 0 0
0.375673 8.40972e-10 1.17058e-07 0 0
0.375673 -2.58898e-10 -1.09987e-07 0 0
0.375673 -3.26824e-10 -6.79267e-09 0 0
0.375673 -3.33385e-10 -6.56012e-10 0 0
0.375673 8.37854e-10 1.17124e-07 0 0
0.375673 -2.61516e-10 -1.09937e-07 0 0
0.375673 -3.30423e-10 -6.89064e-09 0 0
0.375673 -3.35937e-10 -5.5146e-10 0 0
0.375673 8.33695e-10 1.16963e-07 0 0
0.375673 -2.6516e-10 -1.09886e-07 0 0
0.375673 -3.33529e-10 -6.83694e-09 0 0
0.375673 -3.40375e-10 -6.84622e-10 0 0
0.375673 8.30505e-10 1.17088e-07 0 0
0.375673 -2.6846e-10 -1.09897e-07 0 0
0.375673 -3.36291e-10 -6.78308e-09 0 0
0.375673 -3.41863e-10 -5.57178e-10 0 0
0.375673 8.28765e-10 1.17063e-07 0 0
0.375673 -2.69901e-10 -1.09867e-07 0 0
0.375673 -3.39464e-10 -6.95628e-09 0 0
0.375673 -3.4444e-10 -4.97571e-10 0 0
0.375673 8.26377e-10 1.17082e-07 0 0
0.375673 -2.72784e-10 -1.09916e-07 0 0
0.375673 -3.40749e-10 -6.79653e-09 0 0
0.375673 -3.4635e-10 -5.60116e-10 0 0
0.375673 8.24557e-10 1.17091e-07 0 0
0.375673 -2.74077e-10 -1.09863e-07 0 0
0.375673 -3.43647e-10 -6.95702e-09 0 0
0.375673 -3.48545e-10 -4.89737e-10 0 0
0.375673 8.2121e-10 1.16976e-07 0 0
0.375673 -2.77202e-10 -1.09841e-07 0 0
0.375673 -3.46342e-10 -6.91402e-09 0 0
0.375673 8.20218e-10 1.16656e-07 0 0
0.375673 -2.78314e-10 -1.09853e-07 0 0
0.375673 -3.4702e-10 -6.87062e-09 0 0
0.375673 -3.52603e-10 -5.58275e-10 0 0
0.375673 8.18672e-10 1.17127e-07 0 0
0.375673 -2.80768e-10 -1.09944e-07 0 0
0.375673 -3.48407e-10 -6.76399e-09 0 0
0.375673 -3.54441e-10 -6.03351e-10 0 0
0.375673 8.16337e-10 1.17078e-07 0 0
0.375673 -2.81615e-10 -1.09795e-07 0 0
0.375673 -3.50254e-10 -6.8639e-09 0 0
0.375673 -3.55778e-10 -5.52404e-10 0 0
0.375673 8.14692e-10 1.17047e-07 0 0
0.375673 -2.83789e-10 -1.09848e-07 0 0
0.375673 -3.51841e-10 -6.80528e-09 0 0
0.375673 8.1349e-10 1.16533e-07 0 0
0.375673 -2.85029e-10 -1.09852e-07 0 0
0.375673 -3.53135e-10 -6.81064e-09 0 0
0.375673 -3.58601e-10 -5.46594e-10 0 0
0.375673 8.12676e-10 1.17128e-07 0 0
0.375673 -2.87155e-10 -1.09983e-07 0 0
0.375673 -3.54858e-10 -6.77033e-09 0 0
0.375673 -3.61426e-10 -6.56815e-10 0 0
0.375673 8.09928e-10 1.17135e-07 0 0
0.375673 -2.88141e-10 -1.09807e-07 0 0
0.375673 -3.5644e-10 -6.82996e-09 0 0
0.375673 8.1033e-10 1.16677e-07 0 0
0.375673 -2.8915e-10 -1.09948e-07 0 0
0.375673 -3.57252e-10 -6.81018e-09 0 0
0.375673 -3.61885e-10 -4.6333e-10 0 0
0.375673 8.07164e-10 1.16905e-07 0 0
0.375673 -2.91268e-10 -1.09843e-07 0 0
0.375673 -3.59561e-10 -6.82925e-09 0 0
0.375673 -3.64121e-10 -4.55954e-10 0 0
0.375673 8.06813e-10 1.17093e-07 0 0
0.375673 -2.92823e-10 -1.09964e-07 0 0
0.375673 -3.6029e-10 -6.74675e-09 0 0
0.375673 8.06475e-10 1.16677e-07 0 0
0.375673 -2.92393e-10 -1.09887e-07 0 0
0.375673 -3.59837e-10 -6.74441e-09 0 0
0.375673 -3.65898e-10 -6.06079e-10 0 0
0.375673 8.05815e-10 1.17171e-07 0 0
0.375673 -2.93866e-10 -1.09968e-07 0 0
0.375673 -3.61309e-10 -6.74429e-09 0 0
0.375673 -3.6586e-10 -4.551e-10 0 0
0.375673 8.0445e-10 1.17031e-07 0 0
0.375673 -2.94412e-10 -1.09886e-07 0 0
0.375673 -3.6292e-10 -6.85079e-09 0 0
0.375673 8.04394e-10 1.16731e-07 0 0
0.375673 -2.94417e-10 -1.09881e-07 0 0
0.375673 -3.6375e-10 -6.93331e-09 0 0
0.375673 -3.68887e-10 -5.13673e-10 0 0
0.375673 8.02019e-10 1.17091e-07 0 0
0.375673 -2.9681e-10 -1.09883e-07 0 0
0.375673 -3.64175e-10 -6.73647e-09 0 0
0.375673 8.02095e-10 1.16627e-07 0 0
0.375673 -2.9679e-10 -1.09888e-07 0 0
0.375673 -3.65613e-10 -6.88236e-09 0 0
0.375673 -3.70268e-10 -4.65516e-10 0 0
0.375673 8.01077e-10 1.17134e-07 0 0
0.375673 -2.97491e-10 -1.09857e-07 0 0
0.375673 -3.6565e-10 -6.8159e-09 0 0
0.375673 -3.71533e-10 -5.88218e-10 0 0
0.375673 7.99988e-10 1.17152e-07 0 0
0.375673 -2.98497e-10 -1.09848e-07 0 0
0.375673 -3.67066e-10 -6.85689e-09 0 0
0.375673 8.00799e-10 1.16787e-07 0 0
0.375673 -2.98721e-10 -1.09952e-07 0 0
0.375673 -3.66101e-10 -6.73796e-09 0 0
0.375673 -3.71958e-10 -5.85702e-10 0 0
0.375673 7.98673e-10 1.17063e-07 0 0
0.375673 -2.99646e-10 -1.09832e-07 0 0
0.375673 -3.67763e-10 -6.81168e-09 0 0
0.375673 7.99141e-10 1.1669e-07 0 0
0.375673 -2.99864e-10 -1.09901e-07 0 0
0.375673 -3.67831e-10 -6.79665e-09 0 0
0.375673 -3.72617e-10 -4.78633e-10 0 0
0.375673 7.97119e-10 1.16974e-07 0 0
0.375673 -3.01211e-10 -1.09833e-07 0 0
0.375673 -3.69275e-10 -6.80635e-09 0 0
0.375673 7.97541e-10 1.16682e-07 0 0
0.375673 -3.01013e-10 -1.09855e-07 0 0
0.375673 -3.69365e-10 -6.8352e-09 0 0
0.375673 -3.73876e-10 -4.51073e-10 0 0
0.375673 7.96465e-10 1.17034e-07 0 0
0.375673 -3.02889e-10 -1.09935e-07 0 0
0.375673 -3.70311e-10 -6.74214e-09 0 0
0.375673 7.96686e-10 1.167e-07 0 0
0.375673 -3.0206e-10 -1.09875e-07 0 0
0.375673 -3.70192e-10 -6.81319e-09 0 0
0.375673 -3.75112e-10 -4.92029e-10 0 0
0.375673 7.96672e-10 1.17178e-07 0 0
0.375673 -3.02788e-10 -1.09946e-07 0 0
0.375673 -3.70152e-10 -6.73636e-09 0 0
0.375673 7.96785e-10 1.16694e-07 0 0
0.375673 -3.02515e-10 -1.0993e-07 0 0
0.375673 -3.7016e-10 -6.76452e-09 0 0
0.375673 -3.76089e-10 -5.92958e-10 0 0
0.375673 7.95506e-10 1.1716e-07 0 0
0.375673 -3.03223e-10 -1.09873e-07 0 0
0.375673 -3.72002e-10 -6.8779e-09 0 0
0.375673 7.95338e-10 1.16734e-07 0 0
0.375673 -3.03924e-10 -1.09926e-07 0 0
0.375673 -3.71237e-10 -6.73135e-09 0 0
0.375673 -3.77812e-10 -6.57463e-10 0 0
0.375673 7.92975e-10 1.17079e-07 0 0
0.375673 -3.05032e-10 -1.09801e-07 0 0
0.375673 -3.73102e-10 -6.80695e-09 0 0
0.375673 7.94349e-10 1.16745e-07 0 0
0.375673 -3.04314e-10 -1.09866e-07 0 0
0.375673 -3.72236e-10 -6.79221e-09 0 0
0.375673 -3.77492e-10 -5.25642e-10 0 0
0.375673 7.93095e-10 1.17059e-07 0 0
0.375673 -3.04887e-10 -1.09798e-07 0 0
0.375673 -3.73185e-10 -6.82977e-09 0 0
0.375673 7.9396e-10 1.16714e-07 0 0
0.375673 -3.04728e-10 -1.09869e-07 0 0
0.375673 -3.72796e-10 -6.80682e-09 0 0
0.375673 7.95185e-10 1.16798e-07 0 0
0.375673 -3.04714e-10 -1.0999e-07 0 0
0.375673 -3.72828e-10 -6.81144e-09 0 0
0.375673 -3.77258e-10 -4.42998e-10 0 0
0.375673 7.93607e-10 1.17087e-07 0 0
0.375673 -3.04883e-10 -1.09849e-07 0 0
0.375673 -3.73217e-10 -6.83339e-09 0 0
0.375673 7.93646e-10 1.16686e-07 0 0
0.375673 -3.04799e-10 -1.09844e-07 0 0
0.375673 -3.73171e-10 -6.83726e-09 0 0
0.375673 -3.77597e-10 -4.42521e-10 0 0
0.375673 7.92718e-10 1.17031e-07 0 0
0.375673 -3.05897e-10 -1.09862e-07 0 0
0.375673 -3.73669e-10 -6.7772e-09 0 0
0.375673 7.92742e-10 1.16641e-07 0 0
0.375673 -3.05952e-10 -1.09869e-07 0 0
0.375673 -3.73756e-10 -6.78044e-09 0 0
0.375673 -3.78994e-10 -5.23779e-10 0 0
0.375673 7.92155e-10 1.17115e-07 0 0
0.375673 -3.06473e-10 -1.09863e-07 0 0
0.375673 -3.73746e-10 -6.72726e-09 0 0
0.375673 7.92212e-10 1.16596e-07 0 0
0.375673 -3.0683e-10 -1.09904e-07 0 0
0.375673 -3.74158e-10 -6.73282e-09 0 0
0.375673 7.92084e-10 1.16624e-07 0 0
0.375673 -3.06415e-10 -1.0985e-07 0 0
0.375673 -3.74184e-10 -6.77692e-09 0 0
0.375673 -3.79438e-10 -5.25383e-10 0 0
0.375673 7.91976e-10 1.17141e-07 0 0
0.375673 -3.07032e-10 -1.09901e-07 0 0
0.375673 -3.74585e-10 -6.75529e-09 0 0
0.375673 7.92402e-10 1.16699e-07 0 0
0.375673 -3.07176e-10 -1.09958e-07 0 0
0.375673 -3.74804e-10 -6.76278e-09 0 0
0.375673 -3.79992e-10 -5.18825e-10 0 0
0.375673 7.91373e-10 1.17136e-07 0 0
0.375673 -3.07539e-10 -1.09891e-07 0 0
0.375673 -3.7537e-10 -6.78314e-09 0 0
0.375673 7.92621e-10 1.16799e-07 0 0
0.375673 -3.07045e-10 -1.09967e-07 0 0
0.375673 -3.75201e-10 -6.81562e-09 0 0
0.375673 7.91153e-10 1.16635e-07 0 0
0.375673 -3.0763e-10 -1.09878e-07 0 0
0.375673 -3.74947e-10 -6.73164e-09 0 0
0.375673 -3.80134e-10 -5.18736e-10 0 0
0.375673 7.91293e-10 1.17143e-07 0 0
0.375673 -3.07445e-10 -1.09874e-07 0 0
0.375673 -3.75319e-10 -6.78733e-09 0 0
0.375673 7.91872e-10 1.16719e-07 0 0
0.375673 -3.08111e-10 -1.09998e-07 0 0
0.375673 -3.75447e-10 -6.73355e-09 0 0
0.375673 7.92263e-10 1.16771e-07 0 0
0.375673 -3.07089e-10 -1.09935e-07 0 0
0.375673 -3.74407e-10 -6.73179e-09 0 0
0.375673 -3.80241e-10 -5.83382e-10 0 0
0.375673 7.91329e-10 1.17157e-07 0 0
0.375673 -3.08313e-10 -1.09964e-07 0 0
0.375673 -3.76534e-10 -6.82213e-09 0 0
0.375673 7.90244e-10 1.16678e-07 0 0
0.375673 -3.08194e-10 -1.09844e-07 0 0
0.375673 -3.7547e-10 -6.72756e-09 0 0
0.375673 -3.80911e-10 -5.44159e-10 0 0
0.375673 9.10302e-10 1.29121e-07 0 0
0.375673 -3.02198e-10 -1.2125e-07 0 0
0.375673 -3.76422e-10 -7.42247e-09 0 0
0.375673 7.90961e-10 1.16738e-07 0 0
0.375673 -3.08525e-10 -1.09949e-07 0 0
0.375673 -3.77323e-10 -6.87978e-09 0 0
0.375673 -3.82826e-10 -5.50314e-10 0 0
0.375673 9.09134e-10 1.29196e-07 0 0
0.375673 -3.01429e-10 -1.21056e-07 0 0
0.375673 -3.76427e-10 -7.49982e-09 0 0
0.375673 7.90147e-10 1.16657e-07 0 0
0.375673 -3.08557e-10 -1.0987e-07 0 0
0.375673 -3.75854e-10 -6.72971e-09 0 0
0.375673 -3.81017e-10 -5.1626e-10 0 0
0.375673 9.09529e-10 1.29055e-07 0 0
0.375673 -3.01805e-10 -1.21133e-07 0 0
0.375673 -3.76496e-10 -7.46907e-09 0 0
0.375673 7.90598e-10 1.16709e-07 0 0
0.375673 -3.07797e-10 -1.0984e-07 0 0
0.375673 -3.7626e-10 -6.84628e-09 0 0
0.375673 -3.81555e-10 -5.29563e-10 0 0
0.375673 9.09104e-10 1.29066e-07 0 0
0.375673 -3.01567e-10 -1.21067e-07 0 0
0.375673 -3.75672e-10 -7.41048e-09 0 0
0.375673 7.9002e-10 1.16569e-07 0 0
0.375673 -3.08817e-10 -1.09884e-07 0 0
0.375673 -3.77168e-10 -6.83512e-09 0 0
0.375673 -3.81907e-10 -4.73948e-10 0 0
0.375673 9.10061e-10 1.29197e-07 0 0
0.375673 -3.02387e-10 -1.21245e-07 0 0
0.375673 -3.77137e-10 -7.47498e-09 0 0
0.375673 7.89973e-10 1.16711e-07 0 0
0.375673 -3.09248e-10 -1.09922e-07 0 0
0.375673 -3.76663e-10 -6.7415e-09 0 0
0.375673 -3.82326e-10 -5.66288e-10 0 0
0.375673 9.08844e-10 1.29117e-07 0 0
0.375673 -3.02997e-10 -1.21184e-07 0 0
0.375673 -3.77202e-10 -7.42049e-09 0 0
0.375673 9.10142e-10 1.28734e-07 0 0
0.375673 -3.01125e-10 -1.21127e-07 0 0
0.375673 -3.76299e-10 -7.51739e-09 0 0
0.375673 -3.82743e-10 -6.44423e-10 0 0
0.375673 9.09167e-10 1.29191e-07 0 0
0.375673 -3.01996e-10 -1.21116e-07 0 0
0.375673 -3.77275e-10 -7.52794e-09 0 0
0.375673 -3.83067e-10 -5.79131e-10 0 0
0.375673 9.08256e-10 1.29132e-07 0 0
0.375673 -3.02803e-10 -1.21106e-07 0 0
0.375673 -3.77251e-10 -7.44482e-09 0 0
0.375673 9.09849e-10 1.2871e-07 0 0
0.375673 -3.02395e-10 -1.21224e-07 0 0
0.375673 -3.77434e-10 -7.50392e-09 0 0
0.375673 -3.82547e-10 -5.11269e-10 0 0
0.375673 9.09626e-10 1.29217e-07 0 0
0.375673 -3.02284e-10 -1.21191e-07 0 0
0.375673 -3.77049e-10 -7.47648e-09 0 0
0.375673 9.08997e-10 1.28605e-07 0 0
0.375673 -3.02217e-10 -1.21121e-07 0 0
0.375673 -3.76457e-10 -7.42398e-09 0 0
0.375673 -3.82622e-10 -6.16477e-10 0 0
0.375673 9.09021e-10 1.29164e-07 0 0
0.375673 -3.03081e-10 -1.2121e-07 0 0
0.375673 -3.77348e-10 -7.42668e-09 0 0
0.375673 -3.82739e-10 -5.39118e-10 0 0
0.375673 9.08158e-10 1.2909e-07 0 0
0.375673 -3.01981e-10 -1.21014e-07 0 0
0.375673 -3.77896e-10 -7.59152e-09 0 0
0.375673 9.09357e-10 1.28725e-07 0 0
0.375673 -3.02727e-10 -1.21208e-07 0 0
0.375673 -3.78309e-10 -7.55816e-09 0 0
0.375673 -3.83223e-10 -4.91401e-10 0 0
0.375673 9.07144e-10 1.29037e-07 0 0
0.375673 -3.04003e-10 -1.21115e-07 0 0
0.375673 -3.78281e-10 -7.42782e-09 0 0
0.375673 -2.63517e-10 1.14764e-08 0 0
0.375673 9.15305e-10 1.17882e-07 0 0
0.375673 -3.04313e-10 -1.21962e-07 0 0
0.375673 -3.79013e-10 -7.46994e-09 0 0
0.375673 -2.6338e-10 1.15633e-08 0 0
0.375673 9.14682e-10 1.17806e-07 0 0
0.375673 -3.03162e-10 -1.21784e-07 0 0
0.375673 -3.79161e-10 -7.59998e-09 0 0
0.375673 9.08187e-10 1.28735e-07 0 0
0.375673 -3.03258e-10 -1.21145e-07 0 0
0.375673 -3.78562e-10 -7.53036e-09 0 0
0.375673 -3.83462e-10 -4.89991e-10 0 0
0.375673 9.05919e-10 1.28938e-07 0 0
0.375673 -3.04766e-10 -1.21069e-07 0 0
0.375673 -3.78953e-10 -7.41871e-09 0 0
0.375673 -2.6445e-10 1.14503e-08 0 0
0.375673 9.1359e-10 1.17804e-07 0 0
0.375673 -3.04211e-10 -1.2178e-07 0 0
0.375673 -3.79104e-10 -7.48926e-09 0 0
0.375673 -2.63481e-10 1.15623e-08 0 0
0.375673 9.13845e-10 1.17733e-07 0 0
0.375673 -3.0404e-10 -1.21789e-07 0 0
0.375673 -3.80188e-10 -7.61485e-09 0 0
0.375673 -2.64659e-10 1.15529e-08 0 0
0.375673 9.13686e-10 1.17834e-07 0 0
0.375673 -3.039e-10 -1.21759e-07 0 0
0.375673 -3.78474e-10 -7.45739e-09 0 0
0.375673 9.07587e-10 1.28606e-07 0 0
0.375673 -3.04168e-10 -1.21176e-07 0 0
0.375673 -3.79735e-10 -7.5567e-09 0 0
0.375673 -3.84974e-10 -5.23811e-10 0 0
0.375673 9.07149e-10 1.29212e-07 0 0
0.375673 -3.05128e-10 -1.21228e-07 0 0
0.375673 -3.79961e-10 -7.48326e-09 0 0
0.375673 -2.6543e-10 1.1453e-08 0 0
0.375673 9.13915e-10 1.17935e-07 0 0
0.375673 -3.04649e-10 -1.21856e-07 0 0
0.375673 -3.81013e-10 -7.63642e-09 0 0
0.375673 -2.6551e-10 1.15503e-08 0 0
0.375673 9.12526e-10 1.17804e-07 0 0
0.375673 -3.05633e-10 -1.21816e-07 0 0
0.375673 -3.80241e-10 -7.46084e-09 0 0
0.375673 9.05958e-10 1.2862e-07 0 0
0.375673 -3.05582e-10 -1.21154e-07 0 0
0.375673 -3.80352e-10 -7.47698e-09 0 0
0.375673 -2.65017e-10 1.15335e-08 0 0
0.375673 9.13987e-10 1.179e-07 0 0
0.375673 -3.06118e-10 -1.22011e-07 0 0
0.375673 -3.81287e-10 -7.51681e-09 0 0
0.375673 -2.6633e-10 1.14956e-08 0 0
0.375673 9.12766e-10 1.1791e-07 0 0
0.375673 -3.05457e-10 -1.21822e-07 0 0
0.375673 -3.81484e-10 -7.60266e-09 0 0
0.375673 -2.6601e-10 1.15474e-08 0 0
0.375673 9.12067e-10 1.17808e-07 0 0
0.375673 -3.06329e-10 -1.2184e-07 0 0
0.375673 -3.80988e-10 -7.4659e-09 0 0
0.375673 -2.67276e-10 1.13712e-08 0 0
0.375673 9.11643e-10 1.17892e-07 0 0
0.375673 -3.06705e-10 -1.21835e-07 0 0
0.375673 -3.81353e-10 -7.46481e-09 0 0
0.375673 -2.65678e-10 1.15674e-08 0 0
0.375673 9.11533e-10 1.17721e-07 0 0
0.375673 -3.06858e-10 -1.21839e-07 0 0
0.375673 -3.82625e-10 -7.57667e-09 0 0
0.375673 9.05242e-10 1.28787e-07 0 0
0.375673 -3.06176e-10 -1.21142e-07 0 0
0.375673 -3.82043e-10 -7.58672e-09 0 0
0.375673 -2.66812e-10 1.15231e-08 0 0
0.375673 9.11478e-10 1.17829e-07 0 0
0.375673 -3.0679e-10 -1.21827e-07 0 0
0.375673 -3.81966e-10 -7.51757e-09 0 0
0.375673 -2.67951e-10 1.14016e-08 0 0
0.375673 9.11329e-10 1.17928e-07 0 0
0.375673 -3.07551e-10 -1.21888e-07 0 0
0.375673 -3.82511e-10 -7.49599e-09 0 0
0.375673 -2.6689e-10 1.15621e-08 0 0
0.375673 9.10239e-10 1.17713e-07 0 0
0.375673 -3.07565e-10 -1.2178e-07 0 0
0.375673 -3.83158e-10 -7.55929e-09 0 0
0.375673 -2.67566e-10 1.15591e-08 0 0
0.375673 9.11286e-10 1.17885e-07 0 0
0.375673 -3.08674e-10 -1.21996e-07 0 0
0.375673 -3.83475e-10 -7.48013e-09 0 0
0.375673 9.02865e-10 1.28634e-07 0 0
0.375673 -3.08392e-10 -1.21126e-07 0 0
0.375673 -3.83167e-10 -7.47749e-09 0 0
0.375673 -2.68857e-10 1.1431e-08 0 0
0.375673 9.10406e-10 1.17926e-07 0 0
0.375673 -3.08858e-10 -1.21926e-07 0 0
0.375673 -3.83862e-10 -7.5004e-09 0 0
0.375673 -2.68091e-10 1.15771e-08 0 0
0.375673 9.09479e-10 1.17757e-07 0 0
0.375673 -3.07915e-10 -1.21739e-07 0 0
0.375673 -3.84638e-10 -7.67229e-09 0 0
0.375673 -2.69122e-10 1.15516e-08 0 0
0.375673 9.09721e-10 1.17884e-07 0 0
0.375673 -3.09353e-10 -1.21907e-07 0 0
0.375673 -3.84605e-10 -7.5252e-09 0 0
0.375673 9.01976e-10 1.28658e-07 0 0
0.375673 -3.09009e-10 -1.21099e-07 0 0
0.375673 -3.83265e-10 -7.42555e-09 0 0
0.375673 -2.68908e-10 1.14357e-08 0 0
0.375673 9.09809e-10 1.17872e-07 0 0
0.375673 -3.0926e-10 -1.21907e-07 0 0
0.375673 -3.84531e-10 -7.52701e-09 0 0
0.375673 -2.68771e-10 1.1576e-08 0 0
0.375673 9.08585e-10 1.17736e-07 0 0
0.375673 -3.0883e-10 -1.21742e-07 0 0
0.375673 -3.85042e-10 -7.62113e-09 0 0
0.375673 -2.69493e-10 1.15548e-08 0 0
0.375673 9.09907e-10 1.1794e-07 0 0
0.375673 -3.10365e-10 -1.22027e-07 0 0
0.375673 -3.85699e-10 -7.53342e-09 0 0
0.375673 -2.71351e-10 1.14349e-08 0 0
0.375673 9.07953e-10 1.1793e-07 0 0
0.375673 -3.09925e-10 -1.21788e-07 0 0
0.375673 -2.65582e-10 4.43435e-09 0 0
0.375673 -2.62903e-10 2.67872e-10 0 0
0.375673 9.07964e-10 1.17087e-07 0 0
0.375673 -3.10353e-10 -1.21832e-07 0 0
0.375673 -2.65343e-10 4.50105e-09 0 0
0.375673 -2.64154e-10 1.18887e-10 0 0
0.375673 9.07638e-10 1.17179e-07 0 0
0.375673 -3.11026e-10 -1.21866e-07 0 0
0.375673 -3.86283e-10 -7.52574e-09 0 0
0.375673 -2.70828e-10 1.15455e-08 0 0
0.375673 9.06989e-10 1.17782e-07 0 0
0.375673 -3.10665e-10 -1.21765e-07 0 0
0.375673 -2.66111e-10 4.45538e-09 0 0
0.375673 -2.63661e-10 2.45045e-10 0 0
0.375673 9.07356e-10 1.17102e-07 0 0
0.375673 -3.11602e-10 -1.21896e-07 0 0
0.375673 -2.6577e-10 4.58317e-09 0 0
0.375673 -2.63577e-10 2.19286e-10 0 0
0.375673 9.08026e-10 1.1716e-07 0 0
0.375673 -3.11873e-10 -1.2199e-07 0 0
0.375673 -3.87458e-10 -7.55849e-09 0 0
0.375673 -2.71879e-10 1.15578e-08 0 0
0.375673 9.05997e-10 1.17788e-07 0 0
0.375673 -3.12448e-10 -1.21845e-07 0 0
0.375673 -2.67764e-10 4.4684e-09 0 0
0.375673 -2.65339e-10 2.42454e-10 0 0
0.375673 9.06795e-10 1.17213e-07 0 0
0.375673 -3.12573e-10 -1.21937e-07 0 0
0.375673 -2.66478e-10 4.60947e-09 0 0
0.375673 -2.6456e-10 1.918e-10 0 0
0.375673 9.06928e-10 1.17149e-07 0 0
0.375673 -3.12042e-10 -1.21897e-07 0 0
0.375673 -3.88095e-10 -7.60529e-09 0 0
0.375673 -2.72426e-10 1.15669e-08 0 0
0.375673 9.06598e-10 1.17902e-07 0 0
0.375673 -3.13223e-10 -1.21982e-07 0 0
0.375673 -2.67517e-10 4.57055e-09 0 0
0.375673 -2.65802e-10 1.71531e-10 0 0
0.375673 9.06581e-10 1.17238e-07 0 0
0.375673 -3.13218e-10 -1.2198e-07 0 0
0.375673 -2.68428e-10 4.47896e-09 0 0
0.375673 -2.6572e-10 2.70852e-10 0 0
0.375673 9.05155e-10 1.17087e-07 0 0
0.375673 -3.13227e-10 -1.21838e-07 0 0
0.375673 -3.88796e-10 -7.5569e-09 0 0
0.375673 -2.73715e-10 1.15081e-08 0 0
0.375673 9.04801e-10 1.17852e-07 0 0
0.375673 -3.14558e-10 -1.21936e-07 0 0
0.375673 -2.68717e-10 4.58407e-09 0 0
0.375673 -2.6703e-10 1.68785e-10 0 0
0.375673 9.04341e-10 1.17137e-07 0 0
0.375673 -3.14001e-10 -1.21834e-07 0 0
0.375673 -2.69216e-10 4.47853e-09 0 0
0.375673 -2.66522e-10 2.69365e-10 0 0
0.375673 9.04227e-10 1.17075e-07 0 0
0.375673 -3.14711e-10 -1.21894e-07 0 0
0.375673 -2.68946e-10 4.57643e-09 0 0
0.375673 -2.67008e-10 1.93876e-10 0 0
0.375673 9.0428e-10 1.17129e-07 0 0
0.375673 -3.14594e-10 -1.21887e-07 0 0
0.375673 -3.9009e-10 -7.54965e-09 0 0
0.375673 -2.74244e-10 1.15847e-08 0 0
0.375673 9.03019e-10 1.17726e-07 0 0
0.375673 -3.15336e-10 -1.21836e-07 0 0
0.375673 -2.7007e-10 4.52665e-09 0 0
0.375673 -2.67781e-10 2.28903e-10 0 0
0.375673 9.04054e-10 1.17183e-07 0 0
0.375673 -3.149e-10 -1.21895e-07 0 0
0.375673 -2.69039e-10 4.58606e-09 0 0
0.375673 -2.67381e-10 1.6577e-10 0 0
0.375673 9.03223e-10 1.1706e-07 0 0
0.375673 -3.14658e-10 -1.21788e-07 0 0
0.375673 -2.70162e-10 4.44969e-09 0 0
0.375673 -2.67504e-10 2.65788e-10 0 0
0.375673 9.03076e-10 1.17058e-07 0 0
0.375673 -3.16496e-10 -1.21957e-07 0 0
0.375673 -2.712e-10 4.52955e-09 0 0
0.375673 -2.70062e-10 1.13833e-10 0 0
0.375673 9.02179e-10 1.17224e-07 0 0
0.375673 -3.16907e-10 -1.21909e-07 0 0
0.375673 -3.9241e-10 -7.55032e-09 0 0
0.375673 -2.77002e-10 1.15408e-08 0 0
0.375673 9.0102e-10 1.17802e-07 0 0
0.375673 -3.16897e-10 -1.21792e-07 0 0
0.375673 -2.71454e-10 4.54428e-09 0 0
0.375673 -2.69869e-10 1.58443e-10 0 0
0.375673 9.01932e-10 1.1718e-07 0 0
0.375673 -3.16914e-10 -1.21885e-07 0 0
0.375673 -2.71196e-10 4.57176e-09 0 0
0.375673 -2.7058e-10 6.15958e-11 0 0
0.375673 9.01124e-10 1.1717e-07 0 0
0.375673 -3.17475e-10 -1.2186e-07 0 0
0.375673 -2.72229e-10 4.52459e-09 0 0
0.375673 -2.69868e-10 2.36146e-10 0 0
0.375673 9.00896e-10 1.17076e-07 0 0
0.375673 -3.16994e-10 -1.21789e-07 0 0
0.375673 -2.71751e-10 4.52436e-09 0 0
0.375673 -2.70863e-10 8.88074e-11 0 0
0.375673 9.01021e-10 1.17188e-07 0 0
0.375673 -3.17811e-10 -1.21883e-07 0 0
0.375673 -2.72019e-10 4.57925e-09 0 0
0.375673 -2.70908e-10 1.11019e-10 0 0
0.375673 9.00266e-10 1.17117e-07 0 0
0.375673 -3.18385e-10 -1.21865e-07 0 0
0.375673 -2.73656e-10 4.47286e-09 0 0
0.375673 -2.71238e-10 2.41852e-10 0 0
0.375673 8.99852e-10 1.17109e-07 0 0
0.375673 -3.19067e-10 -1.21892e-07 0 0
0.375673 -2.73562e-10 4.55049e-09 0 0
0.375673 -2.72184e-10 1.378e-10 0 0
0.375673 9.00134e-10 1.17232e-07 0 0
0.375673 -3.18895e-10 -1.21903e-07 0 0
0.375673 -2.74687e-10 4.42086e-09 0 0
0.375673 -2.72084e-10 2.60321e-10 0 0
0.375673 8.99375e-10 1.17146e-07 0 0
0.375673 -3.18838e-10 -1.21821e-07 0 0
0.375673 -2.75035e-10 4.38033e-09 0 0
0.375673 -2.72664e-10 2.37063e-10 0 0
0.375673 8.9965e-10 1.17231e-07 0 0
0.375673 -3.19157e-10 -1.21881e-07 0 0
0.375673 -2.73914e-10 4.5243e-09 0 0
0.375673 -2.72742e-10 1.17198e-10 0 0
0.375673 8.99029e-10 1.17177e-07 0 0
0.375673 -3.19242e-10 -1.21827e-07 0 0
0.375673 -3.95811e-10 -7.6569e-09 0 0
0.375673 -2.80476e-10 1.15335e-08 0 0
0.375673 8.97206e-10 1.17768e-07 0 0
0.375673 -3.20303e-10 -1.21751e-07 0 0
0.375673 -2.75263e-10 4.50401e-09 0 0
0.375673 -2.73687e-10 1.57626e-10 0 0
0.375673 8.98059e-10 1.17175e-07 0 0
0.375673 -3.22478e-10 -1.22054e-07 0 0
0.375673 -2.77162e-10 4.53158e-09 0 0
0.375673 -2.74484e-10 2.6786e-10 0 0
0.375673 8.96865e-10 1.17135e-07 0 0
0.375673 -3.21253e-10 -1.21812e-07 0 0
0.375673 -2.77184e-10 4.40684e-09 0 0
0.375673 -2.74688e-10 2.49687e-10 0 0
0.375673 8.97485e-10 1.17217e-07 0 0
0.375673 -3.22498e-10 -1.21998e-07 0 0
0.375673 -2.76434e-10 4.60637e-09 0 0
0.375673 -2.75855e-10 5.78782e-11 0 0
0.375673 8.96356e-10 1.17221e-07 0 0
0.375673 -3.22774e-10 -1.21913e-07 0 0
0.375673 -2.77544e-10 4.52302e-09 0 0
0.375673 -2.74847e-10 2.69675e-10 0 0
0.375673 8.95881e-10 1.17073e-07 0 0
0.375673 -3.22881e-10 -1.21876e-07 0 0
0.375673 -2.77703e-10 4.51778e-09 0 0
0.375673 -2.76307e-10 1.39602e-10 0 0
0.375673 8.95755e-10 1.17206e-07 0 0
0.375673 -3.24101e-10 -1.21986e-07 0 0
0.375673 -2.78556e-10 4.55452e-09 0 0
0.375673 -2.76132e-10 2.42407e-10 0 0
0.375673 8.95481e-10 1.17161e-07 0 0
0.375673 -3.23593e-10 -1.21907e-07 0 0
0.375673 -2.79635e-10 4.39581e-09 0 0
0.375673 -2.77309e-10 2.32588e-10 0 0
0.375673 8.94782e-10 1.17209e-07 0 0
0.375673 -3.25008e-10 -1.21979e-07 0 0
0.375673 -2.79169e-10 4.58393e-09 0 0
0.375673 -2.77649e-10 1.52005e-10 0 0
0.375673 8.94405e-10 1.17205e-07 0 0
0.375673 -3.24186e-10 -1.21859e-07 0 0
0.375673 -2.79767e-10 4.44189e-09 0 0
0.375673 -2.77079e-10 2.68794e-10 0 0
0.375673 8.93545e-10 1.17062e-07 0 0
0.375673 -3.25453e-10 -1.219e-07 0 0
0.375673 -2.79673e-10 4.57798e-09 0 0
0.375673 -2.77747e-10 1.92595e-10 0 0
0.375673 8.93751e-10 1.1715e-07 0 0
0.375673 -3.25555e-10 -1.21931e-07 0 0
0.375673 -2.79728e-10 4.58272e-09 0 0
0.375673 -2.77248e-10 2.47908e-10 0 0
0.375673 8.93283e-10 1.17053e-07 0 0
0.375673 -3.25026e-10 -1.21831e-07 0 0
0.375673 -2.80765e-10 4.42614e-09 0 0
0.375673 8.93608e-10 1.17437e-07 0 0
0.375673 -3.24888e-10 -1.2185e-07 0 0
0.375673 -4.00728e-10 -7.58404e-09 0 0
0.375673 -2.84909e-10 1.15819e-08 0 0
0.375673 8.92339e-10 1.17725e-07 0 0
0.375673 -3.2597e-10 -1.21831e-07 0 0
0.375673 -2.802e-10 4.577e-09 0 0
0.375673 -2.78944e-10 1.2568e-10 0 0
0.375673 8.93062e-10 1.17201e-07 0 0
0.375673 -3.27287e-10 -1.22035e-07 0 0
0.375673 -2.81633e-10 4.56542e-09 0 0
0.375673 -2.78948e-10 2.68522e-10 0 0
0.375673 8.92145e-10 1.17109e-07 0 0
0.375673 -3.26279e-10 -1.21842e-07 0 0
0.375673 -2.8293e-10 4.33493e-09 0 0
0.375673 -2.80489e-10 2.44135e-10 0 0
0.375673 8.91582e-10 1.17207e-07 0 0
0.375673 -3.27928e-10 -1.21951e-07 0 0
0.375673 -2.8238e-10 4.55479e-09 0 0
0.375673 -2.80796e-10 1.5846e-10 0 0
0.375673 8.91547e-10 1.17234e-07 0 0
0.375673 -3.27209e-10 -1.21876e-07 0 0
0.375673 -2.82382e-10 4.48272e-09 0 0
0.375673 -2.79982e-10 2.40001e-10 0 0
0.375673 8.89982e-10 1.16996e-07 0 0
0.375673 -3.28571e-10 -1.21855e-07 0 0
0.375673 -2.82792e-10 4.57782e-09 0 0
0.375673 8.90884e-10 1.17368e-07 0 0
0.375673 -3.27426e-10 -1.21831e-07 0 0
0.375673 -2.83383e-10 4.40433e-09 0 0
0.375673 -2.80762e-10 2.62068e-10 0 0
0.375673 8.9108e-10 1.17184e-07 0 0
0.375673 -3.28496e-10 -1.21958e-07 0 0
0.375673 -2.82984e-10 4.55122e-09 0 0
0.375673 -2.81972e-10 1.01156e-10 0 0
0.375673 8.89726e-10 1.1717e-07 0 0
0.375673 -3.28932e-10 -1.21866e-07 0 0
0.375673 -2.83928e-10 4.50042e-09 0 0
0.375673 -2.81344e-10 2.58406e-10 0 0
0.375673 8.88934e-10 1.17028e-07 0 0
0.375673 -3.29769e-10 -1.2187e-07 0 0
0.375673 -2.84049e-10 4.57192e-09 0 0
0.375673 -2.82395e-10 1.65443e-10 0 0
0.375673 8.89658e-10 1.17205e-07 0 0
0.375673 -3.30886e-10 -1.22054e-07 0 0
0.375673 -2.85267e-10 4.56184e-09 0 0
0.375673 -2.83074e-10 2.19329e-10 0 0
0.375673 8.89225e-10 1.1723e-07 0 0
0.375673 -3.29658e-10 -1.21888e-07 0 0
0.375673 -2.85605e-10 4.40528e-09 0 0
0.375673 -2.83027e-10 2.57868e-10 0 0
0.375673 8.88028e-10 1.17105e-07 0 0
0.375673 -3.30672e-10 -1.2187e-07 0 0
0.375673 -2.85272e-10 4.53999e-09 0 0
0.375673 8.88181e-10 1.17345e-07 0 0
0.375673 -3.30643e-10 -1.21882e-07 0 0
0.375673 -2.85835e-10 4.48077e-09 0 0
0.375673 -2.8348e-10 2.35512e-10 0 0
0.375673 8.88559e-10 1.17204e-07 0 0
0.375673 -3.3164e-10 -1.2202e-07 0 0
0.375673 -2.86004e-10 4.5636e-09 0 0
0.375673 -2.84121e-10 1.88256e-10 0 0
0.375673 8.87326e-10 1.17145e-07 0 0
0.375673 -3.31137e-10 -1.21846e-07 0 0
0.375673 -2.87336e-10 4.38005e-09 0 0
0.375673 -2.8476e-10 2.57632e-10 0 0
0.375673 8.86019e-10 1.17078e-07 0 0
0.375673 -3.32412e-10 -1.21843e-07 0 0
0.375673 -2.86986e-10 4.54259e-09 0 0
0.375673 -2.85918e-10 1.06815e-10 0 0
0.375673 8.86379e-10 1.1723e-07 0 0
0.375673 -3.33828e-10 -1.22021e-07 0 0
0.375673 -2.88459e-10 4.53685e-09 0 0
0.375673 -2.85924e-10 2.53503e-10 0 0
0.375673 8.85643e-10 1.17157e-07 0 0
0.375673 -3.33188e-10 -1.21883e-07 0 0
0.375673 -2.88125e-10 4.50627e-09 0 0
0.375673 8.86616e-10 1.17474e-07 0 0
0.375673 -3.31643e-10 -1.21826e-07 0 0
0.375673 -2.87929e-10 4.37141e-09 0 0
0.375673 -2.85837e-10 2.09171e-10 0 0
0.375673 8.8543e-10 1.17127e-07 0 0
0.375673 -3.33049e-10 -1.21848e-07 0 0
0.375673 -2.88125e-10 4.49239e-09 0 0
0.375673 -2.86882e-10 1.24278e-10 0 0
0.375673 8.84781e-10 1.17166e-07 0 0
0.375673 -3.34326e-10 -1.21911e-07 0 0
0.375673 -2.88964e-10 4.53622e-09 0 0
0.375673 -2.86305e-10 2.65899e-10 0 0
0.375673 8.83857e-10 1.17016e-07 0 0
0.375673 -3.35189e-10 -1.21905e-07 0 0
0.375673 -2.90823e-10 4.43655e-09 0 0
0.375673 -2.88231e-10 2.59222e-10 0 0
0.375673 8.83406e-10 1.17164e-07 0 0
0.375673 -3.36526e-10 -1.21993e-07 0 0
0.375673 -2.91157e-10 4.53691e-09 0 0
0.375673 -2.89297e-10 1.86038e-10 0 0
0.375673 8.82951e-10 1.17225e-07 0 0
0.375673 -3.36408e-10 -1.21936e-07 0 0
0.375673 -2.91947e-10 4.44608e-09 0 0
0.375673 8.82987e-10 1.17493e-07 0 0
0.375673 -3.36064e-10 -1.21905e-07 0 0
0.375673 -2.90715e-10 4.53488e-09 0 0
0.375673 -2.88086e-10 2.62916e-10 0 0
0.375673 8.81963e-10 1.17005e-07 0 0
0.375673 -3.36309e-10 -1.21827e-07 0 0
0.375673 -2.91864e-10 4.44442e-09 0 0
0.375673 -2.8936e-10 2.5049e-10 0 0
0.375673 8.82989e-10 1.17235e-07 0 0
0.375673 -3.37193e-10 -1.22018e-07 0 0
0.375673 -2.91939e-10 4.52532e-09 0 0
0.375673 -2.90095e-10 1.84437e-10 0 0
0.375673 8.82135e-10 1.17223e-07 0 0
0.375673 -3.36665e-10 -1.2188e-07 0 0
0.375673 -2.92721e-10 4.3944e-09 0 0
0.375673 8.81683e-10 1.1744e-07 0 0
0.375673 -3.37467e-10 -1.21915e-07 0 0
0.375673 -2.92361e-10 4.51062e-09 0 0
0.375673 -2.89979e-10 2.38225e-10 0 0
0.375673 8.80655e-10 1.17063e-07 0 0
0.375673 -3.37821e-10 -1.21848e-07 0 0
0.375673 -2.93659e-10 4.41614e-09 0 0
0.375673 -2.91221e-10 2.43854e-10 0 0
0.375673 8.81155e-10 1.17238e-07 0 0
0.375673 -3.39281e-10 -1.22044e-07 0 0
0.375673 -2.93873e-10 4.54073e-09 0 0
0.375673 -2.92058e-10 1.81545e-10 0 0
0.375673 8.79865e-10 1.17192e-07 0 0
0.375673 -3.38275e-10 -1.21814e-07 0 0
0.375673 -2.9405e-10 4.42257e-09 0 0
0.375673 8.806e-10 1.17465e-07 0 0
0.375673 -3.3914e-10 -1.21974e-07 0 0
0.375673 -2.93445e-10 4.56957e-09 0 0
0.375673 -2.91557e-10 1.8874e-10 0 0
0.375673 8.79012e-10 1.17057e-07 0 0
0.375673 -3.39472e-10 -1.21848e-07 0 0
0.375673 -2.94886e-10 4.45855e-09 0 0
0.375673 -2.92543e-10 2.34322e-10 0 0
0.375673 8.79756e-10 1.1723e-07 0 0
0.375673 -3.4072e-10 -1.22048e-07 0 0
0.375673 -2.94976e-10 4.57439e-09 0 0
0.375673 -2.93354e-10 1.62236e-10 0 0
0.375673 8.78104e-10 1.17146e-07 0 0
0.375673 -3.39943e-10 -1.21805e-07 0 0
0.375673 -2.94811e-10 4.5132e-09 0 0
0.375673 8.78333e-10 1.17314e-07 0 0
0.375673 -3.40623e-10 -1.21896e-07 0 0
0.375673 -2.95455e-10 4.51672e-09 0 0
0.375673 -2.94195e-10 1.25996e-10 0 0
0.375673 8.78051e-10 1.17225e-07 0 0
0.375673 -3.40763e-10 -1.21881e-07 0 0
0.375673 -2.96339e-10 4.44233e-09 0 0
0.375673 -2.94479e-10 1.86051e-10 0 0
0.375673 8.76763e-10 1.17124e-07 0 0
0.375673 -3.4183e-10 -1.21859e-07 0 0
0.375673 -2.96403e-10 4.54277e-09 0 0
0.375673 8.77111e-10 1.17351e-07 0 0
0.375673 -3.41209e-10 -1.21832e-07 0 0
0.375673 -2.968e-10 4.44089e-09 0 0
0.375673 -2.94233e-10 2.56784e-10 0 0
0.375673 8.76949e-10 1.17118e-07 0 0
0.375673 -3.42072e-10 -1.21902e-07 0 0
0.375673 -2.96447e-10 4.56243e-09 0 0
0.375673 -2.94828e-10 1.6193e-10 0 0
0.375673 8.76956e-10 1.17178e-07 0 0
0.375673 -3.41993e-10 -1.21895e-07 0 0
0.375673 -2.9769e-10 4.43024e-09 0 0
0.375673 -2.95086e-10 2.60422e-10 0 0
0.375673 8.74839e-10 1.16993e-07 0 0
0.375673 -3.43164e-10 -1.218e-07 0 0
0.375673 -2.98679e-10 4.44843e-09 0 0
0.375673 8.74856e-10 1.17353e-07 0 0
0.375673 -3.44003e-10 -1.21886e-07 0 0
0.375673 -2.99095e-10 4.49077e-09 0 0
0.375673 -2.96488e-10 2.60776e-10 0 0
0.375673 8.74858e-10 1.17135e-07 0 0
0.375673 -3.45131e-10 -1.21999e-07 0 0
0.375673 -2.99384e-10 4.5747e-09 0 0
0.375673 -2.97544e-10 1.84007e-10 0 0
0.375673 8.74251e-10 1.17179e-07 0 0
0.375673 -3.44977e-10 -1.21923e-07 0 0
0.375673 -3.00464e-10 4.45133e-09 0 0
0.375673 8.74186e-10 1.17465e-07 0 0
0.375673 -3.45139e-10 -1.21933e-07 0 0
0.375673 -2.99533e-10 4.56058e-09 0 0
0.375673 -2.97393e-10 2.14006e-10 0 0
0.375673 8.73572e-10 1.17096e-07 0 0
0.375673 -3.45337e-10 -1.21891e-07 0 0
0.375673 -3.00857e-10 4.44801e-09 0 0
0.375673 -2.98325e-10 2.53212e-10 0 0
0.375673 8.73366e-10 1.17169e-07 0 0
0.375673 -3.46412e-10 -1.21978e-07 0 0
0.375673 -3.00798e-10 4.56132e-09 0 0
0.375673 8.72342e-10 1.17314e-07 0 0
0.375673 -3.45773e-10 -1.21811e-07 0 0
0.375673 -3.01499e-10 4.42733e-09 0 0
0.375673 -2.99494e-10 2.00488e-10 0 0
0.375673 8.72299e-10 1.17179e-07 0 0
0.375673 -3.4668e-10 -1.21898e-07 0 0
0.375673 -3.01508e-10 4.51726e-09 0 0
0.375673 8.7259e-10 1.1741e-07 0 0
0.375673 -3.46493e-10 -1.21908e-07 0 0
0.375673 -3.00813e-10 4.56803e-09 0 0
0.375673 -2.99537e-10 1.27529e-10 0 0
0.375673 8.72478e-10 1.17202e-07 0 0
0.375673 -3.46656e-10 -1.21913e-07 0 0
0.375673 -3.02485e-10 4.41702e-09 0 0
0.375673 -3.00207e-10 2.2781e-10 0 0
0.375673 8.70723e-10 1.17093e-07 0 0
0.375673 -3.47867e-10 -1.21859e-07 0 0
0.375673 -3.03083e-10 4.47839e-09 0 0
0.375673 8.71026e-10 1.17411e-07 0 0
0.375673 -3.47424e-10 -1.21845e-07 0 0
0.375673 -3.02763e-10 4.46612e-09 0 0
0.375673 -3.01015e-10 1.74752e-10 0 0
0.375673 8.70429e-10 1.17144e-07 0 0
0.375673 -3.48851e-10 -1.21928e-07 0 0
0.375673 -3.03163e-10 4.56874e-09 0 0
0.375673 -3.01884e-10 1.27915e-10 0 0
0.375673 8.69585e-10 1.17147e-07 0 0
0.375673 -3.4889e-10 -1.21848e-07 0 0
0.375673 -3.04795e-10 4.40954e-09 0 0
0.375673 8.69291e-10 1.17409e-07 0 0
0.375673 -3.49543e-10 -1.21883e-07 0 0
0.375673 -3.04022e-10 4.55213e-09 0 0
0.375673 -3.01797e-10 2.22459e-10 0 0
0.375673 8.68598e-10 1.1704e-07 0 0
0.375673 -3.49795e-10 -1.21839e-07 0 0
0.375673 -3.04461e-10 4.53339e-09 0 0
0.375673 8.6993e-10 1.17439e-07 0 0
0.375673 -3.49029e-10 -1.21896e-07 0 0
0.375673 -3.04446e-10 4.45839e-09 0 0
0.375673 -3.01844e-10 2.60118e-10 0 0
0.375673 8.6912e-10 1.17096e-07 0 0
0.375673 -3.49329e-10 -1.21845e-07 0 0
0.375673 -3.04699e-10 4.46301e-09 0 0
0.375673 -3.03158e-10 1.541e-10 0 0
0.375673 8.68561e-10 1.17172e-07 0 0
0.375673 -3.50648e-10 -1.21921e-07 0 0
0.375673 -3.05116e-10 4.55319e-09 0 0
0.375673 8.68939e-10 1.17406e-07 0 0
0.375673 -3.51206e-10 -1.22015e-07 0 0
0.375673 -3.05912e-10 4.52937e-09 0 0
0.375673 -3.0414e-10 1.77195e-10 0 0
0.375673 8.67819e-10 1.17196e-07 0 0
0.375673 -3.51237e-10 -1.21906e-07 0 0
0.375673 -3.06749e-10 4.44882e-09 0 0
0.375673 8.67596e-10 1.17434e-07 0 0
0.375673 -3.51921e-10 -1.21952e-07 0 0
0.375673 -3.06734e-10 4.51871e-09 0 0
0.375673 -3.04878e-10 1.85611e-10 0 0
0.375673 8.66574e-10 1.17145e-07 0 0
0.375673 -3.51882e-10 -1.21846e-07 0 0
0.375673 -3.07791e-10 4.40906e-09 0 0
0.375673 -3.05341e-10 2.45041e-10 0 0
0.375673 8.65398e-10 1.17074e-07 0 0
0.375673 -3.52831e-10 -1.21823e-07 0 0
0.375673 -3.07931e-10 4.49001e-09 0 0
0.375673 8.65393e-10 1.17332e-07 0 0
0.375673 -3.52567e-10 -1.21796e-07 0 0
0.375673 -3.08532e-10 4.40351e-09 0 0
0.375673 -3.06253e-10 2.27912e-10 0 0
0.375673 8.65499e-10 1.17175e-07 0 0
0.375673 -3.53626e-10 -1.21912e-07 0 0
0.375673 -3.0789e-10 4.5736e-09 0 0
0.375673 8.64866e-10 1.17276e-07 0 0
0.375673 -3.53551e-10 -1.21842e-07 0 0
0.375673 -3.07852e-10 4.56998e-09 0 0
0.375673 -3.06518e-10 1.33345e-10 0 0
0.375673 8.65048e-10 1.17157e-07 0 0
0.375673 -3.54695e-10 -1.21974e-07 0 0
0.375673 -3.09327e-10 4.53679e-09 0 0
0.375673 8.65047e-10 1.17437e-07 0 0
0.375673 -3.54296e-10 -1.21934e-07 0 0
0.375673 -3.08803e-10 4.54926e-09 0 0
0.375673 -3.08228e-10 5.75279e-11 0 0
0.375673 8.63443e-10 1.17167e-07 0 0
0.375673 -3.55035e-10 -1.21848e-07 0 0
0.375673 -3.10424e-10 4.4611e-09 0 0
0.375673 -3.07987e-10 2.43782e-10 0 0
0.375673 8.6259e-10 1.17058e-07 0 0
0.375673 -2.35225e-10 -1.09781e-07 0 0
0.375673 -3.02338e-10 -6.7113e-09 0 0
0.375673 8.64314e-10 1.16665e-07 0 0
0.375673 -3.54659e-10 -1.21897e-07 0 0
0.375673 -3.10515e-10 4.41443e-09 0 0
0.375673 -3.08265e-10 2.25055e-10 0 0
0.375673 8.63478e-10 1.17174e-07 0 0
0.375673 -3.5576e-10 -1.21924e-07 0 0
0.375673 -3.10795e-10 4.49651e-09 0 0
0.375673 -3.09719e-10 1.07675e-10 0 0
0.375673 8.61796e-10 1.17151e-07 0 0
0.375673 -3.57242e-10 -1.21904e-07 0 0
0.375673 -3.1251e-10 4.47316e-09 0 0
0.375673 8.62153e-10 1.17466e-07 0 0
0.375673 -3.57856e-10 -1.22001e-07 0 0
0.375673 -3.12789e-10 4.50668e-09 0 0
0.375673 -3.1051e-10 2.27895e-10 0 0
0.375673 8.6093e-10 1.17144e-07 0 0
0.375673 -3.57272e-10 -1.2182e-07 0 0
0.375673 -3.14149e-10 4.31231e-09 0 0
0.375673 8.60399e-10 1.17455e-07 0 0
0.375673 -3.57817e-10 -1.21822e-07 0 0
0.375673 -3.13678e-10 4.41399e-09 0 0
0.375673 -3.1115e-10 2.52724e-10 0 0
0.375673 8.60161e-10 1.17131e-07 0 0
0.375673 -3.58323e-10 -1.21848e-07 0 0
0.375673 -3.13175e-10 4.51486e-09 0 0
0.375673 8.60345e-10 1.17352e-07 0 0
0.375673 -3.5753e-10 -1.21787e-07 0 0
0.375673 -3.14259e-10 4.32705e-09 0 0
0.375673 -3.12069e-10 2.19018e-10 0 0
0.375673 8.59665e-10 1.17173e-07 0 0
0.375673 -3.58613e-10 -1.21828e-07 0 0
0.375673 -3.12903e-10 4.57099e-09 0 0
0.375673 8.59571e-10 1.17247e-07 0 0
0.375673 -3.58623e-10 -1.21819e-07 0 0
0.375673 -3.12954e-10 4.56693e-09 0 0
0.375673 -3.11471e-10 1.48257e-10 0 0
0.375673 8.59436e-10 1.17091e-07 0 0
0.375673 -3.60809e-10 -1.22024e-07 0 0
0.375673 -3.14913e-10 4.58964e-09 0 0
0.375673 8.60022e-10 1.17493e-07 0 0
0.375673 -3.5997e-10 -1.21999e-07 0 0
0.375673 -3.14124e-10 4.5846e-09 0 0
0.375673 -3.13412e-10 7.1243e-11 0 0
0.375673 8.58078e-10 1.17149e-07 0 0
0.375673 -3.60797e-10 -1.21887e-07 0 0
0.375673 -3.16166e-10 4.46305e-09 0 0
0.375673 8.58447e-10 1.17461e-07 0 0
0.375673 -3.61286e-10 -1.21973e-07 0 0
0.375673 -3.16372e-10 4.49136e-09 0 0
