-0.00185191 0 -1.12615e-05 0
-0.00191493 -0.00640629 -2.52895e-05 0
-0.00201345 -0.0102174 -0.000181206 0
-0.00396551 -0.195533 -0.000370771 0
-0.00637057 -0.240764 -0.000475822 0
-0.00942348 -0.305439 -0.000683448 0
-0.0118695 -0.244463 -0.000988289 0
-0.0122387 -0.03639 -0.00139066 0
-0.00946342 0.277914 -0.00189442 0
-0.00446541 0.49965 -0.00248338 0
0.00270908 0.716289 -0.00282606 0
0.0102279 0.751471 -0.00312343 0
0.0177876 0.756054 -0.00327807 0
0.024893 0.710672 -0.00318434 0
0.0307527 0.585964 -0.0027114 0
0.0360306 0.527879 -0.00175978 0
0.0395375 0.350691 -0.000258116 0
0.0424402 0.290281 0.0018907 0
0.044244 0.180379 0.00472028 0
0.044614 0.0370068 0.00827172 0
0.0443808 -0.0233257 0.01248 0
0.0445047 0.0123951 0.0173029 0
0.0447235 0.0218766 0.0226452 0
0.0447121 -0.00113634 0.0284127 0
0.0446775 -0.00346482 0.0344881 0
0.0446543 -0.00231652 0.0407363 0
0.0446226 -0.00316891 0.0470187 0
0.0445795 -0.00430725 0.0532002 0
0.044527 -0.00525626 0.0591568 0
0.0444651 -0.00618461 0.0647812 0
0.0443938 -0.00713434 0.0699887 0
0.0443129 -0.00808931 0.0747314 0
0.0442224 -0.00904619 0.0789676 0
0.0441223 -0.0100069 0.082828 0
0.0440126 -0.010972 0.0862068 0
0.0438932 -0.0119416 0.0889845 0
0.043764 -0.0129161 0.0913586 0
0.0436251 -0.0138957 0.0933597 0
0.0434762 -0.0148807 0.0950444 0
0.0433175 -0.0158715 0.0964886 0
0.0431488 -0.0168683 0.0977535 0
0.0429701 -0.0178716 0.098578 0
0.0427813 -0.0188815 0.0992432 0
0.0425823 -0.0198984 0.0997609 0
0.042373 -0.0209226 0.100154 0
0.0421534 -0.0219544 0.100429 0
0.0419235 -0.0229942 0.100617 0
0.041683 -0.0240423 0.100764 0
0.041432 -0.025099 0.100866 0
0.0411703 -0.0261647 0.100944 0
0.0408979 -0.0272397 0.100974 0
0.0406146 -0.0283243 0.101003 0
0.0403204 -0.029419 0.101024 0
0.0400151 -0.030524 0.101054 0
0.0396987 -0.0316398 0.101087 0
0.0393709 -0.0327668 0.101118 0
0.0390318 -0.0339053 0.101148 0
0.0386812 -0.0350559 0.101179 0
0.038319 -0.036219 0.10121 0
0.0379449 -0.0373952 0.101241 0
0.037559 -0.0385852 0.101273 0
0.037161 -0.03979 0.101305 0
0.0367508 -0.0410114 0.101338 0
0.0363282 -0.0422568 0.101372 0
0.0359464 -0.0381855 0.101031 0
0.0355993 -0.0347175 0.100598 0
0.0352868 -0.0312587 0.0999532 0
0.0350087 -0.0278083 0.0989568 0
0.0347651 -0.0243653 0.0974595 0
0.0345558 -0.0209289 0.0953149 0
0.0343809 -0.0174981 0.0923914 0
0.0342402 -0.0140721 0.0885847 0
0.0341337 -0.0106499 0.0838277 0
0.0340614 -0.0072306 0.0780992 0
0.0340232 -0.00381329 0.0714282 0
0.0340192 -0.000401861 0.0638965 0
0.0340462 0.0026983 0.0556592 0
0.0341042 0.0058026 0.0468709 0
0.0341934 0.00891158 0.037747 0
0.0343136 0.0120261 0.0285249 0
0.0344651 0.0151472 0.0194503 0
0.0346479 0.0182757 0.0107614 0
0.034862 0.0214127 0.00267426 0
0.0351077 0.0245591 -0.00463027 0
0.0353849 0.0277162 -0.0110168 0
0.0356938 0.0308851 -0.0164025 0
0.0360345 0.0340678 -0.0207598 0
0.0364072 0.0372673 -0.0241155 0
0.0368124 0.0405023 -0.0265469 0
0.0372023 0.0389998 -0.0278068 0
0.0375793 0.0377129 -0.0283141 0
0.0379436 0.0364376 -0.0281153 0
0.0382953 0.0351735 -0.0272413 0
0.0386344 0.0339201 -0.0257051 0
0.0389612 0.0326773 -0.0235018 0
0.0392756 0.0314445 -0.0202313 0
0.0395777 0.0302215 -0.0161787 0
0.0398678 0.0290078 -0.0112843 0
0.0401458 0.027803 -0.00552834 0
0.0404118 0.0266069 0.0010639 0
0.0406659 0.0254191 0.00842066 0
0.0409083 0.0242391 0.0164254 0
0.0411389 0.0230667 0.024922 0
0.0413579 0.0219014 0.0337232 0
0.0415653 0.020743 0.0426213 0
0.0417612 0.019591 0.0514008 0
0.0419457 0.0184451 0.0598507 0
0.0421187 0.017305 0.0677539 0
0.0422804 0.0161703 0.0749685 0
0.0424308 0.0150406 0.0813681 0
0.0425699 0.0139156 0.0868736 0
0.0426979 0.012795 0.0914553 0
0.0428147 0.0116784 0.0951319 0
0.0429203 0.0105654 0.0979658 0
0.0430149 0.00945579 0.100056 0
0.0430983 0.0083491 0.101526 0
0.0431708 0.00724502 0.102516 0
0.0432322 0.00614322 0.103168 0
0.0432827 0.00504334 0.103617 0
0.0433221 0.00394505 0.103978 0
0.0433506 0.00284799 0.103978 0
0.0433681 0.00175183 0.103979 0
0.0433747 0.000656214 0.103979 0
0.0433716 -0.000302 0.103968 0
0.043359 -0.00126171 0.103955 0
0.0433368 -0.00222314 0.103935 0
0.0433049 -0.00318657 0.103906 0
0.0432634 -0.00415231 0.103863 0
0.0432122 -0.00512066 0.103801 0
0.0431513 -0.00609189 0.103718 0
0.0430806 -0.00706633 0.10361 0
0.0430002 -0.00804425 0.103476 0
0.0429099 -0.00902597 0.103315 0
0.0428098 -0.0100118 0.103129 0
0.0426998 -0.011002 0.10292 0
0.0425798 -0.0119969 0.102693 0
0.0424498 -0.0129968 0.102451 0
0.0423098 -0.0140021 0.102203 0
0.0421596 -0.015013 0.101953 0
0.0419993 -0.0160298 0.101709 0
0.0418288 -0.0170529 0.101477 0
0.0416479 -0.0180825 0.101264 0
0.0414567 -0.0191191 0.101073 0
0.0412551 -0.0201629 0.100909 0
0.0410429 -0.0212143 0.100774 0
0.0408202 -0.0222735 0.100668 0
0.0405867 -0.023341 0.100591 0
0.0403425 -0.0244171 0.100539 0
0.0400875 -0.025502 0.100511 0
0.0398215 -0.0265963 0.100502 0
0.0395444 -0.0277003 0.100507 0
0.0392563 -0.0288143 0.100523 0
0.0389568 -0.0299387 0.100545 0
0.038646 -0.031074 0.10057 0
0.0383238 -0.0322206 0.100606 0
0.0379899 -0.0333791 0.100641 0
0.0376444 -0.03455 0.100677 0
0.037287 -0.0357341 0.100714 0
0.0369176 -0.0369327 0.100751 0
0.036536 -0.0381487 0.100789 0
0.0361545 -0.0380386 0.100827 0
0.0358491 -0.0305443 0.100491 0
0.0355783 -0.0270847 0.100064 0
0.035342 -0.0236325 0.0994263 0
0.0351402 -0.0201863 0.0984372 0
0.0349728 -0.0167454 0.0969485 0
0.0348397 -0.0133088 0.0948142 0
0.0347409 -0.00987571 0.0919033 0
0.0346765 -0.00644514 0.0881117 0
0.0346463 -0.00301619 0.0833727 0
0.0346463 -5.0599e-06 0.0776985 0
0.0346529 0.000663646 0.0712796 0
0.0346662 0.00133237 0.064067 0
0.0346863 0.0020063 0.0562628 0
0.0347073 0.00209865 0.0481693 0
0.034728 0.00207407 0.0400541 0
0.0347485 0.00204748 0.0322372 0
0.0347687 0.00202126 0.0250475 0
0.0347887 0.00199543 0.0187921 0
0.0348084 0.00197 0.0137343 0
0.0348278 0.00194495 0.010075 0
0.034847 0.00192028 0.00793937 0
0.034866 0.00189599 0.00736771 0
0.0348847 0.00187205 0.00831404 0
0.0349032 0.00184848 0.0106503 0
0.0349214 0.00182525 0.0141768 0
0.0349395 0.00180237 0.0186381 0
0.0349573 0.00177983 0.023742 0
0.0349748 0.00175762 0.0291817 0
0.0349922 0.00173574 0.0346574 0
0.0350093 0.00171418 0.039897 0
0.0350263 0.00169293 0.0446743 0
0.035043 0.00167199 0.0491982 0
0.0350595 0.00165135 0.0530543 0
0.0350758 0.00163101 0.0562384 0
0.0350919 0.00161097 0.0587794 0
0.0351078 0.00159121 0.0607349 0
0.0351235 0.00157173 0.0621846 0
0.0351391 0.00155254 0.0632228 0
0.0351544 0.00153361 0.0639501 0
0.0351696 0.00151495 0.0644651 0
0.0351845 0.00149656 0.0648235 0
0.0351993 0.00147842 0.0649397 0
0.0352139 0.00146054 0.065021 0
0.0352283 0.00144291 0.065086 0
0.0352426 0.00142553 0.0651027 0
0.0352567 0.00140839 0.0651101 0
0.0352706 0.00139148 0.0651172 0
0.0352843 0.00137472 0.0651243 0
0.0352979 0.00135812 0.0651314 0
0.0353113 0.00134175 0.0651384 0
0.0353246 0.0013256 0.0651454 0
0.0353377 0.00130753 0.0651526 0
0.0353506 0.00129275 0.0651595 0
0.0353634 0.00127755 0.0651665 0
0.035376 0.0012625 0.0651735 0
0.0353885 0.00124766 0.0651805 0
0.0354008 0.00123303 0.0651876 0
0.035413 0.00121866 0.0651946 0
0.035425 0.00120438 0.0652016 0
0.0354369 0.00119028 0.0652085 0
0.0354487 0.00117634 0.0652154 0
0.0354603 0.00116256 0.0652222 0
0.0354718 0.00114901 0.0652288 0
0.0354832 0.00113564 0.0652353 0
0.0354944 0.00112245 0.0652417 0
0.0355055 0.00110944 0.0652479 0
0.0355165 0.0010966 0.065254 0
0.0355273 0.00108393 0.06526 0
0.035538 0.00107143 0.0652658 0
0.0355486 0.0010591 0.0652715 0
0.0355591 0.00104692 0.0652771 0
0.0355694 0.00103491 0.0652827 0
0.0355796 0.00102305 0.0652883 0
0.0355898 0.00101135 0.0652938 0
0.0355998 0.000999807 0.0652993 0
0.0356096 0.000988409 0.0653048 0
0.0356194 0.000977159 0.0653104 0
0.0356291 0.000966055 0.0653159 0
0.0356386 0.000955093 0.0653215 0
0.0356481 0.000944273 0.0653271 0
0.0356574 0.000933592 0.0653327 0
0.0356612 0.000382257 0.0653808 0
0.0356645 0.000330874 0.0653998 0
0.0356678 0.000330713 0.0654294 0
0.0356712 0.000334342 0.0654752 0
0.0356746 0.000338354 0.0655385 0
0.035678 0.000342458 0.0656185 0
0.0356815 0.000346633 0.0657132 0
0.035685 0.000350888 0.0658188 0
0.0356885 0.000355209 0.0659304 28
0.0356974 0.000883361 0.0660682 28
0.0357062 0.00088292 0.0662478 28
0.0357149 0.000873332 0.0664405 28
0.0357236 0.000863737 0.0666629 28
0.0357321 0.000854256 0.0669357 28
0.0357386 0.000651657 0.0672973 28
0.0357455 0.000692936 0.0677403 28
0.035753 0.000749072 0.0683046 28
0.0357611 0.000810998 0.0690078 28
0.0357692 0.00080499 0.0698663 28
0.0357772 0.000796737 0.070879 28
0.035785 0.000788475 0.0720416 28
0.0357928 0.000780315 0.0733414 28
0.0358006 0.000772239 0.0747576 28
0.0358082 0.000764255 0.0762619 28
0.0358158 0.000756362 0.0778204 28
0.0358233 0.000748333 0.0793955 28
0.0358307 0.000740364 0.0809479 28
0.0358383 0.000764631 0.0824371 28
0.0358465 0.00082244 0.0838276 28
0.0358557 0.000912783 0.0850887 28
0.035866 0.00103462 0.0861961 28
0.0358779 0.00118642 0.0870899 28
0.0358915 0.00136504 0.0878357 28
0.0359072 0.00157196 0.0884001 28
0.0359239 0.00166948 0.0887999 28
0.0359407 0.00167961 0.0890513 28
0.0359576 0.00168673 0.0891723 28
0.0359747 0.00170888 0.0891903 28
0.0359922 0.00174791 0.0891351 28
0.0360102 0.00180318 0.0890357 28
0.0360289 0.0018737 0.0888917 28
0.0360485 0.00195858 0.0887042 28
0.0360691 0.002057 0.0885204 28
0.0360908 0.00216827 0.0883467 28
0.0361137 0.00229172 0.0881876 28
0.036138 0.00242683 0.0880312 28
0.0361637 0.00257307 0.0879111 28
0.036191 0.00273042 0.0878111 28
0.03622 0.00289875 0.0877302 28
0.0362508 0.00307769 0.0876602 28
0.0362834 0.00326682 0.0876011 28
0.0363181 0.00346564 0.0875462 28
0.0363548 0.00367357 0.0874886 28
0.0363937 0.0038899 0.0874211 28
0.0364349 0.00411334 0.0873369 28
0.0364785 0.00436125 0.0872305 28
0.0365242 0.00457464 0.0871003 28
0.0365663 0.00421291 0.0869949 28
0.0366032 0.00368434 0.0868785 28
0.0366358 0.00325939 0.0867714 28
0.0366638 0.00280514 0.0866984 28
0.0366852 0.00213692 0.0866878 28
0.0367037 0.00185043 0.0867677 28
0.0367178 0.00140491 0.0869638 28
0.0367273 0.000957943 0.0872987 28
0.0367324 0.000510306 0.0877771 28
0.036733 6.15284e-05 0.0884061 28
0.0367301 -0.000290744 0.0891808 28
0.0367237 -0.000640356 0.0900957 28
0.0367138 -0.000992874 0.0911296 28
0.0367004 -0.00134248 0.0922532 28
0.0366834 -0.00170015 0.0934334 28
0.0366628 -0.00205919 0.0946328 28
0.0366385 -0.00242643 0.095814 28
0.0366107 -0.0027848 0.0969398 28
0.0365791 -0.00315528 0.0979792 28
0.0365439 -0.003522 0.0989047 28
0.036505 -0.00388741 0.099697 28
0.0365052 1.82466e-05 0.10002 28
0.0365053 1.07933e-05 0.100412 28
0.0365054 9.97248e-06 0.100552 28
0.0365055 8.47071e-06 0.100427 28
0.0365056 7.86291e-06 0.100037 28
0.0365057 7.36272e-06 0.0993951 28
0.0365057 6.90216e-06 0.0985291 28
0.0365058 1.09865e-05 0.097477 28
0.0365059 1.08922e-05 0.0962873 28
0.0365061 1.07568e-05 0.0950113 28
0.0365062 1.06232e-05 0.093655 28
0.0365062 7.07439e-06 0.092318 28
0.0365063 6.97367e-06 0.091048 28
0.0365064 6.8952e-06 0.0898908 28
0.0365064 6.81732e-06 0.0888858 28
0.0365065 6.74002e-06 0.0880644 28
0.0365066 6.66366e-06 0.0874479 28
0.0365066 6.58819e-06 0.0870442 28
0.0365067 6.51359e-06 0.0868497 28
0.0365068 6.43984e-06 0.0868488 28
0.0365068 6.36693e-06 0.0870237 28
0.0365069 6.29486e-06 0.0873341 28
0.036507 6.21985e-06 0.0877413 28
0.036507 6.14574e-06 0.088204 28
0.0365071 6.07254e-06 0.0886805 28
0.0365071 6.00023e-06 0.0891337 28
0.0365072 5.92881e-06 0.0895316 28
0.0365073 5.85827e-06 0.0898524 28
0.0365073 5.78858e-06 0.0900809 28
0.0365074 5.71976e-06 0.0902148 28
0.0365074 5.6534e-06 0.0902599 28
0.0365075 5.59205e-06 0.0905574 28
0.0365075 5.5314e-06 0.0905581 28
0.0365076 5.47141e-06 0.0905578 28
0.0365076 5.41208e-06 0.0905574 28
0.0365077 5.35341e-06 0.090557 28
0.0365078 5.29987e-06 0.0905566 28
0.0365078 5.23823e-06 0.0905562 28
0.0365079 5.18561e-06 0.0905562 28
0.0365079 5.12978e-06 0.090556 28
0.036508 4.35012e-06 0.0905559 28
0.036508 4.32564e-06 0.0905559 28
0.036508 4.30983e-06 0.0905557 28
0.0365081 4.28626e-06 0.0905558 28
0.0365081 4.26577e-06 0.0905559 28
0.0365082 4.24972e-06 0.090556 28
0.0365082 4.22625e-06 0.0905561 28
0.0365082 4.2061e-06 0.0905562 28
0.0365083 4.18645e-06 0.0905564 28
0.0365083 4.1669e-06 0.0905565 28
0.0365084 4.15126e-06 0.0905566 28
0.0365084 4.13208e-06 0.0905567 28
0.0365085 4.11264e-06 0.0905568 28
0.0365085 4.09335e-06 0.0905569 28
0.0365085 4.07621e-06 0.0905569 28
0.0365086 4.05897e-06 0.0905569 28
0.0365086 4.04933e-06 0.0905568 28
0.0365087 4.03642e-06 0.0905567 28
0.0365087 4.02317e-06 0.0905566 28
0.0365087 4.00607e-06 0.0905565 28
0.0365088 3.99795e-06 0.0905563 28
0.0365088 3.98452e-06 0.0905562 28
0.0365089 3.97436e-06 0.090556 28
0.0365089 3.96848e-06 0.0905559 28
0.0365089 3.95898e-06 0.0905557 28
0.036509 3.94522e-06 0.0905556 28
0.036509 3.93908e-06 0.0905555 28
0.0365091 3.92585e-06 0.0905555 28
0.0365091 3.91587e-06 0.0905554 28
0.0365091 3.90627e-06 0.0905554 28
0.0365092 3.89673e-06 0.0905554 28
0.0365092 3.89141e-06 0.0905554 28
0.0365093 3.88268e-06 0.0905554 28
0.0365093 3.87019e-06 0.0905554 28
0.0365093 3.8616e-06 0.0905555 28
0.0365094 3.85346e-06 0.0905555 28
0.0365094 3.84251e-06 0.0905555 28
0.0365094 3.83354e-06 0.0905555 28
0.0365095 3.82415e-06 0.0905556 28
0.0365095 3.81479e-06 0.0905556 28
0.0365096 3.80546e-06 0.0905556 28
0.0365096 3.79615e-06 0.0905557 28
0.0365096 3.78688e-06 0.0905557 28
0.0365097 3.78417e-06 0.0905557 28
0.0365097 3.78229e-06 0.0905558 28
0.0365097 3.78136e-06 0.0905558 28
0.0365098 3.78072e-06 0.0905558 28
0.0365098 3.78016e-06 0.0905559 28
0.0365099 3.77945e-06 0.0905559 28
0.0365099 3.77767e-06 0.0905559 28
0.0365099 3.77585e-06 0.0905559 28
0.03651 3.77407e-06 0.090556 28
0.03651 3.77232e-06 0.090556 28
0.0365101 3.77107e-06 0.090556 28
0.0365101 3.76996e-06 0.0905561 28
0.0365101 3.76887e-06 0.0905561 28
0.0365102 3.76779e-06 0.0905561 28
0.0365102 3.76676e-06 0.0905561 28
0.0365102 3.7657e-06 0.0905561 28
0.0365103 3.85924e-06 0.0905562 28
0.0365103 3.85756e-06 0.0905562 28
0.0365104 3.85633e-06 0.0905562 28
0.0365104 3.85497e-06 0.0905562 28
0.0365104 3.85347e-06 0.0905562 28
0.0365105 3.91805e-06 0.0905562 28
0.0365105 3.91679e-06 0.0905563 28
0.0365105 3.91555e-06 0.0905563 28
0.0365106 3.91424e-06 0.0905563 28
0.0365106 3.91286e-06 0.0905563 28
0.0365107 3.9115e-06 0.0905563 28
0.0365107 3.91015e-06 0.0905563 28
0.0365107 3.90882e-06 0.0905563 28
0.0365108 3.90751e-06 0.0905563 28
0.0365108 3.91445e-06 0.0905563 28
0.0365109 3.92593e-06 0.0905563 28
0.0365109 3.93412e-06 0.0905564 28
0.0365109 3.94186e-06 0.0905564 28
0.036511 3.95058e-06 0.0905564 28
0.036511 3.95879e-06 0.0905565 28
0.0365111 3.9655e-06 0.0905565 28
0.0365111 3.97302e-06 0.0905566 28
0.0365111 3.98037e-06 0.0905566 28
0.0365112 3.99184e-06 0.0905567 28
0.0365112 4.00271e-06 0.0905567 28
0.0365113 4.01244e-06 0.0905568 28
0.0365113 4.02227e-06 0.0905568 28
0.0365113 4.03307e-06 0.0905569 28
0.0365114 4.04085e-06 0.0905569 28
0.0365114 3.95713e-06 0.0905569 28
0.0365115 3.96657e-06 0.090557 28
0.0365115 3.97543e-06 0.090557 28
0.0365115 3.98527e-06 0.0905571 28
0.0365116 3.99256e-06 0.0905571 28
0.0365116 4.002e-06 0.0905571 28
0.0365117 4.01006e-06 0.0905572 28
0.0365117 4.01855e-06 0.0905572 28
0.0365117 4.02575e-06 0.0905573 28
0.0365118 4.03343e-06 0.0905573 28
0.0365118 4.03983e-06 0.0905574 28
0.0365119 4.04681e-06 0.0905574 28
0.0365119 4.05263e-06 0.0905575 28
0.0365119 4.0593e-06 0.0905575 28
0.036512 4.06514e-06 0.0905576 28
0.036512 4.07106e-06 0.0905576 28
0.0365121 4.07655e-06 0.0905577 28
0.0365121 3.87551e-06 0.0905577 28
0.0365121 3.87974e-06 0.0905577 28
0.0365122 3.88349e-06 0.0905578 28
0.0365122 3.88761e-06 0.0905578 28
0.0365123 3.89111e-06 0.0905579 28
0.0365123 4.40082e-06 0.0905579 28
0.0365123 4.41925e-06 0.0905579 28
0.0365124 4.43492e-06 0.090558 28
0.0365124 4.45078e-06 0.090558 28
0.0365125 4.46729e-06 0.090558 28
0.0365125 4.48291e-06 0.090558 28
0.0365126 4.4965e-06 0.090558 28
0.0365126 4.5154e-06 0.090558 28
0.0365127 4.53385e-06 0.090558 28
0.0365127 4.55223e-06 0.0905579 28
0.0365127 2.99674e-06 0.090558 28
0.0365128 2.92193e-06 0.0905579 28
0.0365128 2.90768e-06 0.0905579 28
0.0365128 2.90248e-06 0.090558 28
0.0365129 2.88026e-06 0.0905581 28
0.0365129 2.86882e-06 0.0905583 28
0.0365129 6.2176e-06 0.0905583 28
0.036513 6.26609e-06 0.0905586 28
0.0365131 6.30575e-06 0.0905588 28
0.0365131 6.34384e-06 0.090559 28
0.0365132 6.37725e-06 0.090559 28
0.0365133 6.41419e-06 0.090559 28
0.0365133 6.451e-06 0.0905588 28
0.0365134 6.48685e-06 0.0905585 28
0.0365135 6.52246e-06 0.0905581 28
0.0365135 6.55604e-06 0.0905576 28
0.0365136 6.5923e-06 0.090557 28
0.0365137 6.62525e-06 0.0905563 28
0.0365137 6.65646e-06 0.0905557 28
0.0365138 6.69171e-06 0.0905551 28
0.0365139 6.72433e-06 0.0905545 28
0.0365139 6.75884e-06 0.0905542 28
0.036514 6.79061e-06 0.0905539 28
0.0365141 6.82091e-06 0.0905538 28
0.0365141 6.85346e-06 0.0905539 28
0.0365142 6.88644e-06 0.0905541 28
0.0365143 6.91615e-06 0.0905545 28
0.0365143 6.94665e-06 0.090555 28
0.0365144 6.97602e-06 0.0905556 28
0.0365145 7.00468e-06 0.0905562 28
0.0365145 7.03494e-06 0.0905568 28
0.0365146 7.06335e-06 0.0905573 28
0.0365147 7.09162e-06 0.0905578 28
0.0365148 7.11879e-06 0.0905582 28
0.0365148 7.14717e-06 0.0905585 28
0.0365149 7.17235e-06 0.0905587 28
0.036515 7.19852e-06 0.0905589 28
0.036515 7.22244e-06 0.0905592 28
0.0365151 7.24867e-06 0.0905593 28
0.0365152 7.27254e-06 0.0905594 28
0.0365153 7.29709e-06 0.0905594 28
0.0365153 7.31884e-06 0.0905595 28
0.0365154 7.34208e-06 0.0905596 28
0.0365155 7.36231e-06 0.0905597 28
0.0365156 7.38459e-06 0.0905598 28
0.0365156 7.40402e-06 0.0905598 28
0.0365157 7.42395e-06 0.0905599 28
0.0365158 7.44344e-06 0.09056 28
0.0365159 7.46196e-06 0.0905601 28
0.0365159 7.48065e-06 0.0905602 28
0.036516 7.49753e-06 0.0905603 28
0.0365161 7.51539e-06 0.0905603 28
0.0365162 7.52926e-06 0.0905604 28
0.0365162 7.54359e-06 0.0905605 28
0.0365163 7.55741e-06 0.0905606 28
0.0365164 7.57064e-06 0.0905607 28
0.0365165 7.5839e-06 0.0905608 28
0.0365165 7.59449e-06 0.0905609 28
0.0365166 7.60511e-06 0.090561 28
0.0365167 7.61528e-06 0.090561 28
0.0365168 7.62544e-06 0.0905611 28
0.0365168 7.635e-06 0.0905612 28
0.0365169 7.64225e-06 0.0905613 28
0.036517 7.64935e-06 0.0905614 28
0.0365171 7.6559e-06 0.0905615 28
0.0365171 7.66177e-06 0.0905616 28
0.0365172 7.66355e-06 0.0905617 28
0.0365173 7.66685e-06 0.0905618 28
0.0365174 7.67169e-06 0.0905619 28
0.0365174 7.67753e-06 0.090562 28
0.0365175 7.68055e-06 0.0905621 28
0.0365176 7.68597e-06 0.0905622 28
0.0365177 7.68774e-06 0.0905622 28
0.0365178 7.69343e-06 0.0905623 28
0.0365178 7.69615e-06 0.0905624 28
0.0365179 7.69972e-06 0.0905625 28
0.036518 7.69925e-06 0.0905626 28
0.0365181 7.6984e-06 0.0905627 28
0.0365181 7.69296e-06 0.0905628 28
0.0365182 7.68531e-06 0.0905629 28
0.0365183 7.67727e-06 0.090563 28
0.0365184 7.66376e-06 0.0905631 28
0.0365184 7.65245e-06 0.0905632 28
0.0365185 7.64178e-06 0.0905633 28
0.0365186 7.62722e-06 0.0905634 28
0.0365187 7.62277e-06 0.0905635 28
0.0365188 7.6175e-06 0.0905636 28
0.0365188 7.60251e-06 0.0905637 28
0.0365189 7.57974e-06 0.0905638 28
0.036519 7.5622e-06 0.0905639 28
0.0365191 7.54328e-06 0.090564 28
0.0365191 7.5216e-06 0.0905641 28
0.0365192 7.50003e-06 0.0905642 28
0.0365193 7.47824e-06 0.0905643 28
0.0365194 7.45019e-06 0.0905644 28
0.0365194 7.42833e-06 0.0905646 28
0.0365195 7.39912e-06 0.0905647 28
0.0365196 7.37173e-06 0.0905648 28
0.0365197 7.34249e-06 0.0905649 28
0.0365197 7.31232e-06 0.090565 28
0.0365198 7.28233e-06 0.0905651 28
0.0365199 7.25123e-06 0.0905652 28
0.0365199 7.2172e-06 0.0905653 28
0.03652 7.18709e-06 0.0905654 28
0.0365201 7.04097e-06 0.0905655 28
0.0365202 7.00264e-06 0.0905656 28
0.0365202 6.96469e-06 0.0905657 28
0.0365203 6.93119e-06 0.0905658 28
0.0365204 6.89963e-06 0.0905659 28
0.0365204 6.86098e-06 0.0905661 28
0.0365205 6.82045e-06 0.0905662 28
0.0365206 6.78257e-06 0.0905663 28
0.0365206 6.74084e-06 0.0905664 28
0.0365207 6.69382e-06 0.0905665 28
0.0365208 6.65101e-06 0.0905667 28
0.0365208 6.61174e-06 0.0905668 28
0.0365209 6.56755e-06 0.0905669 28
0.036521 6.5214e-06 0.090567 28
0.036521 6.47774e-06 0.0905671 28
0.0365211 6.434e-06 0.0905672 28
0.0365212 6.38485e-06 0.0905673 28
0.0365212 6.33909e-06 0.0905674 28
0.0365213 6.28551e-06 0.0905675 28
0.0365213 6.23731e-06 0.0905675 28
0.0365214 6.18579e-06 0.0905676 28
0.0365215 6.13362e-06 0.0905677 28
0.0365215 6.08248e-06 0.0905678 28
0.0365216 6.03133e-06 0.0905678 28
0.0365217 5.97398e-06 0.0905679 28
0.0365217 5.92272e-06 0.090568 28
0.0365218 5.86172e-06 0.090568 28
0.0365218 5.80999e-06 0.0905681 28
0.0365219 5.7487e-06 0.0905682 28
0.0365219 5.69139e-06 0.0905683 28
0.036522 5.63044e-06 0.0905683 28
0.0365221 5.57324e-06 0.0905684 28
0.0365221 5.5172e-06 0.0905685 28
0.0365222 5.45148e-06 0.0905686 28
0.0365222 5.39049e-06 0.0905687 28
0.0365223 5.33261e-06 0.0905688 28
0.0365223 5.26312e-06 0.0905688 28
0.0365224 5.20067e-06 0.0905689 28
0.0365224 5.13319e-06 0.090569 28
0.0365225 5.07033e-06 0.0905691 28
0.0365225 5.00204e-06 0.0905692 28
0.0365226 4.94398e-06 0.0905692 28
0.0365226 4.87114e-06 0.0905693 28
0.0365227 4.81173e-06 0.0905694 28
0.0365227 4.73729e-06 0.0905695 28
0.0365228 4.67281e-06 0.0905696 28
0.0365228 4.59609e-06 0.0905696 28
0.0365229 4.52325e-06 0.0905697 28
0.0365229 4.4562e-06 0.0905698 28
0.0365229 4.38922e-06 0.0905698 28
0.036523 4.31918e-06 0.0905699 28
0.036523 4.24634e-06 0.09057 28
0.0365231 4.17645e-06 0.0905701 28
0.0365231 4.10024e-06 0.0905701 28
0.0365232 4.0244e-06 0.0905702 28
0.0365232 3.95276e-06 0.0905703 28
0.0365232 3.88228e-06 0.0905703 28
0.0365233 3.81618e-06 0.0905704 28
0.0365233 3.73653e-06 0.0905705 28
0.0365233 3.65787e-06 0.0905705 28
0.0365234 3.58811e-06 0.0905706 28
0.0365234 3.51673e-06 0.0905706 28
0.0365235 3.44067e-06 0.0905707 28
0.0365235 3.36135e-06 0.0905708 28
0.0365235 3.28534e-06 0.0905708 28
0.0365235 3.21442e-06 0.0905709 28
0.0365236 3.13995e-06 0.0905709 28
0.0365236 3.06022e-06 0.090571 28
0.0365236 2.99035e-06 0.090571 28
0.0365237 2.91059e-06 0.0905711 28
0.0365237 2.84008e-06 0.0905711 28
0.0365237 2.75359e-06 0.0905712 28
0.0365238 2.68657e-06 0.0905712 28
0.0365238 2.61678e-06 0.0905713 28
0.0365238 2.53615e-06 0.0905713 28
0.0365238 2.46974e-06 0.0905713 28
0.0365239 2.38314e-06 0.0905714 28
0.0365239 2.31248e-06 0.0905714 28
0.0365239 2.23031e-06 0.0905715 28
0.0365239 2.15826e-06 0.0905715 28
0.0365239 2.0772e-06 0.0905715 28
0.036524 2.01075e-06 0.0905716 28
0.036524 1.9407e-06 0.0905716 28
0.036524 1.86281e-06 0.0905716 28
0.036524 1.79531e-06 0.0905717 28
0.036524 1.72128e-06 0.0905717 28
0.0365241 1.65216e-06 0.0905717 28
0.0365241 1.58461e-06 0.0905717 28
0.0365241 1.51544e-06 0.0905718 28
0.0365241 1.4427e-06 0.0905718 28
0.0365241 1.35828e-06 0.0905718 28
0.0365241 1.29665e-06 0.0905718 28
0.0365241 1.22253e-06 0.0905718 28
0.0365241 1.15062e-06 0.0905719 28
0.0365242 1.08599e-06 0.0905719 28
0.0365242 1.01753e-06 0.0905719 28
0.0365242 9.55708e-07 0.0905719 28
0.0365242 8.80314e-07 0.0905719 28
0.0365242 8.14261e-07 0.0905719 28
0.0365242 7.49909e-07 0.0905719 28
0.0365242 6.79578e-07 0.0905719 28
0.0365242 6.13826e-07 0.0905719 28
0.0365242 5.57649e-07 0.090572 28
0.0365242 4.9443e-07 0.090572 28
0.0365242 4.12677e-07 0.090572 28
0.0365242 3.63036e-07 0.090572 28
0.0365242 3.02164e-07 0.090572 28
0.0365242 2.27873e-07 0.090572 28
0.0365242 1.6588e-07 0.090572 28
0.0365242 1.19104e-07 0.090572 28
0.0365242 6.28565e-08 0.090572 28
0.0365242 3.0039e-09 0.090572 28
0.0365242 -4.46172e-08 0.090572 28
0.0365242 -1.13347e-07 0.090572 28
0.0365242 -1.59489e-07 0.0905719 28
0.0365242 -2.01324e-07 0.0905719 28
0.0365242 -2.64945e-07 0.0905719 28
0.0365242 -3.15346e-07 0.0905719 28
0.0365242 -3.72855e-07 0.0905719 28
0.0365242 -4.22863e-07 0.0905719 28
0.0365242 -4.7901e-07 0.0905719 28
0.0365242 -5.26764e-07 0.0905718 28
0.0365242 -5.73488e-07 0.0905718 28
0.0365242 -6.21129e-07 0.0905718 28
0.0365242 -6.78642e-07 0.0905718 28
0.0365242 -7.15745e-07 0.0905717 28
0.0365242 -7.40992e-07 0.0905717 28
0.0365242 -8.11349e-07 0.0905717 28
0.0365242 -8.48777e-07 0.0905717 28
0.0365242 -8.87573e-07 0.0905717 28
0.0365241 -9.22314e-07 0.0905716 28
0.0365241 -9.75429e-07 0.0905716 28
0.0365241 -1.02058e-06 0.0905716 28
0.0365241 -1.04492e-06 0.0905716 28
0.0365241 -1.09485e-06 0.0905715 28
0.0365241 -1.13294e-06 0.0905715 28
0.0365241 -1.16324e-06 0.0905715 28
0.0365241 -1.20453e-06 0.0905715 28
0.0365241 -1.21704e-06 0.0905714 28
0.036524 -1.26237e-06 0.0905714 28
0.036524 -1.29834e-06 0.0905714 28
0.036524 -1.32941e-06 0.0905713 28
0.036524 -1.35784e-06 0.0905713 28
0.036524 -1.39264e-06 0.0905713 28
0.036524 -1.40737e-06 0.0905712 28
0.036524 -1.45306e-06 0.0905712 28
0.0365239 -1.45883e-06 0.0905712 28
0.0365239 -1.50167e-06 0.0905711 28
0.0365239 -1.52365e-06 0.0905711 28
0.0365239 -1.53536e-06 0.090571 28
0.0365239 -1.56977e-06 0.090571 28
0.0365239 -1.58337e-06 0.090571 28
0.0365239 -1.60535e-06 0.0905709 28
0.0365238 -1.63929e-06 0.0905709 28
0.0365238 -1.66479e-06 0.0905709 28
0.0365238 -1.66006e-06 0.0905708 28
0.0365238 -1.69659e-06 0.0905708 28
0.0365238 -1.71562e-06 0.0905707 28
0.0365238 -1.74148e-06 0.0905707 28
0.0365237 -1.73914e-06 0.0905707 28
0.0365237 -1.75254e-06 0.0905706 28
0.0365237 -1.7629e-06 0.0905706 28
0.0365237 -1.78174e-06 0.0905705 28
0.0365237 -1.78971e-06 0.0905705 28
0.0365236 -1.80849e-06 0.0905705 28
0.0365236 -1.83499e-06 0.0905704 28
0.0365236 -1.82358e-06 0.0905704 28
0.0365236 -1.83925e-06 0.0905704 28
0.0365236 -1.85584e-06 0.0905703 28
0.0365236 -1.84699e-06 0.0905703 28
0.0365235 -1.86524e-06 0.0905702 28
0.0365235 -1.86634e-06 0.0905702 28
0.0365235 -1.89703e-06 0.0905702 28
0.0365235 -1.89169e-06 0.0905701 28
0.0365235 -1.89219e-06 0.0905701 28
0.0365234 -1.89309e-06 0.09057 28
0.0365234 -1.89404e-06 0.09057 28
0.0365234 -1.89454e-06 0.09057 28
0.0365234 -1.89613e-06 0.0905699 28
0.0365234 -1.8919e-06 0.0905699 28
0.0365233 -1.88847e-06 0.0905698 28
0.0365233 -1.89565e-06 0.0905698 28
0.0365233 -1.8997e-06 0.0905698 28
0.0365233 -1.89636e-06 0.0905697 28
0.0365233 -1.89878e-06 0.0905697 28
0.0365233 -1.90378e-06 0.0905696 28
0.0365232 -1.8915e-06 0.0905696 28
0.0365232 -1.89047e-06 0.0905696 28
0.0365232 -1.87544e-06 0.0905695 28
0.0365232 -1.87205e-06 0.0905695 28
0.0365232 -1.85382e-06 0.0905694 28
0.0365231 -1.86776e-06 0.0905694 28
0.0365231 -1.877e-06 0.0905694 28
0.0365231 -1.85719e-06 0.0905693 28
0.0365231 -1.84723e-06 0.0905693 28
0.0365231 -1.84079e-06 0.0905693 28
0.036523 -1.84108e-06 0.0905692 28
0.036523 -1.82384e-06 0.0905692 28
0.036523 -1.80428e-06 0.0905692 28
0.036523 -1.79828e-06 0.0905691 28
0.036523 -1.77727e-06 0.0905691 28
0.036523 -1.78889e-06 0.0905691 28
0.0365229 -1.77575e-06 0.090569 28
0.0365229 -1.76359e-06 0.090569 28
0.0365229 -1.73967e-06 0.0905689 28
0.0365229 -1.75745e-06 0.0905689 28
0.0365229 -1.73521e-06 0.0905689 28
0.0365229 -1.7255e-06 0.0905689 28
0.0365228 -1.70213e-06 0.0905688 28
0.0365228 -1.71166e-06 0.0905688 28
0.0365228 -1.70146e-06 0.0905688 28
0.0365228 -1.68981e-06 0.0905687 28
0.0365228 -1.67241e-06 0.0905687 28
0.0365227 -1.66031e-06 0.0905687 28
0.0365227 -1.62878e-06 0.0905686 28
0.0365227 -1.63086e-06 0.0905686 28
0.0365227 -1.61606e-06 0.0905686 28
0.0365227 -1.59546e-06 0.0905686 28
0.0365227 -1.58448e-06 0.0905686 28
0.0365227 -1.55153e-06 0.0905685 28
0.0365226 -1.54968e-06 0.0905685 28
0.0365226 -1.55798e-06 0.0905685 28
0.0365226 -1.53581e-06 0.0905685 28
0.0365226 -1.51127e-06 0.0905684 28
0.0365226 -1.48848e-06 0.0905684 28
0.0365226 -1.47948e-06 0.0905684 28
0.0365225 -1.48761e-06 0.0905684 28
0.0365225 -1.45208e-06 0.0905683 28
0.0365225 -1.43088e-06 0.0905683 28
0.0365225 -1.42652e-06 0.0905683 28
0.0365225 -1.39136e-06 0.0905683 28
0.0365225 -1.38051e-06 0.0905682 28
0.0365225 -1.36481e-06 0.0905682 28
0.0365224 -1.34657e-06 0.0905682 28
0.0365224 -1.34305e-06 0.0905682 28
0.0365224 -1.33398e-06 0.0905681 28
0.0365224 -1.30849e-06 0.0905681 28
0.0365224 -1.28987e-06 0.0905681 28
0.0365224 -1.26307e-06 0.0905681 28
0.0365224 -1.25264e-06 0.0905681 28
0.0365224 -1.23215e-06 0.090568 28
0.0365223 -1.23256e-06 0.090568 28
0.0365223 -1.20912e-06 0.090568 28
0.0365223 -1.18586e-06 0.090568 28
0.0365223 -1.17873e-06 0.090568 28
0.0365223 -1.14749e-06 0.090568 28
0.0365223 -1.13785e-06 0.0905679 28
0.0365223 -1.10145e-06 0.0905679 28
0.0365223 -1.09659e-06 0.0905679 28
0.0365223 -1.06671e-06 0.0905679 28
0.0365222 -1.06101e-06 0.0905679 28
0.0365222 -1.05607e-06 0.0905679 28
0.0365222 -1.03587e-06 0.0905678 28
0.0365222 -1.02134e-06 0.0905678 28
0.0365222 -1.00053e-06 0.0905678 28
0.0365222 -9.89959e-07 0.0905678 28
0.0365222 -9.73591e-07 0.0905678 28
0.0365222 -9.54219e-07 0.0905678 28
0.0365222 -9.47931e-07 0.0905678 28
0.0365222 -9.20415e-07 0.0905678 28
0.0365221 -9.171e-07 0.0905677 28
0.0365221 -9.00517e-07 0.0905677 28
0.0365221 -8.77012e-07 0.0905677 28
0.0365221 -8.77917e-07 0.0905677 28
0.0365221 -8.50873e-07 0.0905677 28
0.0365221 -8.19909e-07 0.0905677 28
0.0365221 -8.14386e-07 0.0905677 28
0.0365221 -7.89392e-07 0.0905677 28
0.0365221 -7.72298e-07 0.0905677 28
0.0365221 -7.60249e-07 0.0905677 28
0.0365221 -7.42848e-07 0.0905677 28
0.0365221 -7.27028e-07 0.0905677 28
0.0365221 -7.15865e-07 0.0905677 28
0.036522 -6.99636e-07 0.0905676 28
0.036522 -6.74811e-07 0.0905676 28
0.036522 -6.53664e-07 0.0905676 28
0.036522 -6.78345e-07 0.0905676 28
0.036522 -6.58885e-07 0.0905676 28
0.036522 -6.36256e-07 0.0905676 28
0.036522 -6.2231e-07 0.0905676 28
0.036522 -6.1729e-07 0.0905676 28
0.036522 -5.97183e-07 0.0905676 28
0.036522 -5.71243e-07 0.0905676 28
0.036522 -5.5316e-07 0.0905676 28
0.036522 -5.4073e-07 0.0905676 28
0.036522 -5.37292e-07 0.0905676 28
0.036522 -5.13873e-07 0.0905676 28
0.036522 -4.95407e-07 0.0905676 28
0.036522 -4.77297e-07 0.0905676 28
0.036522 -4.62299e-07 0.0905676 28
0.0365219 -4.66708e-07 0.0905676 28
0.0365219 -4.46939e-07 0.0905675 28
0.0365219 -4.2836e-07 0.0905675 28
0.0365219 -4.1824e-07 0.0905675 28
0.0365219 -4.09644e-07 0.0905675 28
0.0365219 -3.89829e-07 0.0905675 28
0.0365219 -3.73085e-07 0.0905675 28
0.0365219 -3.76085e-07 0.0905675 28
0.0365219 -3.68311e-07 0.0905675 28
0.0365219 -3.53455e-07 0.0905675 28
0.0365219 -3.28008e-07 0.0905675 28
0.0365219 -3.136e-07 0.0905675 28
0.0365219 -3.00868e-07 0.0905675 28
0.0365219 -2.9039e-07 0.0905675 28
0.0365219 -2.80826e-07 0.0905675 28
0.0365219 -2.598e-07 0.0905675 28
0.0365219 -2.78198e-07 0.0905675 28
0.0365219 -2.66755e-07 0.0905675 28
0.0365219 -2.58605e-07 0.0905675 28
0.0365219 -2.45158e-07 0.0905675 28
0.0365219 -2.30025e-07 0.0905675 28
0.0365219 -2.21157e-07 0.0905675 28
0.0365219 -1.99111e-07 0.0905675 28
0.0365219 -1.91308e-07 0.0905675 28
0.0365219 -1.77929e-07 0.0905675 28
0.0365219 -1.69188e-07 0.0905675 28
0.0365219 -1.6243e-07 0.0905675 28
0.0365219 -1.5451e-07 0.0905675 28
0.0365219 -1.38051e-07 0.0905675 28
0.0365219 -1.31597e-07 0.0905675 28
0.0365219 -1.28122e-07 0.0905675 28
0.0365219 -1.2474e-07 0.0905675 28
0.0365219 -1.19845e-07 0.0905675 28
0.0365219 -1.01095e-07 0.0905675 28
0.0365219 -9.83373e-08 0.0905675 28
0.0365219 -8.9561e-08 0.0905675 28
0.0365219 -8.74002e-08 0.0905675 28
0.0365219 -7.17497e-08 0.0905675 28
0.0365219 -5.52206e-08 0.0905675 28
0.0365219 -5.03875e-08 0.0905675 28
0.0365219 -4.46414e-08 0.0905675 28
0.0365219 -2.34027e-08 0.0905675 28
0.0365219 -1.38365e-08 0.0905675 28
0.0365219 -7.45192e-09 0.0905675 28
0.0365219 3.22481e-09 0.0905675 28
0.0365219 3.7689e-09 0.0905675 28
0.0365219 1.26571e-08 0.0905675 28
0.0365219 1.30901e-08 0.0905675 28
0.0365219 2.04166e-08 0.0905675 28
0.0365219 3.57087e-08 0.0905675 28
0.0365219 5.26021e-08 0.0905675 28
0.0365219 6.18735e-08 0.0905675 28
0.0365219 6.3323e-08 0.0905675 28
0.0365219 7.06154e-08 0.0905675 28
0.0365219 7.54973e-08 0.0905675 28
0.0365219 7.7678e-08 0.0905675 28
0.0365219 7.77198e-08 0.0905675 28
0.0365219 8.17746e-08 0.0905675 28
0.0365219 1.04139e-07 0.0905675 28
0.0365219 1.05406e-07 0.0905675 28
0.0365219 1.07889e-07 0.0905676 28
0.0365219 1.15436e-07 0.0905676 28
0.0365219 1.19579e-07 0.0905676 28
0.0365219 1.25606e-07 0.0905676 28
0.0365219 1.30663e-07 0.0905676 28
0.0365219 1.31642e-07 0.0905676 28
0.0365219 1.53433e-07 0.0905676 28
0.0365219 1.55667e-07 0.0905676 28
0.0365219 1.59484e-07 0.0905676 28
0.0365219 1.64483e-07 0.0905676 28
0.0365219 1.64714e-07 0.0905676 28
0.0365219 1.65401e-07 0.0905676 28
0.0365219 1.74772e-07 0.0905676 28
0.0365219 1.75273e-07 0.0905676 28
0.0365219 1.92387e-07 0.0905676 28
0.0365219 1.9819e-07 0.0905676 28
0.0365219 1.98472e-07 0.0905676 28
0.0365219 1.98429e-07 0.0905676 28
0.0365219 1.98366e-07 0.0905676 28
0.0365219 1.98291e-07 0.0905676 28
0.0365219 1.99212e-07 0.0905676 28
0.0365219 2.04027e-07 0.0905677 28
0.0365219 2.11644e-07 0.0905677 28
0.0365219 2.2805e-07 0.0905677 28
0.0365219 2.2151e-07 0.0905677 28
0.0365219 2.21059e-07 0.0905677 28
0.0365219 2.20974e-07 0.0905677 28
0.0365219 2.30535e-07 0.0905677 28
0.0365219 2.31059e-07 0.0905677 28
0.0365219 2.57033e-07 0.0905677 28
0.0365219 2.58557e-07 0.0905677 28
0.0365219 2.53879e-07 0.0905677 28
0.0365219 2.62044e-07 0.0905677 28
0.0365219 2.7461e-07 0.0905677 28
0.0365219 2.75317e-07 0.0905677 28
0.0365219 2.75315e-07 0.0905677 28
0.0365219 2.75265e-07 0.0905677 28
0.0365219 2.69157e-07 0.0905677 28
0.0365219 2.68743e-07 0.0905677 28
0.0365219 2.67918e-07 0.0905677 28
0.0365219 2.7261e-07 0.0905677 28
0.0365219 2.80327e-07 0.0905677 28
0.036522 2.8075e-07 0.0905677 28
0.036522 2.93012e-07 0.0905677 28
0.036522 2.93704e-07 0.0905677 28
0.036522 2.9e-07 0.0905677 28
0.036522 2.89732e-07 0.0905677 28
0.036522 3.06596e-07 0.0905678 28
0.036522 3.05239e-07 0.0905678 28
0.036522 3.03135e-07 0.0905678 28
0.036522 3.07707e-07 0.0905678 28
0.036522 3.07941e-07 0.0905678 28
0.036522 3.0644e-07 0.0905678 28
0.036522 3.03979e-07 0.0905678 28
0.036522 3.20576e-07 0.0905678 28
0.036522 3.17855e-07 0.0905678 28
0.036522 3.1666e-07 0.0905678 28
0.036522 3.11154e-07 0.0905678 28
0.036522 3.10785e-07 0.0905678 28
0.036522 3.10716e-07 0.0905678 28
0.036522 3.20142e-07 0.0905678 28
0.036522 3.221e-07 0.0905678 28
0.036522 3.21444e-07 0.0905678 28
0.036522 3.21374e-07 0.0905678 28
0.036522 3.15316e-07 0.0905678 28
0.036522 3.27759e-07 0.0905679 28
0.036522 3.33991e-07 0.0905679 28
0.036522 3.3434e-07 0.0905679 28
0.036522 3.28333e-07 0.0905679 28
0.036522 3.27934e-07 0.0905679 28
0.036522 3.39524e-07 0.0905679 28
0.036522 3.34563e-07 0.0905679 28
0.036522 3.30559e-07 0.0905679 28
0.0365221 3.30289e-07 0.0905679 28
0.0365221 3.29501e-07 0.0905679 28
0.0365221 3.25122e-07 0.0905679 28
0.0365221 3.17464e-07 0.0905679 28
0.0365221 3.16971e-07 0.0905679 28
0.0365221 3.25839e-07 0.0905679 28
0.0365221 3.26343e-07 0.0905679 28
0.0365221 3.21677e-07 0.0905679 28
0.0365221 3.21358e-07 0.0905679 28
0.0365221 3.2665e-07 0.0905679 28
0.0365221 3.23268e-07 0.090568 28
0.0365221 3.22036e-07 0.090568 28
0.0365221 3.32421e-07 0.090568 28
0.0365221 3.32278e-07 0.090568 28
0.0365221 3.28573e-07 0.090568 28
0.0365221 3.33056e-07 0.090568 28
0.0365221 3.27672e-07 0.090568 28
0.0365221 3.25837e-07 0.090568 28
0.0365221 3.22024e-07 0.090568 28
0.0365221 3.19452e-07 0.090568 28
0.0365221 3.31759e-07 0.090568 28
0.0365221 3.31734e-07 0.090568 28
0.0365221 3.32747e-07 0.090568 28
0.0365221 3.30465e-07 0.090568 28
0.0365221 3.2931e-07 0.090568 28
0.0365221 3.34253e-07 0.090568 28
0.0365221 3.32211e-07 0.090568 28
0.0365221 3.32063e-07 0.090568 28
0.0365221 3.30292e-07 0.090568 28
0.0365221 3.24185e-07 0.090568 28
0.0365221 3.23794e-07 0.090568 28
0.0365222 3.23746e-07 0.090568 28
0.0365222 3.17569e-07 0.090568 28
0.0365222 3.12539e-07 0.090568 28
0.0365222 3.12209e-07 0.090568 28
0.0365222 3.12159e-07 0.090568 28
0.0365222 3.42239e-07 0.0905681 28
0.0365222 3.44027e-07 0.0905681 28
0.0365222 3.44116e-07 0.0905681 28
0.0365222 3.41798e-07 0.0905681 28
0.0365222 3.35249e-07 0.0905681 28
0.0365222 3.34835e-07 0.0905681 28
0.0365222 3.32482e-07 0.0905681 28
0.0365222 3.27914e-07 0.0905681 28
0.0365222 3.26624e-07 0.0905681 28
0.0365222 3.26522e-07 0.0905681 28
0.0365222 3.18224e-07 0.0905681 28
0.0365222 3.16957e-07 0.0905681 28
0.0365222 3.20572e-07 0.0905681 28
0.0365222 3.18464e-07 0.0905681 28
0.0365222 3.14652e-07 0.0905681 28
0.0365222 3.12913e-07 0.0905681 28
0.0365222 3.20162e-07 0.0905681 28
0.0365222 3.18269e-07 0.0905681 28
0.0365222 3.10821e-07 0.0905681 28
0.0365222 3.16816e-07 0.0905681 28
0.0365222 3.12861e-07 0.0905681 28
0.0365222 3.12601e-07 0.0905681 28
0.0365222 3.08161e-07 0.0905681 28
0.0365222 3.07871e-07 0.0905682 28
0.0365222 3.04523e-07 0.0905682 28
0.0365222 3.04303e-07 0.0905682 28
0.0365223 3.05316e-07 0.0905682 28
0.0365223 3.04608e-07 0.0905682 28
0.0365223 2.99933e-07 0.0905682 28
0.0365223 2.98623e-07 0.0905682 28
0.0365223 2.94862e-07 0.0905682 28
0.0365223 2.90817e-07 0.0905682 28
0.0365223 2.90547e-07 0.0905682 28
0.0365223 2.90512e-07 0.0905682 28
0.0365223 2.82156e-07 0.0905682 28
0.0365223 2.8163e-07 0.0905682 28
0.0365223 2.7852e-07 0.0905682 28
0.0365223 2.86705e-07 0.0905682 28
0.0365223 2.87177e-07 0.0905682 28
0.0365223 3.09143e-07 0.0905682 28
0.0365223 3.06415e-07 0.0905682 28
0.0365223 3.15631e-07 0.0905682 28
0.0365223 3.16162e-07 0.0905682 28
0.0365223 3.0793e-07 0.0905682 28
0.0365223 3.04669e-07 0.0905682 28
0.0365223 3.11661e-07 0.0905682 28
0.0365223 3.12061e-07 0.0905682 28
0.0365223 3.06118e-07 0.0905682 28
0.0365223 3.04002e-07 0.0905682 28
0.0365223 3.03854e-07 0.0905682 28
0.0365223 3.03829e-07 0.0905682 28
0.0365223 2.97856e-07 0.0905682 28
0.0365223 2.9499e-07 0.0905682 28
0.0365223 2.94802e-07 0.0905682 28
0.0365223 2.94769e-07 0.0905682 28
0.0365223 2.8514e-07 0.0905682 28
0.0365223 2.84535e-07 0.0905682 28
0.0365223 2.82734e-07 0.0905682 28
0.0365223 2.82601e-07 0.0905682 28
0.0365223 2.81318e-07 0.0905682 28
0.0365224 2.81221e-07 0.0905682 28
0.0365224 2.81193e-07 0.0905682 28
0.0365224 2.88816e-07 0.0905683 28
0.0365224 2.8265e-07 0.0905683 28
0.0365224 2.78602e-07 0.0905683 28
0.0365224 2.7834e-07 0.0905683 28
0.0365224 2.78304e-07 0.0905683 28
0.0365224 2.7754e-07 0.0905683 28
0.0365224 2.74173e-07 0.0905683 28
0.0365224 2.7029e-07 0.0905683 28
0.0365224 2.70039e-07 0.0905683 28
0.0365224 2.70005e-07 0.0905683 28
0.0365224 2.66187e-07 0.0905683 28
0.0365224 2.65935e-07 0.0905683 28
0.0365224 2.57581e-07 0.0905683 28
0.0365224 2.57058e-07 0.0905683 28
0.0365224 2.57005e-07 0.0905683 28
0.0365224 2.56979e-07 0.0905683 28
0.0365224 2.53909e-07 0.0905683 28
0.0365224 2.53702e-07 0.0905683 28
0.0365224 2.54726e-07 0.0905683 28
0.0365224 2.53756e-07 0.0905683 28
0.0365224 2.53675e-07 0.0905683 28
0.0365224 2.56272e-07 0.0905683 28
0.0365224 2.55665e-07 0.0905684 28
0.0365224 2.55607e-07 0.0905684 28
0.0365224 2.51928e-07 0.0905684 28
0.0365224 2.5168e-07 0.0905684 28
0.0365224 2.50642e-07 0.0905684 28
0.0365224 2.48249e-07 0.0905684 28
0.0365224 2.48087e-07 0.0905684 28
0.0365224 2.47313e-07 0.0905684 28
0.0365224 2.47241e-07 0.0905684 28
0.0365224 2.4356e-07 0.0905684 28
0.0365224 2.43314e-07 0.0905684 28
0.0365224 2.40976e-07 0.0905684 28
0.0365224 2.388e-07 0.0905684 28
0.0365224 2.38647e-07 0.0905684 28
0.0365225 2.37877e-07 0.0905684 28
0.0365225 2.37806e-07 0.0905684 28
0.0365225 2.42551e-07 0.0905684 28
0.0365225 2.4282e-07 0.0905684 28
0.0365225 2.4051e-07 0.0905684 28
0.0365225 2.40353e-07 0.0905684 28
0.0365225 2.40326e-07 0.0905684 28
0.0365225 2.39303e-07 0.0905684 28
0.0365225 2.42439e-07 0.0905684 28
0.0365225 2.42608e-07 0.0905684 28
0.0365225 2.32978e-07 0.0905684 28
0.0365225 2.32369e-07 0.0905684 28
0.0365225 2.32317e-07 0.0905684 28
0.0365225 2.32289e-07 0.0905684 28
0.0365225 2.32269e-07 0.0905684 28
0.0365225 2.32254e-07 0.0905684 28
0.0365225 2.30477e-07 0.0905684 28
0.0365225 2.25739e-07 0.0905684 28
0.0365225 2.2176e-07 0.0905684 28
0.0365225 2.21503e-07 0.0905684 28
0.0365225 2.21472e-07 0.0905684 28
0.0365225 2.21451e-07 0.0905684 28
0.0365225 2.21433e-07 0.0905684 28
0.0365225 2.21408e-07 0.0905684 28
0.0365225 2.21392e-07 0.0905684 28
0.0365225 2.21375e-07 0.0905684 28
0.0365225 2.18298e-07 0.0905684 28
0.0365225 2.18097e-07 0.0905684 28
0.0365225 2.14397e-07 0.0905684 28
0.0365225 2.13141e-07 0.0905684 28
0.0365225 2.13049e-07 0.0905684 28
0.0365225 2.13024e-07 0.0905685 28
0.0365225 2.13006e-07 0.0905685 28
0.0365225 2.12979e-07 0.0905685 28
0.0365225 2.12963e-07 0.0905685 28
0.0365225 2.12948e-07 0.0905685 28
0.0365225 2.10617e-07 0.0905685 28
0.0365225 2.10456e-07 0.0905685 28
0.0365225 2.10423e-07 0.0905685 28
0.0365225 2.09658e-07 0.0905685 28
0.0365225 2.05934e-07 0.0905685 28
0.0365225 2.104e-07 0.0905685 28
0.0365225 2.10656e-07 0.0905685 28
0.0365225 2.10647e-07 0.0905685 28
0.0365225 2.10633e-07 0.0905685 28
0.0365226 2.09605e-07 0.0905685 28
0.0365226 2.07215e-07 0.0905685 28
0.0365226 2.07054e-07 0.0905685 28
0.0365226 2.07023e-07 0.0905685 28
0.0365226 2.07005e-07 0.0905685 28
0.0365226 2.06989e-07 0.0905685 28
0.0365226 2.06969e-07 0.0905685 28
0.0365226 2.06955e-07 0.0905685 28
0.0365226 1.98103e-07 0.0905685 28
0.0365226 1.97548e-07 0.0905685 28
0.0365226 1.975e-07 0.0905685 28
0.0365226 1.97477e-07 0.0905685 28
0.0365226 1.97462e-07 0.0905685 28
0.0365226 1.9744e-07 0.0905685 28
0.0365226 1.928e-07 0.0905685 28
0.0365226 1.92502e-07 0.0905685 28
0.0365226 1.92468e-07 0.0905685 28
0.0365226 1.92451e-07 0.0905685 28
0.0365226 1.92422e-07 0.0905685 28
0.0365226 1.92406e-07 0.0905685 28
0.0365226 1.92391e-07 0.0905685 28
0.0365226 1.9237e-07 0.0905685 28
0.0365226 1.66402e-07 0.0905685 28
0.0365226 1.64785e-07 0.0905685 28
0.0365226 1.6467e-07 0.0905685 28
0.0365226 1.64647e-07 0.0905685 28
0.0365226 1.6462e-07 0.0905685 28
0.0365226 1.64601e-07 0.0905685 28
0.0365226 1.64576e-07 0.0905685 28
0.0365226 1.64559e-07 0.0905686 28
0.0365226 1.64543e-07 0.0905686 28
0.0365226 1.64519e-07 0.0905686 28
0.0365226 1.64503e-07 0.0905686 28
0.0365226 1.64476e-07 0.0905686 28
0.0365226 1.64459e-07 0.0905686 28
0.0365226 1.64441e-07 0.0905686 28
0.0365226 1.64418e-07 0.0905686 28
0.0365226 1.64403e-07 0.0905686 28
0.0365226 1.64374e-07 0.0905686 28
0.0365226 1.64355e-07 0.0905686 28
0.0365226 1.6434e-07 0.0905686 28
0.0365226 1.64317e-07 0.0905686 28
0.0365226 1.64301e-07 0.0905686 28
0.0365226 1.7373e-07 0.0905686 28
0.0365226 1.74292e-07 0.0905686 28
0.0365226 1.74315e-07 0.0905686 28
0.0365226 1.74293e-07 0.0905686 28
0.0365226 1.7428e-07 0.0905686 28
0.0365226 1.74257e-07 0.0905685 28
0.0365226 1.74244e-07 0.0905685 28
0.0365226 1.74227e-07 0.0905685 28
0.0365226 1.91193e-07 0.0905685 28
0.0365226 1.92216e-07 0.0905685 28
0.0365226 1.9226e-07 0.0905685 28
0.0365226 1.92251e-07 0.0905685 28
0.0365227 1.92242e-07 0.0905685 28
0.0365227 1.92227e-07 0.0905685 28
0.0365227 1.89907e-07 0.0905685 28
0.0365227 1.89743e-07 0.0905685 28
0.0365227 1.89722e-07 0.0905685 28
0.0365227 1.89711e-07 0.0905685 28
0.0365227 1.89697e-07 0.0905685 28
0.0365227 1.86023e-07 0.0905685 28
0.0365227 1.85781e-07 0.0905685 28
0.0365227 1.85755e-07 0.0905685 28
0.0365227 1.85744e-07 0.0905685 28
0.0365227 1.85725e-07 0.0905685 28
0.0365227 1.85716e-07 0.0905685 28
0.0365227 1.857e-07 0.0905685 28
0.0365227 1.85687e-07 0.0905686 28
0.0365227 1.85668e-07 0.0905686 28
0.0365227 1.85659e-07 0.0905686 28
0.0365227 1.85651e-07 0.0905686 28
0.0365227 1.85632e-07 0.0905686 28
0.0365227 1.85621e-07 0.0905686 28
0.0365227 1.84851e-07 0.0905686 28
0.0365227 1.84795e-07 0.0905686 28
0.0365227 1.8478e-07 0.0905686 28
0.0365227 1.84765e-07 0.0905686 28
0.0365227 1.84753e-07 0.0905686 28
0.0365227 1.84741e-07 0.0905686 28
0.0365227 1.8473e-07 0.0905686 28
0.0365227 1.82407e-07 0.0905686 28
0.0365227 1.82252e-07 0.0905686 28
0.0365227 1.82231e-07 0.0905686 28
0.0365227 1.82214e-07 0.0905686 28
0.0365227 1.82206e-07 0.0905686 28
0.0365227 1.82198e-07 0.0905686 28
0.0365227 1.82184e-07 0.0905686 28
0.0365227 1.82169e-07 0.0905686 28
0.0365227 1.82155e-07 0.0905686 28
0.0365227 1.82147e-07 0.0905686 28
0.0365227 1.82139e-07 0.0905686 28
0.0365227 1.8212e-07 0.0905686 28
0.0365227 1.8211e-07 0.0905686 28
0.0365227 1.82096e-07 0.0905686 28
0.0365227 1.82089e-07 0.0905686 28
0.0365227 1.82079e-07 0.0905686 28
0.0365227 1.82064e-07 0.0905686 28
0.0365227 1.82054e-07 0.0905686 28
0.0365227 1.8204e-07 0.0905686 28
0.0365227 1.78365e-07 0.0905686 28
0.0365227 1.78134e-07 0.0905686 28
0.0365227 1.78109e-07 0.0905686 28
0.0365227 1.78092e-07 0.0905686 28
0.0365227 1.82797e-07 0.0905686 28
0.0365227 1.83077e-07 0.0905686 28
0.0365227 1.83086e-07 0.0905687 28
0.0365227 1.83073e-07 0.0905687 28
0.0365227 1.83062e-07 0.0905687 28
0.0365228 1.81011e-07 0.0905687 28
0.0365228 1.80878e-07 0.0905687 28
0.0365228 1.80861e-07 0.0905687 28
0.0365228 1.80848e-07 0.0905687 28
0.0365228 1.80838e-07 0.0905687 28
0.0365228 1.78514e-07 0.0905687 28
0.0365228 1.78361e-07 0.0905687 28
0.0365228 1.78346e-07 0.0905687 28
0.0365228 1.78333e-07 0.0905687 28
0.0365228 1.78323e-07 0.0905687 28
0.0365228 1.78309e-07 0.0905687 28
0.0365228 1.78303e-07 0.0905687 28
0.0365228 1.78297e-07 0.0905687 28
0.0365228 1.78285e-07 0.0905687 28
0.0365228 1.78275e-07 0.0905687 28
0.0365228 1.78264e-07 0.0905687 28
0.0365228 1.78259e-07 0.0905687 28
0.0365228 1.78253e-07 0.0905687 28
0.0365228 1.78235e-07 0.0905687 28
0.0365228 1.78226e-07 0.0905687 28
0.0365228 1.78216e-07 0.0905687 28
0.0365228 1.78211e-07 0.0905687 28
0.0365228 1.78197e-07 0.0905687 28
0.0365228 1.78185e-07 0.0905687 28
0.0365228 1.78173e-07 0.0905687 28
0.0365228 1.77407e-07 0.0905687 28
0.0365228 1.77356e-07 0.0905687 28
0.0365228 1.77348e-07 0.0905687 28
0.0365228 1.77335e-07 0.0905687 28
0.0365228 1.77325e-07 0.0905687 28
0.0365228 1.77318e-07 0.0905687 28
0.0365228 1.77313e-07 0.0905687 28
0.0365228 1.77308e-07 0.0905687 28
0.0365228 1.77293e-07 0.0905687 28
0.0365228 1.77285e-07 0.0905687 28
0.0365228 1.7727e-07 0.0905687 28
0.0365228 1.77265e-07 0.0905687 28
0.0365228 1.77256e-07 0.0905687 28
0.0365228 1.77249e-07 0.0905687 28
0.0365228 1.77241e-07 0.0905687 28
0.0365228 1.77226e-07 0.0905687 28
0.0365228 1.7722e-07 0.0905687 28
0.0365228 1.77216e-07 0.0905687 28
0.0365228 1.77207e-07 0.0905687 28
0.0365228 1.64197e-07 0.0905687 28
0.0365228 1.63388e-07 0.0905687 28
0.0365228 1.63333e-07 0.0905687 28
0.0365228 1.63325e-07 0.0905687 28
0.0365228 1.63311e-07 0.0905687 28
0.0365228 1.63297e-07 0.0905687 28
0.0365228 1.63286e-07 0.0905688 28
0.0365228 1.6328e-07 0.0905688 28
0.0365228 1.63275e-07 0.0905688 28
0.0365228 1.63258e-07 0.0905688 28
0.0365228 1.65294e-07 0.0905688 28
0.0365228 1.65407e-07 0.0905688 28
0.0365228 1.66163e-07 0.0905688 28
0.0365229 1.66205e-07 0.0905688 28
0.0365229 1.66195e-07 0.0905688 28
0.0365229 1.66187e-07 0.0905688 28
0.0365229 1.66173e-07 0.0905688 28
0.0365229 1.66168e-07 0.0905688 28
0.0365229 1.66158e-07 0.0905688 28
0.0365229 1.66154e-07 0.0905688 28
0.0365229 1.66141e-07 0.0905688 28
0.0365229 1.6613e-07 0.0905688 28
0.0365229 1.66124e-07 0.0905688 28
0.0365229 1.66112e-07 0.0905688 28
0.0365229 1.66106e-07 0.0905688 28
0.0365229 1.66098e-07 0.0905688 28
0.0365229 1.66088e-07 0.0905688 28
0.0365229 1.66084e-07 0.0905688 28
0.0365229 1.66072e-07 0.0905688 28
0.0365229 1.66068e-07 0.0905688 28
0.0365229 1.66061e-07 0.0905688 28
0.0365229 1.66046e-07 0.0905688 28
0.0365229 1.66039e-07 0.0905688 28
0.0365229 1.66031e-07 0.0905688 28
0.0365229 1.66027e-07 0.0905688 28
0.0365229 1.66021e-07 0.0905688 28
0.0365229 1.66009e-07 0.0905688 28
0.0365229 1.66004e-07 0.0905688 28
0.0365229 1.65994e-07 0.0905688 28
0.0365229 1.65991e-07 0.0905688 28
0.0365229 1.65978e-07 0.0905688 28
0.0365229 1.65971e-07 0.0905688 28
0.0365229 1.65968e-07 0.0905688 28
0.0365229 1.65955e-07 0.0905688 28
0.0365229 1.65952e-07 0.0905688 28
0.0365229 1.65943e-07 0.0905688 28
0.0365229 1.65937e-07 0.0905688 28
0.0365229 1.65931e-07 0.0905688 28
0.0365229 1.65919e-07 0.0905688 28
0.0365229 1.65915e-07 0.0905688 28
0.0365229 1.65909e-07 0.0905688 28
0.0365229 1.65895e-07 0.0905688 28
0.0365229 1.70613e-07 0.0905688 28
0.0365229 1.70897e-07 0.0905688 28
0.0365229 1.70913e-07 0.0905688 28
0.0365229 1.70906e-07 0.0905688 28
0.0365229 1.70895e-07 0.0905688 28
0.0365229 1.70893e-07 0.0905688 28
0.0365229 1.70881e-07 0.0905688 28
0.0365229 1.70876e-07 0.0905688 28
0.0365229 1.70869e-07 0.0905688 28
0.0365229 1.70864e-07 0.0905688 28
0.0365229 1.70862e-07 0.0905688 28
0.0365229 1.70852e-07 0.0905688 28
0.0365229 1.70852e-07 0.0905688 28
0.0365229 1.70845e-07 0.0905688 28
0.0365229 1.85358e-07 0.0905688 28
0.0365229 1.86238e-07 0.0905688 28
0.0365229 1.86285e-07 0.0905688 28
0.0365229 1.86288e-07 0.0905688 28
0.0365229 1.86286e-07 0.0905688 28
0.0365229 1.86277e-07 0.0905688 28
0.036523 1.86277e-07 0.0905688 28
0.036523 1.86273e-07 0.0905688 28
0.036523 1.8627e-07 0.0905688 28
0.036523 1.86264e-07 0.0905688 28
0.036523 1.86258e-07 0.0905688 28
0.036523 1.86259e-07 0.0905688 28
0.036523 1.86251e-07 0.0905688 28
0.036523 1.83944e-07 0.0905688 28
0.036523 1.838e-07 0.0905688 28
0.036523 1.83788e-07 0.0905688 28
0.036523 1.83782e-07 0.0905688 28
0.036523 1.83777e-07 0.0905688 28
0.036523 1.83777e-07 0.0905688 28
0.036523 1.83775e-07 0.0905689 28
0.036523 1.83011e-07 0.0905689 28
0.036523 1.82965e-07 0.0905689 28
0.036523 1.82956e-07 0.0905689 28
0.036523 1.82956e-07 0.0905689 28
0.036523 1.82948e-07 0.0905689 28
0.036523 1.82943e-07 0.0905689 28
0.036523 1.82942e-07 0.0905689 28
0.036523 1.82933e-07 0.0905689 28
0.036523 1.79262e-07 0.0905689 28
0.036523 1.79034e-07 0.0905689 28
0.036523 1.79012e-07 0.0905689 28
0.036523 1.79011e-07 0.0905689 28
0.036523 1.79008e-07 0.0905689 28
0.036523 1.79009e-07 0.0905689 28
0.036523 1.79003e-07 0.0905689 28
0.036523 1.78995e-07 0.0905689 28
0.036523 1.78992e-07 0.0905689 28
0.036523 1.78985e-07 0.0905689 28
0.036523 1.78983e-07 0.0905689 28
0.036523 1.78978e-07 0.0905689 28
0.036523 1.78973e-07 0.0905689 28
0.036523 1.78973e-07 0.0905689 28
0.036523 1.7897e-07 0.0905689 28
0.036523 1.78968e-07 0.0905689 28
0.036523 1.78964e-07 0.0905689 28
0.036523 1.76911e-07 0.0905689 28
0.036523 1.76786e-07 0.0905689 28
0.036523 1.76771e-07 0.0905689 28
0.036523 1.76768e-07 0.0905689 28
0.036523 1.76766e-07 0.0905689 28
0.036523 1.7676e-07 0.0905689 28
0.036523 1.76752e-07 0.0905689 28
0.036523 1.76747e-07 0.0905689 28
0.036523 1.76747e-07 0.0905689 28
0.036523 1.76736e-07 0.0905689 28
0.036523 1.76733e-07 0.0905689 28
0.036523 1.76729e-07 0.0905689 28
0.036523 1.76723e-07 0.090569 28
0.036523 1.85221e-07 0.090569 28
0.036523 1.8573e-07 0.090569 28
0.036523 1.85764e-07 0.090569 28
0.0365231 1.81152e-07 0.090569 28
0.0365231 1.80865e-07 0.090569 28
0.0365231 1.80845e-07 0.090569 28
0.0365231 1.80838e-07 0.090569 28
0.0365231 1.80839e-07 0.090569 28
0.0365231 1.8084e-07 0.090569 28
0.0365231 1.80832e-07 0.090569 28
0.0365231 1.80833e-07 0.090569 28
0.0365231 1.80826e-07 0.090569 28
0.0365231 1.80819e-07 0.090569 28
0.0365231 1.8082e-07 0.090569 28
0.0365231 1.80815e-07 0.090569 28
0.0365231 1.80816e-07 0.090569 28
0.0365231 1.8081e-07 0.090569 28
0.0365231 1.80808e-07 0.090569 28
0.0365231 1.80808e-07 0.090569 28
0.0365231 1.80805e-07 0.090569 28
0.0365231 1.80047e-07 0.090569 28
0.0365231 1.79992e-07 0.090569 28
0.0365231 1.79985e-07 0.090569 28
0.0365231 1.79986e-07 0.090569 28
0.0365231 1.79979e-07 0.090569 28
0.0365231 1.7998e-07 0.090569 28
0.0365231 1.79977e-07 0.090569 28
0.0365231 1.79975e-07 0.090569 28
0.0365231 1.76306e-07 0.090569 28
0.0365231 1.76078e-07 0.090569 28
0.0365231 1.76065e-07 0.090569 28
0.0365231 1.76057e-07 0.090569 28
0.0365231 1.7605e-07 0.090569 28
0.0365231 1.76051e-07 0.090569 28
0.0365231 1.76046e-07 0.090569 28
0.0365231 1.76045e-07 0.090569 28
0.0365231 1.7604e-07 0.090569 28
0.0365231 1.76036e-07 0.090569 28
0.0365231 1.76037e-07 0.090569 28
0.0365231 1.7603e-07 0.090569 28
0.0365231 1.76031e-07 0.090569 28
0.0365231 1.76028e-07 0.090569 28
0.0365231 1.76026e-07 0.090569 28
0.0365231 1.76021e-07 0.090569 28
0.0365231 1.76013e-07 0.090569 28
0.0365231 1.76014e-07 0.090569 28
0.0365231 1.76012e-07 0.090569 28
0.0365231 1.76005e-07 0.090569 28
0.0365231 1.76006e-07 0.090569 28
0.0365231 1.75997e-07 0.090569 28
0.0365231 1.75998e-07 0.090569 28
0.0365231 1.75992e-07 0.090569 28
0.0365231 1.75988e-07 0.090569 28
0.0365231 1.7599e-07 0.090569 28
0.0365231 1.75988e-07 0.090569 28
0.0365231 1.75988e-07 0.090569 28
0.0365231 1.75983e-07 0.090569 28
0.0365231 1.7598e-07 0.0905691 28
0.0365231 1.7598e-07 0.0905691 28
0.0365232 1.75968e-07 0.0905691 28
0.0365232 1.75969e-07 0.0905691 28
0.0365232 1.75967e-07 0.0905691 28
0.0365232 1.75965e-07 0.0905691 28
0.0365232 1.75963e-07 0.0905691 28
0.0365232 1.73651e-07 0.0905691 28
0.0365232 1.73509e-07 0.0905691 28
0.0365232 1.73495e-07 0.0905691 28
0.0365232 1.73488e-07 0.0905691 28
0.0365232 1.73489e-07 0.0905691 28
0.0365232 1.73482e-07 0.0905691 28
0.0365232 1.73478e-07 0.0905691 28
0.0365232 1.73476e-07 0.0905691 28
0.0365232 1.73475e-07 0.0905691 28
0.0365232 1.73476e-07 0.0905691 28
0.0365232 1.73468e-07 0.0905691 28
0.0365232 1.73469e-07 0.0905691 28
0.0365232 1.73461e-07 0.0905691 28
0.0365232 1.73458e-07 0.0905691 28
0.0365232 1.73458e-07 0.0905691 28
0.0365232 1.73456e-07 0.0905691 28
0.0365232 1.73456e-07 0.0905691 28
0.0365232 1.73449e-07 0.0905691 28
0.0365232 1.73445e-07 0.0905691 28
0.0365232 1.73446e-07 0.0905691 28
0.0365232 1.73443e-07 0.0905691 28
0.0365232 1.73444e-07 0.0905691 28
0.0365232 1.73434e-07 0.0905691 28
0.0365232 1.72409e-07 0.0905691 28
0.0365232 1.72348e-07 0.0905691 28
0.0365232 1.72342e-07 0.0905691 28
0.0365232 1.72338e-07 0.0905691 28
0.0365232 1.72333e-07 0.0905691 28
0.0365232 1.72329e-07 0.0905691 28
0.0365232 1.72331e-07 0.0905691 28
0.0365232 1.72323e-07 0.0905691 28
0.0365232 1.72324e-07 0.0905691 28
0.0365232 1.72319e-07 0.0905691 28
0.0365232 1.72314e-07 0.0905691 28
0.0365232 1.72309e-07 0.0905691 28
0.0365232 1.7231e-07 0.0905691 28
0.0365232 1.72312e-07 0.0905691 28
0.0365232 1.72303e-07 0.0905691 28
0.0365232 1.72299e-07 0.0905691 28
0.0365232 1.72295e-07 0.0905691 28
0.0365232 1.72297e-07 0.0905691 28
0.0365232 1.72295e-07 0.0905691 28
0.0365232 1.72292e-07 0.0905691 28
0.0365232 1.7229e-07 0.0905691 28
0.0365232 1.72283e-07 0.0905691 28
0.0365232 1.72282e-07 0.0905691 28
0.0365232 1.72283e-07 0.0905691 28
0.0365232 1.72281e-07 0.0905691 28
0.0365232 1.72279e-07 0.0905691 28
0.0365232 1.72269e-07 0.0905691 28
0.0365232 1.7227e-07 0.0905691 28
0.0365232 1.7227e-07 0.0905692 28
0.0365232 1.72267e-07 0.0905692 28
0.0365233 1.72264e-07 0.0905692 28
0.0365233 1.7226e-07 0.0905692 28
0.0365233 1.72262e-07 0.0905692 28
0.0365233 1.72263e-07 0.0905692 28
0.0365233 1.72257e-07 0.0905692 28
0.0365233 1.72255e-07 0.0905692 28
0.0365233 1.7225e-07 0.0905692 28
0.0365233 1.72252e-07 0.0905692 28
0.0365233 1.72245e-07 0.0905692 28
0.0365233 1.72242e-07 0.0905692 28
0.0365233 1.72242e-07 0.0905692 28
0.0365233 1.72237e-07 0.0905692 28
0.0365233 1.72236e-07 0.0905692 28
0.0365233 1.72238e-07 0.0905692 28
0.0365233 1.72232e-07 0.0905692 28
0.0365233 1.72226e-07 0.0905692 28
0.0365233 1.72222e-07 0.0905692 28
0.0365233 1.72224e-07 0.0905692 28
0.0365233 1.72226e-07 0.0905692 28
0.0365233 1.72217e-07 0.0905692 28
0.0365233 1.72213e-07 0.0905692 28
0.0365233 1.72212e-07 0.0905692 28
0.0365233 1.72214e-07 0.0905692 28
0.0365233 1.72212e-07 0.0905692 28
0.0365233 1.72206e-07 0.0905692 28
0.0365233 1.72205e-07 0.0905692 28
0.0365233 1.722e-07 0.0905692 28
0.0365233 1.722e-07 0.0905692 28
0.0365233 1.72203e-07 0.0905692 28
0.0365233 1.72199e-07 0.0905692 28
0.0365233 1.72196e-07 0.0905692 28
0.0365233 1.72188e-07 0.0905692 28
0.0365233 1.7219e-07 0.0905692 28
0.0365233 1.72192e-07 0.0905692 28
0.0365233 1.72188e-07 0.0905692 28
0.0365233 1.72184e-07 0.0905692 28
0.0365233 1.7218e-07 0.0905692 28
0.0365233 1.72182e-07 0.0905692 28
0.0365233 1.72184e-07 0.0905692 28
0.0365233 1.72179e-07 0.0905692 28
0.0365233 1.72175e-07 0.0905692 28
0.0365233 1.72171e-07 0.0905692 28
0.0365233 1.72173e-07 0.0905692 28
0.0365233 1.72172e-07 0.0905692 28
0.0365233 1.72167e-07 0.0905692 28
0.0365233 1.72165e-07 0.0905692 28
0.0365233 1.72158e-07 0.0905692 28
0.0365233 1.72158e-07 0.0905692 28
0.0365233 1.7216e-07 0.0905692 28
0.0365233 1.72158e-07 0.0905692 28
0.0365233 1.72153e-07 0.0905692 28
0.0365233 1.7215e-07 0.0905692 28
0.0365233 1.72153e-07 0.0905692 28
0.0365233 1.72156e-07 0.0905692 28
0.0365233 1.72147e-07 0.0905692 28
0.0365233 1.72144e-07 0.0905692 28
0.0365233 1.72141e-07 0.0905693 28
0.0365233 1.72143e-07 0.0905693 28
0.0365234 1.72141e-07 0.0905693 28
0.0365234 1.72137e-07 0.0905693 28
0.0365234 1.72136e-07 0.0905693 28
0.0365234 1.72132e-07 0.0905693 28
0.0365234 1.7213e-07 0.0905693 28
0.0365234 1.72132e-07 0.0905693 28
0.0365234 1.72127e-07 0.0905693 28
0.0365234 1.72126e-07 0.0905693 28
0.0365234 1.7212e-07 0.0905693 28
0.0365234 1.72122e-07 0.0905693 28
0.0365234 1.72125e-07 0.0905693 28
0.0365234 1.72122e-07 0.0905693 28
0.0365234 1.72115e-07 0.0905693 28
0.0365234 1.72114e-07 0.0905693 28
0.0365234 1.76826e-07 0.0905693 28
0.0365234 1.77116e-07 0.0905693 28
0.0365234 1.77126e-07 0.0905693 28
0.0365234 1.77127e-07 0.0905693 28
0.0365234 1.77125e-07 0.0905693 28
0.0365234 1.76373e-07 0.0905693 28
0.0365234 1.7633e-07 0.0905693 28
0.0365234 1.76325e-07 0.0905693 28
0.0365234 1.76321e-07 0.0905693 28
0.0365234 1.68983e-07 0.0905693 28
0.0365234 1.75864e-07 0.0905693 28
0.0365234 1.68959e-07 0.0905693 28
0.0365234 1.68533e-07 0.0905693 28
0.0365234 1.68505e-07 0.0905693 28
0.0365234 1.75827e-07 0.0905693 28
0.0365234 1.68952e-07 0.0905693 28
0.0365234 1.68526e-07 0.0905693 28
0.0365234 1.68498e-07 0.0905693 28
0.0365234 1.75825e-07 0.0905693 28
0.0365234 1.68939e-07 0.0905693 28
0.0365234 1.68519e-07 0.0905693 28
0.0365234 1.68486e-07 0.0905693 28
0.0365234 1.75818e-07 0.0905693 28
0.0365234 1.68934e-07 0.0905693 28
0.0365234 1.68509e-07 0.0905693 28
0.0365234 1.68482e-07 0.0905693 28
0.0365234 1.75803e-07 0.0905693 28
0.0365234 1.68922e-07 0.0905693 28
0.0365234 1.685e-07 0.0905693 28
0.0365234 1.68465e-07 0.0905693 28
0.0365234 1.75793e-07 0.0905693 28
0.0365234 1.68912e-07 0.0905693 28
0.0365234 1.68493e-07 0.0905693 28
0.0365234 1.68465e-07 0.0905693 28
0.0365234 1.75792e-07 0.0905693 28
0.0365234 1.68913e-07 0.0905693 28
0.0365234 1.68482e-07 0.0905693 28
0.0365234 1.68458e-07 0.0905693 28
0.0365234 1.75786e-07 0.0905693 28
0.0365234 1.68903e-07 0.0905693 28
0.0365234 1.68483e-07 0.0905693 28
0.0365234 1.68455e-07 0.0905694 28
0.0365234 1.75783e-07 0.0905694 28
0.0365234 1.68903e-07 0.0905694 28
0.0365235 1.68472e-07 0.0905694 28
0.0365235 1.68449e-07 0.0905694 28
0.0365235 1.75769e-07 0.0905694 28
0.0365235 1.68891e-07 0.0905694 28
0.0365235 1.68463e-07 0.0905694 28
0.0365235 1.75764e-07 0.0905694 28
0.0365235 1.68885e-07 0.0905694 28
0.0365235 1.68459e-07 0.0905694 28
0.0365235 1.68431e-07 0.0905694 28
0.0365235 1.75761e-07 0.0905694 28
0.0365235 1.68876e-07 0.0905694 28
0.0365235 1.68457e-07 0.0905694 28
0.0365235 1.68425e-07 0.0905694 28
0.0365235 1.75752e-07 0.0905694 28
0.0365235 1.68876e-07 0.0905694 28
0.0365235 1.68451e-07 0.0905694 28
0.0365235 1.68423e-07 0.0905694 28
0.0365235 1.75748e-07 0.0905694 28
0.0365235 1.68868e-07 0.0905694 28
0.0365235 1.68446e-07 0.0905694 28
0.0365235 1.75739e-07 0.0905694 28
0.0365235 1.6886e-07 0.0905694 28
0.0365235 1.68437e-07 0.0905694 28
0.0365235 1.68409e-07 0.0905694 28
0.0365235 1.75739e-07 0.0905694 28
0.0365235 1.68851e-07 0.0905694 28
0.0365235 1.68431e-07 0.0905694 28
0.0365235 1.68396e-07 0.0905694 28
0.0365235 1.75726e-07 0.0905694 28
0.0365235 1.68849e-07 0.0905694 28
0.0365235 1.68425e-07 0.0905694 28
0.0365235 1.75727e-07 0.0905694 28
0.0365235 1.68841e-07 0.0905694 28
0.0365235 1.68418e-07 0.0905694 28
0.0365235 1.68395e-07 0.0905694 28
0.0365235 1.75711e-07 0.0905694 28
0.0365235 1.68831e-07 0.0905694 28
0.0365235 1.68408e-07 0.0905694 28
0.0365235 1.68385e-07 0.0905694 28
0.0365235 1.75712e-07 0.0905694 28
0.0365235 1.68825e-07 0.0905694 28
0.0365235 1.68406e-07 0.0905694 28
0.0365235 1.75708e-07 0.0905694 28
0.0365235 1.68825e-07 0.0905694 28
0.0365235 1.68407e-07 0.0905694 28
0.0365235 1.68374e-07 0.0905694 28
0.0365235 1.75706e-07 0.0905694 28
0.0365235 1.68819e-07 0.0905694 28
0.0365235 1.684e-07 0.0905694 28
0.0365235 1.68377e-07 0.0905694 28
0.0365235 1.757e-07 0.0905694 28
0.0365235 1.68818e-07 0.0905694 28
0.0365235 1.68392e-07 0.0905694 28
0.0365235 1.75697e-07 0.0905694 28
0.0365235 1.68815e-07 0.0905694 28
0.0365235 1.68384e-07 0.0905694 28
0.0365235 1.68358e-07 0.0905695 28
0.0365235 1.75684e-07 0.0905695 28
0.0365235 1.68802e-07 0.0905695 28
0.0365236 1.68384e-07 0.0905695 28
0.0365236 1.75682e-07 0.0905695 28
0.0365236 1.68799e-07 0.0905695 28
0.0365236 1.68371e-07 0.0905695 28
0.0365236 1.68348e-07 0.0905695 28
0.0365236 1.75677e-07 0.0905695 28
0.0365236 1.68797e-07 0.0905695 28
0.0365236 1.68373e-07 0.0905695 28
0.0365236 1.68342e-07 0.0905695 28
0.0365236 1.75672e-07 0.0905695 28
0.0365236 1.68792e-07 0.0905695 28
0.0365236 1.68366e-07 0.0905695 28
0.0365236 1.75673e-07 0.0905695 28
0.0365236 1.68787e-07 0.0905695 28
0.0365236 1.68368e-07 0.0905695 28
0.0365236 1.68337e-07 0.0905695 28
0.0365236 1.75661e-07 0.0905695 28
0.0365236 1.68782e-07 0.0905695 28
0.0365236 1.68359e-07 0.0905695 28
0.0365236 1.7566e-07 0.0905695 28
0.0365236 1.68777e-07 0.0905695 28
0.0365236 1.68354e-07 0.0905695 28
0.0365236 1.6833e-07 0.0905695 28
0.0365236 1.75649e-07 0.0905695 28
0.0365236 1.6877e-07 0.0905695 28
0.0365236 1.68346e-07 0.0905695 28
0.0365236 1.75647e-07 0.0905695 28
0.0365236 1.68767e-07 0.0905695 28
0.0365236 1.68342e-07 0.0905695 28
0.0365236 1.68319e-07 0.0905695 28
0.0365236 1.75642e-07 0.0905695 28
0.0365236 1.68756e-07 0.0905695 28
0.0365236 1.68337e-07 0.0905695 28
0.0365236 1.75639e-07 0.0905695 28
0.0365236 1.68757e-07 0.0905695 28
0.0365236 1.68333e-07 0.0905695 28
0.0365236 1.68308e-07 0.0905695 28
0.0365236 1.7564e-07 0.0905695 28
0.0365236 1.68753e-07 0.0905695 28
0.0365236 1.68334e-07 0.0905695 28
0.0365236 1.75636e-07 0.0905695 28
0.0365236 1.68751e-07 0.0905695 28
0.0365236 1.6833e-07 0.0905695 28
0.0365236 1.68298e-07 0.0905695 28
0.0365236 1.75629e-07 0.0905695 28
0.0365236 1.68747e-07 0.0905695 28
0.0365236 1.68319e-07 0.0905695 28
0.0365236 1.75623e-07 0.0905695 28
0.0365236 1.68738e-07 0.0905695 28
0.0365236 1.6832e-07 0.0905695 28
0.0365236 1.68284e-07 0.0905695 28
0.0365236 1.75609e-07 0.0905695 28
0.0365236 1.68732e-07 0.0905695 28
0.0365236 1.68309e-07 0.0905695 28
0.0365236 1.75614e-07 0.0905695 28
0.0365236 1.68732e-07 0.0905695 28
0.0365236 1.6831e-07 0.0905696 28
0.0365236 1.68282e-07 0.0905696 28
0.0365236 1.75606e-07 0.0905696 28
0.0365237 1.68729e-07 0.0905696 28
0.0365237 1.68304e-07 0.0905696 28
0.0365237 1.75607e-07 0.0905696 28
0.0365237 1.68725e-07 0.0905696 28
0.0365237 1.68302e-07 0.0905696 28
0.0365237 1.7561e-07 0.0905696 28
0.0365237 1.68721e-07 0.0905696 28
0.0365237 1.68298e-07 0.0905696 28
0.0365237 1.68275e-07 0.0905696 28
0.0365237 1.75601e-07 0.0905696 28
0.0365237 1.6872e-07 0.0905696 28
0.0365237 1.68296e-07 0.0905696 28
0.0365237 1.75597e-07 0.0905696 28
0.0365237 1.68716e-07 0.0905696 28
0.0365237 1.68291e-07 0.0905696 28
0.0365237 1.68269e-07 0.0905696 28
0.0365237 1.75591e-07 0.0905696 28
0.0365237 1.6871e-07 0.0905696 28
0.0365237 1.68289e-07 0.0905696 28
0.0365237 1.75587e-07 0.0905696 28
0.0365237 1.68705e-07 0.0905696 28
0.0365237 1.68283e-07 0.0905696 28
0.0365237 1.68256e-07 0.0905696 28
0.0365237 1.75584e-07 0.0905696 28
0.0365237 1.68702e-07 0.0905696 28
0.0365237 1.68284e-07 0.0905696 28
0.0365237 1.7558e-07 0.0905696 28
0.0365237 1.68696e-07 0.0905696 28
0.0365237 1.68277e-07 0.0905696 28
0.0365237 1.75574e-07 0.0905696 28
0.0365237 1.68694e-07 0.0905696 28
0.0365237 1.68272e-07 0.0905696 28
0.0365237 1.68245e-07 0.0905696 28
0.0365237 1.75574e-07 0.0905696 28
0.0365237 1.6869e-07 0.0905696 28
0.0365237 1.6827e-07 0.0905696 28
0.0365237 1.75572e-07 0.0905696 28
0.0365237 1.68685e-07 0.0905696 28
0.0365237 1.68265e-07 0.0905696 28
0.0365237 1.68237e-07 0.0905696 28
0.0365237 1.75566e-07 0.0905696 28
0.0365237 1.68683e-07 0.0905696 28
0.0365237 1.68262e-07 0.0905696 28
0.0365237 1.7557e-07 0.0905696 28
0.0365237 1.68682e-07 0.0905696 28
0.0365237 1.68258e-07 0.0905696 28
0.0365237 1.75556e-07 0.0905696 28
0.0365237 1.68674e-07 0.0905696 28
0.0365237 1.68256e-07 0.0905696 28
0.0365237 1.68228e-07 0.0905696 28
0.0365237 1.75558e-07 0.0905696 28
0.0365237 1.68676e-07 0.0905696 28
0.0365237 1.68254e-07 0.0905696 28
0.0365237 1.75557e-07 0.0905696 28
0.0365237 1.68667e-07 0.0905696 28
0.0365237 1.68249e-07 0.0905697 28
0.0365237 1.75555e-07 0.0905697 28
0.0365237 1.68669e-07 0.0905697 28
0.0365238 1.68251e-07 0.0905697 28
0.0365238 1.6822e-07 0.0905697 28
0.0365238 1.7555e-07 0.0905697 28
0.0365238 1.68662e-07 0.0905697 28
0.0365238 1.68238e-07 0.0905697 28
0.0365238 1.75539e-07 0.0905697 28
0.0365238 1.68659e-07 0.0905697 28
0.0365238 1.68241e-07 0.0905697 28
0.0365238 1.68212e-07 0.0905697 28
0.0365238 1.76292e-07 0.0905697 28
0.0365238 1.68695e-07 0.0905697 28
0.0365238 1.68234e-07 0.0905697 28
0.0365238 1.75538e-07 0.0905697 28
0.0365238 1.68651e-07 0.0905697 28
0.0365238 1.68224e-07 0.0905697 28
0.0365238 1.68194e-07 0.0905697 28
0.0365238 1.7628e-07 0.0905697 28
0.0365238 1.68695e-07 0.0905697 28
0.0365238 1.68228e-07 0.0905697 28
0.0365238 1.75528e-07 0.0905697 28
0.0365238 1.68646e-07 0.0905697 28
0.0365238 1.68228e-07 0.0905697 28
0.0365238 1.68201e-07 0.0905697 28
0.0365238 1.76277e-07 0.0905697 28
0.0365238 1.68687e-07 0.0905697 28
0.0365238 1.68223e-07 0.0905697 28
0.0365238 1.75526e-07 0.0905697 28
0.0365238 1.68646e-07 0.0905697 28
0.0365238 1.6822e-07 0.0905697 28
0.0365238 1.68192e-07 0.0905697 28
0.0365238 1.76269e-07 0.0905697 28
0.0365238 1.68684e-07 0.0905697 28
0.0365238 1.68223e-07 0.0905697 28
0.0365238 1.75517e-07 0.0905697 28
0.0365238 1.68634e-07 0.0905697 28
0.0365238 1.6821e-07 0.0905697 28
0.0365238 1.68186e-07 0.0905697 28
0.0365238 1.7627e-07 0.0905697 28
0.0365238 1.68674e-07 0.0905697 28
0.0365238 1.68209e-07 0.0905697 28
0.0365238 1.75512e-07 0.0905697 28
0.0365238 1.68627e-07 0.0905697 28
0.0365238 1.68208e-07 0.0905697 28
0.0365238 1.68178e-07 0.0905697 28
0.0365238 1.76258e-07 0.0905697 28
0.0365238 1.68665e-07 0.0905697 28
0.0365238 1.68204e-07 0.0905697 28
0.0365238 1.76261e-07 0.0905697 28
0.0365238 1.68671e-07 0.0905697 28
0.0365238 1.68204e-07 0.0905697 28
0.0365238 1.68169e-07 0.0905697 28
0.0365238 1.76254e-07 0.0905697 28
0.0365238 1.68665e-07 0.0905697 28
0.0365238 1.68197e-07 0.0905697 28
0.0365238 1.68166e-07 0.0905697 28
0.0365238 1.76248e-07 0.0905697 28
0.0365238 1.6866e-07 0.0905698 28
0.0365238 1.68197e-07 0.0905698 28
0.0365238 1.76252e-07 0.0905698 28
0.0365239 1.68657e-07 0.0905698 28
0.0365239 1.6819e-07 0.0905698 28
0.0365239 1.68163e-07 0.0905698 28
0.0365239 1.7625e-07 0.0905698 28
0.0365239 1.68657e-07 0.0905698 28
0.0365239 1.68192e-07 0.0905698 28
0.0365239 1.76241e-07 0.0905698 28
0.0365239 1.68652e-07 0.0905698 28
0.0365239 1.6819e-07 0.0905698 28
0.0365239 1.68157e-07 0.0905698 28
0.0365239 1.76241e-07 0.0905698 28
0.0365239 1.68646e-07 0.0905698 28
0.0365239 1.68185e-07 0.0905698 28
0.0365239 1.68156e-07 0.0905698 28
0.0365239 1.76235e-07 0.0905698 28
0.0365239 1.68653e-07 0.0905698 28
0.0365239 1.68181e-07 0.0905698 28
0.0365239 1.76237e-07 0.0905698 28
0.0365239 1.68643e-07 0.0905698 28
0.0365239 1.68173e-07 0.0905698 28
0.0365239 1.68148e-07 0.0905698 28
0.0365239 1.76223e-07 0.0905698 28
0.0365239 1.68635e-07 0.0905698 28
0.0365239 1.68173e-07 0.0905698 28
0.0365239 1.68898e-07 0.0905698 28
0.0365239 1.76272e-07 0.0905698 28
0.0365239 1.68631e-07 0.0905698 28
0.0365239 1.68166e-07 0.0905698 28
0.0365239 1.68897e-07 0.0905698 28
0.0365239 1.76266e-07 0.0905698 28
0.0365239 1.68636e-07 0.0905698 28
0.0365239 1.68164e-07 0.0905698 28
0.0365239 1.7622e-07 0.0905698 28
0.0365239 1.6863e-07 0.0905698 28
0.0365239 1.68162e-07 0.0905698 28
0.0365239 1.68137e-07 0.0905698 28
0.0365239 1.76206e-07 0.0905698 28
0.0365239 1.68621e-07 0.0905698 28
0.0365239 1.6816e-07 0.0905698 28
0.0365239 1.68883e-07 0.0905698 28
0.0365239 1.76252e-07 0.0905698 28
0.0365239 1.68623e-07 0.0905698 28
0.0365239 1.68157e-07 0.0905698 28
0.0365239 1.68887e-07 0.0905698 28
0.0365239 1.76252e-07 0.0905698 28
0.0365239 1.68622e-07 0.0905698 28
0.0365239 1.68149e-07 0.0905698 28
0.0365239 1.68878e-07 0.0905698 28
0.0365239 1.76249e-07 0.0905698 28
0.0365239 1.68621e-07 0.0905698 28
0.0365239 1.68158e-07 0.0905698 28
0.0365239 1.76206e-07 0.0905698 28
0.0365239 1.68614e-07 0.0905698 28
0.0365239 1.68145e-07 0.0905698 28
0.0365239 1.68117e-07 0.0905698 28
0.0365239 1.76204e-07 0.0905699 28
0.0365239 1.68609e-07 0.0905699 28
0.0365239 1.68143e-07 0.0905699 28
0.0365239 1.68867e-07 0.0905699 28
0.036524 1.76245e-07 0.0905699 28
0.036524 1.6861e-07 0.0905699 28
0.036524 1.68136e-07 0.0905699 28
0.036524 1.68865e-07 0.0905699 28
0.036524 1.76235e-07 0.0905699 28
0.036524 1.68603e-07 0.0905699 28
0.036524 1.68139e-07 0.0905699 28
0.036524 1.76189e-07 0.0905699 28
0.036524 1.68598e-07 0.0905699 28
0.036524 1.68133e-07 0.0905699 28
0.036524 1.68862e-07 0.0905699 28
0.036524 1.76238e-07 0.0905699 28
0.036524 1.68593e-07 0.0905699 28
0.036524 1.68127e-07 0.0905699 28
0.036524 1.68853e-07 0.0905699 28
0.036524 1.76229e-07 0.0905699 28
0.036524 1.68596e-07 0.0905699 28
0.036524 1.68124e-07 0.0905699 28
0.036524 1.68854e-07 0.0905699 28
0.036524 1.76223e-07 0.0905699 28
0.036524 1.6859e-07 0.0905699 28
0.036524 1.68126e-07 0.0905699 28
0.036524 1.68844e-07 0.0905699 28
0.036524 1.76219e-07 0.0905699 28
0.036524 1.68586e-07 0.0905699 28
0.036524 1.68123e-07 0.0905699 28
0.036524 1.68853e-07 0.0905699 28
0.036524 1.76218e-07 0.0905699 28
0.036524 1.68584e-07 0.0905699 28
0.036524 1.68114e-07 0.0905699 28
0.036524 1.76174e-07 0.0905699 28
0.036524 1.68584e-07 0.0905699 28
0.036524 1.68113e-07 0.0905699 28
0.036524 1.68841e-07 0.0905699 28
0.036524 1.76212e-07 0.0905699 28
0.036524 1.68579e-07 0.0905699 28
0.036524 1.68112e-07 0.0905699 28
0.036524 1.68833e-07 0.0905699 28
0.036524 1.7621e-07 0.0905699 28
0.036524 1.68574e-07 0.0905699 28
0.036524 1.68108e-07 0.0905699 28
0.036524 1.68838e-07 0.0905699 28
0.036524 1.76202e-07 0.0905699 28
0.036524 1.68573e-07 0.0905699 28
0.036524 1.68103e-07 0.0905699 28
0.036524 1.68833e-07 0.0905699 28
0.036524 1.76208e-07 0.0905699 28
0.036524 1.68565e-07 0.0905699 28
0.036524 1.681e-07 0.0905699 28
0.036524 1.76151e-07 0.0905699 28
0.036524 1.68562e-07 0.0905699 28
0.036524 1.68098e-07 0.0905699 28
0.036524 1.6882e-07 0.0905699 28
0.036524 1.76197e-07 0.0905699 28
0.036524 1.68559e-07 0.09057 28
0.036524 1.68093e-07 0.09057 28
0.036524 1.68824e-07 0.09057 28
0.036524 1.76191e-07 0.09057 28
0.0365241 1.68564e-07 0.09057 28
0.0365241 1.68087e-07 0.09057 28
0.0365241 1.68817e-07 0.09057 28
0.0365241 1.76192e-07 0.09057 28
0.0365241 1.68554e-07 0.09057 28
0.0365241 1.68087e-07 0.09057 28
0.0365241 1.76139e-07 0.09057 28
0.0365241 1.68552e-07 0.09057 28
0.0365241 1.68091e-07 0.09057 28
0.0365241 1.68814e-07 0.09057 28
0.0365241 1.76188e-07 0.09057 28
0.0365241 1.6855e-07 0.09057 28
0.0365241 1.68083e-07 0.09057 28
0.0365241 1.68814e-07 0.09057 28
0.0365241 1.7618e-07 0.09057 28
0.0365241 1.68553e-07 0.09057 28
0.0365241 1.68079e-07 0.09057 28
0.0365241 1.68809e-07 0.09057 28
0.0365241 1.76187e-07 0.09057 28
0.0365241 1.68543e-07 0.09057 28
0.0365241 1.68075e-07 0.09057 28
0.0365241 1.68797e-07 0.09057 28
0.0365241 1.76175e-07 0.09057 28
0.0365241 1.68545e-07 0.09057 28
0.0365241 1.68827e-07 0.09057 28
0.0365241 1.68848e-07 0.09057 28
0.0365241 1.76173e-07 0.09057 28
0.0365241 1.6854e-07 0.09057 28
0.0365241 1.68827e-07 0.09057 28
0.0365241 1.68838e-07 0.09057 28
0.0365241 1.76169e-07 0.09057 28
0.0365241 1.68534e-07 0.09057 28
0.0365241 1.68067e-07 0.09057 28
0.0365241 1.68796e-07 0.09057 28
0.0365241 1.76164e-07 0.09057 28
0.0365241 1.68536e-07 0.09057 28
0.0365241 1.6882e-07 0.09057 28
0.0365241 1.68839e-07 0.09057 28
0.0365241 1.76165e-07 0.09057 28
0.0365241 1.68528e-07 0.09057 28
0.0365241 1.68819e-07 0.09057 28
0.0365241 1.68837e-07 0.09057 28
0.0365241 1.76167e-07 0.09057 28
0.0365241 1.68524e-07 0.09057 28
0.0365241 1.68055e-07 0.09057 28
0.0365241 1.68785e-07 0.09057 28
0.0365241 1.76154e-07 0.09057 28
0.0365241 1.68521e-07 0.09057 28
0.0365241 1.68805e-07 0.09057 28
0.0365241 1.68824e-07 0.09057 28
0.0365241 1.76157e-07 0.09057 28
0.0365241 1.68518e-07 0.09057 28
0.0365241 1.68811e-07 0.09057 28
0.0365241 1.68827e-07 0.09057 28
0.0365241 1.76156e-07 0.09057 28
0.0365241 1.6852e-07 0.0905701 28
0.0365241 1.68047e-07 0.0905701 28
0.0365241 1.68778e-07 0.0905701 28
0.0365241 1.76154e-07 0.0905701 28
0.0365242 1.68512e-07 0.0905701 28
0.0365242 1.68803e-07 0.0905701 28
0.0365242 1.68818e-07 0.0905701 28
0.0365242 1.76153e-07 0.0905701 28
0.0365242 1.68511e-07 0.0905701 28
0.0365242 1.68796e-07 0.0905701 28
0.0365242 1.68817e-07 0.0905701 28
0.0365242 1.76142e-07 0.0905701 28
0.0365242 1.68509e-07 0.0905701 28
0.0365242 1.6804e-07 0.0905701 28
0.0365242 1.68767e-07 0.0905701 28
0.0365242 1.7614e-07 0.0905701 28
0.0365242 1.68501e-07 0.0905701 28
0.0365242 1.68793e-07 0.0905701 28
0.0365242 1.68807e-07 0.0905701 28
0.0365242 1.76136e-07 0.0905701 28
0.0365242 1.68503e-07 0.0905701 28
0.0365242 1.68788e-07 0.0905701 28
0.0365242 1.68809e-07 0.0905701 28
0.0365242 1.76133e-07 0.0905701 28
0.0365242 1.68497e-07 0.0905701 28
0.0365242 1.68788e-07 0.0905701 28
0.0365242 1.68805e-07 0.0905701 28
0.0365242 1.76132e-07 0.0905701 28
0.0365242 1.68496e-07 0.0905701 28
0.0365242 1.68027e-07 0.0905701 28
0.0365242 1.6876e-07 0.0905701 28
0.0365242 1.76124e-07 0.0905701 28
0.0365242 1.68492e-07 0.0905701 28
0.0365242 1.6878e-07 0.0905701 28
0.0365242 1.68798e-07 0.0905701 28
0.0365242 1.7613e-07 0.0905701 28
0.0365242 1.68493e-07 0.0905701 28
0.0365242 1.68785e-07 0.0905701 28
0.0365242 1.688e-07 0.0905701 28
0.0365242 1.76123e-07 0.0905701 28
0.0365242 1.68493e-07 0.0905701 28
0.0365242 1.68777e-07 0.0905701 28
0.0365242 1.68798e-07 0.0905701 28
0.0365242 1.76121e-07 0.0905701 28
0.0365242 1.68481e-07 0.0905701 28
0.0365242 1.68769e-07 0.0905701 28
0.0365242 1.6878e-07 0.0905701 28
0.0365242 1.76114e-07 0.0905701 28
0.0365242 1.68477e-07 0.0905701 28
0.0365242 1.68008e-07 0.0905701 28
0.0365242 1.68738e-07 0.0905701 28
0.0365242 1.76107e-07 0.0905701 28
0.0365242 1.68478e-07 0.0905701 28
0.0365242 1.68767e-07 0.0905701 28
0.0365242 1.68781e-07 0.0905701 28
0.0365242 1.76112e-07 0.0905701 28
0.0365242 1.68476e-07 0.0905701 28
0.0365242 1.68768e-07 0.0905701 28
0.0365242 1.68776e-07 0.0905702 28
0.0365242 1.76106e-07 0.0905702 28
0.0365242 1.68472e-07 0.0905702 28
0.0365242 1.6876e-07 0.0905702 28
0.0365242 1.68779e-07 0.0905702 28
0.0365243 1.76103e-07 0.0905702 28
0.0365243 1.68474e-07 0.0905702 28
0.0365243 1.68762e-07 0.0905702 28
0.0365243 1.68772e-07 0.0905702 28
0.0365243 1.76103e-07 0.0905702 28
0.0365243 1.68468e-07 0.0905702 28
0.0365243 1.68759e-07 0.0905702 28
0.0365243 1.6877e-07 0.0905702 28
0.0365243 1.76098e-07 0.0905702 28
0.0365243 1.68463e-07 0.0905702 28
0.0365243 1.68748e-07 0.0905702 28
0.0365243 1.68767e-07 0.0905702 28
0.0365243 1.76094e-07 0.0905702 28
0.0365243 1.68458e-07 0.0905702 28
0.0365243 1.68748e-07 0.0905702 28
0.0365243 1.68761e-07 0.0905702 28
0.0365243 1.76095e-07 0.0905702 28
0.0365243 1.68458e-07 0.0905702 28
0.0365243 1.6874e-07 0.0905702 28
0.0365243 1.6876e-07 0.0905702 28
0.0365243 1.7609e-07 0.0905702 28
0.0365243 1.68458e-07 0.0905702 28
0.0365243 1.68737e-07 0.0905702 28
0.0365243 1.68756e-07 0.0905702 28
0.0365243 1.76091e-07 0.0905702 28
0.0365243 1.68455e-07 0.0905702 28
0.0365243 1.68743e-07 0.0905702 28
0.0365243 1.68755e-07 0.0905702 28
0.0365243 1.76086e-07 0.0905702 28
0.0365243 1.68454e-07 0.0905702 28
0.0365243 1.67979e-07 0.0905702 28
0.0365243 1.68708e-07 0.0905702 28
0.0365243 1.76076e-07 0.0905702 28
0.0365243 1.68448e-07 0.0905702 28
0.0365243 1.68735e-07 0.0905702 28
0.0365243 1.6875e-07 0.0905702 28
0.0365243 1.7608e-07 0.0905702 28
0.0365243 1.68434e-07 0.0905702 28
0.0365243 1.68723e-07 0.0905702 28
0.0365243 1.68744e-07 0.0905702 28
0.0365243 1.76072e-07 0.0905702 28
0.0365243 1.68441e-07 0.0905702 28
0.0365243 1.68722e-07 0.0905702 28
0.0365243 1.68742e-07 0.0905702 28
0.0365243 1.76075e-07 0.0905702 28
0.0365243 1.68433e-07 0.0905702 28
0.0365243 1.68726e-07 0.0905702 28
0.0365243 1.68734e-07 0.0905702 28
0.0365243 1.76068e-07 0.0905702 28
0.0365243 1.68431e-07 0.0905702 28
0.0365243 1.68719e-07 0.0905702 28
0.0365243 1.6874e-07 0.0905702 28
0.0365243 1.76064e-07 0.0905702 28
0.0365243 1.68429e-07 0.0905702 28
0.0365243 1.68717e-07 0.0905703 28
0.0365243 1.6873e-07 0.0905703 28
0.0365243 1.76063e-07 0.0905703 28
0.0365243 1.68421e-07 0.0905703 28
0.0365244 1.68711e-07 0.0905703 28
0.0365244 1.68731e-07 0.0905703 28
0.0365244 1.76061e-07 0.0905703 28
0.0365244 1.68424e-07 0.0905703 28
0.0365244 1.68704e-07 0.0905703 28
0.0365244 1.68723e-07 0.0905703 28
0.0365244 1.76056e-07 0.0905703 28
0.0365244 1.68415e-07 0.0905703 28
0.0365244 1.68707e-07 0.0905703 28
0.0365244 1.68721e-07 0.0905703 28
0.0365244 1.76054e-07 0.0905703 28
0.0365244 1.6842e-07 0.0905703 28
0.0365244 1.68703e-07 0.0905703 28
0.0365244 1.68724e-07 0.0905703 28
0.0365244 1.76048e-07 0.0905703 28
0.0365244 1.68411e-07 0.0905703 28
0.0365244 1.68703e-07 0.0905703 28
0.0365244 1.68719e-07 0.0905703 28
0.0365244 1.76049e-07 0.0905703 28
0.0365244 1.6841e-07 0.0905703 28
0.0365244 1.68702e-07 0.0905703 28
0.0365244 1.68722e-07 0.0905703 28
0.0365244 1.76045e-07 0.0905703 28
0.0365244 1.68413e-07 0.0905703 28
0.0365244 1.68695e-07 0.0905703 28
0.0365244 1.76043e-07 0.0905703 28
0.0365244 1.6841e-07 0.0905703 28
0.0365244 1.67939e-07 0.0905703 28
0.0365244 1.68671e-07 0.0905703 28
0.0365244 1.76037e-07 0.0905703 28
0.0365244 1.68405e-07 0.0905703 28
0.0365244 1.68697e-07 0.0905703 28
0.0365244 1.68709e-07 0.0905703 28
0.0365244 1.76041e-07 0.0905703 28
0.0365244 1.68396e-07 0.0905703 28
0.0365244 1.68687e-07 0.0905703 28
0.0365244 1.68709e-07 0.0905703 28
0.0365244 1.76035e-07 0.0905703 28
0.0365244 1.68403e-07 0.0905703 28
0.0365244 1.68679e-07 0.0905703 28
0.0365244 1.68699e-07 0.0905703 28
0.0365244 1.76032e-07 0.0905703 28
0.0365244 1.68392e-07 0.0905703 28
0.0365244 1.68683e-07 0.0905703 28
0.0365244 1.68697e-07 0.0905703 28
0.0365244 1.76032e-07 0.0905703 28
0.0365244 1.68397e-07 0.0905703 28
0.0365244 1.68683e-07 0.0905703 28
0.0365244 1.68702e-07 0.0905703 28
0.0365244 1.76022e-07 0.0905703 28
0.0365244 1.68388e-07 0.0905703 28
0.0365244 1.6868e-07 0.0905703 28
0.0365244 1.76023e-07 0.0905703 28
0.0365244 1.68391e-07 0.0905703 28
0.0365244 1.68672e-07 0.0905703 28
0.0365244 1.68693e-07 0.0905704 28
0.0365244 1.76025e-07 0.0905704 28
0.0365244 1.68385e-07 0.0905704 28
0.0365244 1.68675e-07 0.0905704 28
0.0365245 1.68685e-07 0.0905704 28
0.0365245 1.76016e-07 0.0905704 28
0.0365245 1.68382e-07 0.0905704 28
0.0365245 1.68669e-07 0.0905704 28
0.0365245 1.6869e-07 0.0905704 28
0.0365245 1.76012e-07 0.0905704 28
0.0365245 1.68377e-07 0.0905704 28
0.0365245 1.68669e-07 0.0905704 28
0.0365245 1.68683e-07 0.0905704 28
0.0365245 1.76016e-07 0.0905704 28
0.0365245 1.6837e-07 0.0905704 28
0.0365245 1.68661e-07 0.0905704 28
0.0365245 1.68679e-07 0.0905704 28
0.0365245 1.76014e-07 0.0905704 28
0.0365245 1.68378e-07 0.0905704 28
0.0365245 1.68659e-07 0.0905704 28
0.0365245 1.6868e-07 0.0905704 28
0.0365245 1.76007e-07 0.0905704 28
0.0365245 1.68372e-07 0.0905704 28
0.0365245 1.68662e-07 0.0905704 28
0.0365245 1.76003e-07 0.0905704 28
0.0365245 1.68368e-07 0.0905704 28
0.0365245 1.68654e-07 0.0905704 28
0.0365245 1.68673e-07 0.0905704 28
0.0365245 1.76006e-07 0.0905704 28
0.0365245 1.68362e-07 0.0905704 28
0.0365245 1.68653e-07 0.0905704 28
0.0365245 1.6867e-07 0.0905704 28
0.0365245 1.75999e-07 0.0905704 28
0.0365245 1.68366e-07 0.0905704 28
0.0365245 1.68646e-07 0.0905704 28
0.0365245 1.68666e-07 0.0905704 28
0.0365245 1.75991e-07 0.0905704 28
0.0365245 1.68358e-07 0.0905704 28
0.0365245 1.68648e-07 0.0905704 28
0.0365245 1.68659e-07 0.0905704 28
0.0365245 1.75994e-07 0.0905704 28
0.0365245 1.6835e-07 0.0905704 28
0.0365245 1.68639e-07 0.0905704 28
0.0365245 1.6866e-07 0.0905704 28
0.0365245 1.7599e-07 0.0905704 28
0.0365245 1.68354e-07 0.0905704 28
0.0365245 1.68642e-07 0.0905704 28
0.0365245 1.75992e-07 0.0905704 28
0.0365245 1.6836e-07 0.0905704 28
0.0365245 1.68639e-07 0.0905704 28
0.0365245 1.68657e-07 0.0905704 28
0.0365245 1.75985e-07 0.0905704 28
0.0365245 1.68352e-07 0.0905704 28
0.0365245 1.68639e-07 0.0905704 28
0.0365245 1.68651e-07 0.0905704 28
0.0365245 1.75982e-07 0.0905704 28
0.0365245 1.68344e-07 0.0905704 28
0.0365245 1.68634e-07 0.0905704 28
0.0365245 1.68655e-07 0.0905705 28
0.0365245 1.75977e-07 0.0905705 28
0.0365245 1.6834e-07 0.0905705 28
0.0365245 1.68623e-07 0.0905705 28
0.0365246 1.68644e-07 0.0905705 28
0.0365246 1.75974e-07 0.0905705 28
0.0365246 1.68332e-07 0.0905705 28
0.0365246 1.68622e-07 0.0905705 28
0.0365246 1.68638e-07 0.0905705 28
0.0365246 1.75972e-07 0.0905705 28
0.0365246 1.68334e-07 0.0905705 28
0.0365246 1.68617e-07 0.0905705 28
0.0365246 1.75968e-07 0.0905705 28
0.0365246 1.68332e-07 0.0905705 28
0.0365246 1.68621e-07 0.0905705 28
0.0365246 1.68643e-07 0.0905705 28
0.0365246 1.75963e-07 0.0905705 28
0.0365246 1.68331e-07 0.0905705 28
0.0365246 1.68615e-07 0.0905705 28
0.0365246 1.68635e-07 0.0905705 28
0.0365246 1.7597e-07 0.0905705 28
0.0365246 1.68327e-07 0.0905705 28
0.0365246 1.68615e-07 0.0905705 28
0.0365246 1.68631e-07 0.0905705 28
0.0365246 1.75966e-07 0.0905705 28
0.0365246 1.68331e-07 0.0905705 28
0.0365246 1.68611e-07 0.0905705 28
0.0365246 1.75959e-07 0.0905705 28
0.0365246 1.68322e-07 0.0905705 28
0.0365246 1.6861e-07 0.0905705 28
0.0365246 1.68629e-07 0.0905705 28
0.0365246 1.75954e-07 0.0905705 28
0.0365246 1.68321e-07 0.0905705 28
0.0365246 1.68602e-07 0.0905705 28
0.0365246 1.68623e-07 0.0905705 28
0.0365246 1.75958e-07 0.0905705 28
0.0365246 1.68313e-07 0.0905705 28
0.0365246 1.68602e-07 0.0905705 28
0.0365246 1.68618e-07 0.0905705 28
0.0365246 1.75951e-07 0.0905705 28
0.0365246 1.6832e-07 0.0905705 28
0.0365246 1.68602e-07 0.0905705 28
0.0365246 1.75951e-07 0.0905705 28
0.0365246 1.68311e-07 0.0905705 28
0.0365246 1.68602e-07 0.0905705 28
0.0365246 1.68619e-07 0.0905705 28
0.0365246 1.75943e-07 0.0905705 28
0.0365246 1.6831e-07 0.0905705 28
0.0365246 1.68594e-07 0.0905705 28
0.0365246 1.68614e-07 0.0905705 28
0.0365246 1.75948e-07 0.0905705 28
0.0365246 1.68303e-07 0.0905705 28
0.0365246 1.68595e-07 0.0905705 28
0.0365246 1.68609e-07 0.0905705 28
0.0365246 1.75939e-07 0.0905705 28
0.0365246 1.68309e-07 0.0905705 28
0.0365246 1.68597e-07 0.0905705 28
0.0365246 1.75937e-07 0.0905705 28
0.0365246 1.68301e-07 0.0905706 28
0.0365246 1.68589e-07 0.0905706 28
0.0365246 1.68602e-07 0.0905706 28
0.0365246 1.75936e-07 0.0905706 28
0.0365246 1.68301e-07 0.0905706 28
0.0365247 1.68585e-07 0.0905706 28
0.0365247 1.68601e-07 0.0905706 28
0.0365247 1.7593e-07 0.0905706 28
0.0365247 1.68296e-07 0.0905706 28
0.0365247 1.68586e-07 0.0905706 28
0.0365247 1.75928e-07 0.0905706 28
0.0365247 1.68296e-07 0.0905706 28
0.0365247 1.6858e-07 0.0905706 28
0.0365247 1.68601e-07 0.0905706 28
0.0365247 1.75929e-07 0.0905706 28
0.0365247 1.68292e-07 0.0905706 28
0.0365247 1.68583e-07 0.0905706 28
0.0365247 1.68598e-07 0.0905706 28
0.0365247 1.7593e-07 0.0905706 28
0.0365247 1.68294e-07 0.0905706 28
0.0365247 1.68577e-07 0.0905706 28
0.0365247 1.68598e-07 0.0905706 28
0.0365247 1.75918e-07 0.0905706 28
0.0365247 1.68288e-07 0.0905706 28
0.0365247 1.68572e-07 0.0905706 28
0.0365247 1.75914e-07 0.0905706 28
0.0365247 1.68279e-07 0.0905706 28
0.0365247 1.68566e-07 0.0905706 28
0.0365247 1.68587e-07 0.0905706 28
0.0365247 1.75916e-07 0.0905706 28
0.0365247 1.68274e-07 0.0905706 28
0.0365247 1.68565e-07 0.0905706 28
0.0365247 1.68582e-07 0.0905706 28
0.0365247 1.75913e-07 0.0905706 28
0.0365247 1.68276e-07 0.0905706 28
0.0365247 1.6856e-07 0.0905706 28
0.0365247 1.7591e-07 0.0905706 28
0.0365247 1.68271e-07 0.0905706 28
0.0365247 1.68563e-07 0.0905706 28
0.0365247 1.68581e-07 0.0905706 28
0.0365247 1.75907e-07 0.0905706 28
0.0365247 1.68272e-07 0.0905706 28
0.0365247 1.68556e-07 0.0905706 28
0.0365247 1.68577e-07 0.0905706 28
0.0365247 1.75907e-07 0.0905706 28
0.0365247 1.68266e-07 0.0905706 28
0.0365247 1.68558e-07 0.0905706 28
0.0365247 1.75898e-07 0.0905706 28
0.0365247 1.68267e-07 0.0905706 28
0.0365247 1.6855e-07 0.0905706 28
0.0365247 1.68567e-07 0.0905706 28
0.0365247 1.75899e-07 0.0905706 28
0.0365247 1.68263e-07 0.0905706 28
0.0365247 1.68551e-07 0.0905706 28
0.0365247 1.75898e-07 0.0905706 28
0.0365247 1.68261e-07 0.0905706 28
0.0365247 1.68553e-07 0.0905706 28
0.0365247 1.68566e-07 0.0905706 28
0.0365247 1.75899e-07 0.0905706 28
0.0365247 1.68262e-07 0.0905707 28
0.0365247 1.68544e-07 0.0905707 28
0.0365247 1.68563e-07 0.0905707 28
0.0365247 1.7589e-07 0.0905707 28
0.0365247 1.68256e-07 0.0905707 28
0.0365248 1.68542e-07 0.0905707 28
0.0365248 1.75888e-07 0.0905707 28
0.0365248 1.68256e-07 0.0905707 28
0.0365248 1.68541e-07 0.0905707 28
0.0365248 1.68557e-07 0.0905707 28
0.0365248 1.75886e-07 0.0905707 28
0.0365248 1.68248e-07 0.0905707 28
0.0365248 1.6854e-07 0.0905707 28
0.0365248 1.68553e-07 0.0905707 28
0.0365248 1.75883e-07 0.0905707 28
0.0365248 1.6825e-07 0.0905707 28
0.0365248 1.68531e-07 0.0905707 28
0.0365248 1.75877e-07 0.0905707 28
0.0365248 1.68243e-07 0.0905707 28
0.0365248 1.68533e-07 0.0905707 28
0.0365248 1.68552e-07 0.0905707 28
0.0365248 1.75875e-07 0.0905707 28
0.0365248 1.68243e-07 0.0905707 28
0.0365248 1.68532e-07 0.0905707 28
0.0365248 1.7588e-07 0.0905707 28
0.0365248 1.68245e-07 0.0905707 28
0.0365248 1.6853e-07 0.0905707 28
0.0365248 1.6855e-07 0.0905707 28
0.0365248 1.75877e-07 0.0905707 28
0.0365248 1.68245e-07 0.0905707 28
0.0365248 1.6853e-07 0.0905707 28
0.0365248 1.68544e-07 0.0905707 28
0.0365248 1.75876e-07 0.0905707 28
0.0365248 1.68238e-07 0.0905707 28
0.0365248 1.68529e-07 0.0905707 28
0.0365248 1.75875e-07 0.0905707 28
0.0365248 1.68232e-07 0.0905707 28
0.0365248 1.68521e-07 0.0905707 28
0.0365248 1.68537e-07 0.0905707 28
0.0365248 1.7587e-07 0.0905707 28
0.0365248 1.68233e-07 0.0905707 28
0.0365248 1.68518e-07 0.0905707 28
0.0365248 1.75866e-07 0.0905707 28
0.0365248 1.68226e-07 0.0905707 28
0.0365248 1.68515e-07 0.0905707 28
0.0365248 1.68531e-07 0.0905707 28
0.0365248 1.75861e-07 0.0905707 28
0.0365248 1.68229e-07 0.0905707 28
0.0365248 1.6851e-07 0.0905707 28
0.0365248 1.6853e-07 0.0905707 28
0.0365248 1.75856e-07 0.0905707 28
0.0365248 1.68225e-07 0.0905707 28
0.0365248 1.68511e-07 0.0905707 28
0.0365248 1.75853e-07 0.0905707 28
0.0365248 1.68223e-07 0.0905707 28
0.0365248 1.68505e-07 0.0905707 28
0.0365248 1.68524e-07 0.0905707 28
0.0365248 1.75856e-07 0.0905707 28
0.0365248 1.68219e-07 0.0905708 28
0.0365248 1.68511e-07 0.0905708 28
0.0365248 1.75849e-07 0.0905708 28
0.0365248 1.68216e-07 0.0905708 28
0.0365248 1.68508e-07 0.0905708 28
0.0365249 1.68521e-07 0.0905708 28
0.0365249 1.75852e-07 0.0905708 28
0.0365249 1.68211e-07 0.0905708 28
0.0365249 1.68501e-07 0.0905708 28
0.0365249 1.75849e-07 0.0905708 28
0.0365249 1.68211e-07 0.0905708 28
0.0365249 1.68502e-07 0.0905708 28
0.0365249 1.6851e-07 0.0905708 28
0.0365249 1.75841e-07 0.0905708 28
0.0365249 1.68209e-07 0.0905708 28
0.0365249 1.68494e-07 0.0905708 28
0.0365249 1.68514e-07 0.0905708 28
0.0365249 1.75838e-07 0.0905708 28
0.0365249 1.68962e-07 0.0905708 28
0.0365249 1.68544e-07 0.0905708 28
0.0365249 1.75844e-07 0.0905708 28
0.0365249 1.68209e-07 0.0905708 28
0.0365249 1.68491e-07 0.0905708 28
0.0365249 1.6851e-07 0.0905708 28
0.0365249 1.75841e-07 0.0905708 28
0.0365249 1.68204e-07 0.0905708 28
0.0365249 1.68491e-07 0.0905708 28
0.0365249 1.68503e-07 0.0905708 28
0.0365249 1.75833e-07 0.0905708 28
0.0365249 1.68197e-07 0.0905708 28
0.0365249 1.68483e-07 0.0905708 28
0.0365249 1.75832e-07 0.0905708 28
0.0365249 1.6819e-07 0.0905708 28
0.0365249 1.68478e-07 0.0905708 28
0.0365249 1.68497e-07 0.0905708 28
0.0365249 1.75827e-07 0.0905708 28
0.0365249 1.68196e-07 0.0905708 28
0.0365249 1.68472e-07 0.0905708 28
0.0365249 1.75821e-07 0.0905708 28
0.0365249 1.6819e-07 0.0905708 28
0.0365249 1.68472e-07 0.0905708 28
0.0365249 1.68493e-07 0.0905708 28
0.0365249 1.75822e-07 0.0905708 28
0.0365249 1.68189e-07 0.0905708 28
0.0365249 1.68478e-07 0.0905708 28
0.0365249 1.7582e-07 0.0905708 28
0.0365249 1.68192e-07 0.0905708 28
0.0365249 1.68468e-07 0.0905708 28
0.0365249 1.68487e-07 0.0905708 28
0.0365249 1.75819e-07 0.0905708 28
0.0365249 1.68187e-07 0.0905708 28
0.0365249 1.68479e-07 0.0905708 28
0.0365249 1.75815e-07 0.0905708 28
0.0365249 1.68185e-07 0.0905708 28
0.0365249 1.68476e-07 0.0905708 28
0.0365249 1.68491e-07 0.0905708 28
0.0365249 1.75817e-07 0.0905708 28
0.0365249 1.68173e-07 0.0905708 28
0.0365249 1.68466e-07 0.0905708 28
0.0365249 1.75818e-07 0.0905709 28
0.0365249 1.68176e-07 0.0905709 28
0.0365249 1.68469e-07 0.0905709 28
0.0365249 1.68478e-07 0.0905709 28
0.0365249 1.75809e-07 0.0905709 28
0.036525 1.68173e-07 0.0905709 28
0.036525 1.68459e-07 0.0905709 28
0.036525 1.75808e-07 0.0905709 28
0.036525 1.68168e-07 0.0905709 28
0.036525 1.68455e-07 0.0905709 28
