-0.00185191 0 -0.00413 0 0
-0.00191493 -0.00640632 -0.00413 0 0
-0.00201345 -0.0102174 -0.0538238 0 0
-0.00222958 -0.0223531 -0.0537752 0 0
-0.00271711 -0.0491388 -0.0538101 0 0
-0.00317148 -0.0456857 -0.0537714 0 0
-0.00359276 -0.0421704 -0.0118336 0 0
-0.0039583 -0.0364633 -0.0133235 0 0
-0.00428134 -0.0322583 -0.0138166 0 0
-0.00457918 -0.0297207 -0.0140633 0 0
-0.00392466 0.0655835 -0.0113995 0 0
-0.00151582 0.241064 -0.0160292 0 0
0.00471759 0.62214 0.0820792 0 0
0.00958135 0.485564 0.0771429 0 0
0.0143132 0.472867 0.0760149 0 0
0.0188591 0.454599 0.0760149 0 0
0.0221494 0.328978 0.0791861 0 0
0.0246517 0.250224 0.0805881 0 0
0.0264532 0.18015 0.0735549 0 0
0.0275523 0.109856 0.0766772 0 0
0.0280573 0.0504371 0.080694 0 0
0.0282355 0.0177011 0.0859463 0 0
0.02766 -0.057632 0.0873948 0 0
0.0275233 -0.0136549 0.100793 0 0
0.0280518 0.052827 0.101713 0 0
0.0282475 0.0195644 0.0964052 0 0
0.0281373 -0.0110128 0.0967863 0 0
0.0278441 -0.029316 0.0997009 0 0
0.0274857 -0.0358298 0.0980637 0 0
0.0271166 -0.0369118 0.100072 0 0
0.0267316 -0.0384959 0.0989936 0 0
0.0263383 -0.0393236 0.0995915 0 0
0.0259331 -0.0405165 0.0987765 0 0
0.0255179 -0.0415154 0.0993027 0 0
0.0250941 -0.042383 0.0988389 0 0
0.0246615 -0.0432582 0.0993306 0 0
0.0242214 -0.0440075 0.0989919 0 0
0.0237736 -0.0447739 0.099384 0 0
0.023319 -0.0454625 0.099103 0 0
0.0228574 -0.0461632 0.0994283 0 0
0.0223895 -0.0467828 0.0992015 0 0
0.0219163 -0.0473212 0.0990254 0 0
0.0214382 -0.0478067 0.0990945 0 0
0.0209559 -0.048222 0.0991626 0 0
0.0204704 -0.0485488 0.0992298 0 0
0.0199826 -0.0487733 0.0992953 0 0
0.0194936 -0.0488886 0.0993586 0 0
0.0190045 -0.0489102 0.100094 0 0
0.0185166 -0.048773 0.0995211 0 0
0.0180311 -0.0485435 0.0995744 0 0
0.017549 -0.0482024 0.100099 0 0
0.0172799 -0.0268868 0.100762 0 0
0.0168281 -0.0451691 0.0991225 0 0
0.0163316 -0.0496143 0.0996988 0 0
0.0158365 -0.0494634 0.0999164 0 0
0.0153416 -0.0494544 0.0999776 0 0
0.0148448 -0.049638 0.100031 0 0
0.014346 -0.0498294 0.100082 0 0
0.0138467 -0.049889 0.100087 0 0
0.013349 -0.0497246 0.100097 0 0
0.0128559 -0.0492636 0.10014 0 0
0.0123712 -0.0484322 0.100182 0 0
0.0118993 -0.0471393 0.100218 0 0
0.0114456 -0.0453303 0.100254 0 0
0.0110152 -0.0429862 0.100286 0 0
0.0106137 -0.0401023 0.100297 0 0
0.0102464 -0.0366912 0.100312 0 0
0.00991717 -0.0328735 0.10038 0 0
0.00963629 -0.0280438 0.0982836 0 0
0.00946219 -0.0174296 -0.0396145 0 0
0.0093368 -0.0125605 -0.0397334 0 0
0.00926336 -0.00736743 -0.0397343 0 0
0.00924671 -0.00169077 -0.0397291 0 0
0.00929027 0.00432862 -0.0397263 0 0
0.00939644 0.010589 -0.0397245 0 0
0.00956652 0.0169776 -0.0397102 0 0
0.00980076 0.0233932 -0.0396963 0 0
0.0100988 0.0297763 -0.0396973 0 0
0.0104592 0.0360009 -0.0396992 0 0
0.0108785 0.0419046 -0.0397002 0 0
0.011352 0.0473153 -0.0397023 0 0
0.0118728 0.0520548 -0.0397058 0 0
0.0123952 0.0522077 -0.0397273 0 0
0.0129453 0.0550047 -0.039736 0 0
0.0135388 0.0593459 -0.0396957 0 0
0.0141656 0.0626777 -0.0397288 0 0
0.0148232 0.0657544 -0.0397364 0 0
0.0155106 0.0687414 -0.0397386 0 0
0.0162272 0.0716556 -0.0397402 0 0
0.0169719 0.0744708 -0.0397427 0 0
0.0177435 0.0771545 -0.0397461 0 0
0.0185404 0.0796889 -0.0397047 0 0
0.0193614 0.0820974 -0.0396602 0 0
0.020205 0.0843684 -0.0395933 0 0
0.0210698 0.0864805 -0.0394543 0 0
0.0219541 0.088427 -0.0394413 0 0
0.022856 0.0901872 -0.0395124 0 0
0.0237732 0.0917202 -0.0396263 0 0
0.0247033 0.0930139 -0.0397402 0 0
0.0256298 0.0926101 -0.0397402 0 0
0.0265885 0.0958685 -0.00298428 0 0
0.0272483 0.0660644 -0.00403436 0 0
0.0279176 0.0669082 -0.00403436 0 0
0.0287515 0.0833773 0.0217889 0 0
0.0295654 0.081376 0.0209284 0 0
0.0303518 0.0786239 0.0206909 0 0
0.0311003 0.0748354 0.0204514 0 0
0.0318091 0.0708545 0.0146937 0 0
0.0324718 0.0662512 0.0119936 0 0
0.0330878 0.0615814 0.0124648 0 0
0.0336595 0.0571472 0.0127204 0 0
0.0341916 0.0531873 0.0126562 0 0
0.0346907 0.0498875 0.0126064 0 0
0.035165 0.0474057 0.0125777 0 0
0.0356238 0.0458654 0.0125365 0 0
0.0360776 0.0453514 0.0124795 0 0
0.0365369 0.0459118 0.0124067 0 0
0.0370127 0.0475595 0.0123152 0 0
0.0375156 0.0502755 0.0122003 0 0
0.0380558 0.0540126 0.0120514 0 0
0.0386429 0.0587 0.0118261 0 0
0.0392855 0.0642537 0.0112556 0 0
0.0399363 0.0651212 0.149686 0 0
0.0406478 0.0711959 0.149802 0 0
0.0414217 0.0774349 0.149796 0 0
0.0422588 0.0837614 0.149793 0 0
0.0431592 0.0900755 0.149791 0 0
0.044121 0.0962228 0.149791 0 0
0.0451406 0.102002 0.149792 0 0
0.0462121 0.107184 0.149794 0 0
0.0473271 0.111538 0.149796 0 0
0.0484753 0.114847 0.149802 0 0
0.0494456 0.0970749 0.199612 0 0
0.050493 0.10476 0.200079 0 0
0.0515588 0.106585 0.19981 0 0
0.0526278 0.106905 0.199765 0 0
0.053698 0.107024 0.199759 0 0
0.0547687 0.107066 0.199756 0 0
0.0558392 0.107047 0.199755 0 0
0.0569087 0.106954 0.199753 0 0
0.0579862 0.10774 0.170937 0 0
0.0590635 0.10773 0.17155 0 0
0.0601394 0.107592 0.172188 0 0
0.0612133 0.107386 0.172831 0 0
0.0622842 0.107093 0.173478 0 0
0.0633512 0.106703 0.17413 0 0
0.0644133 0.106208 0.174787 0 0
0.0654692 0.105595 0.175452 0 0
0.0665176 0.104853 0.176126 0 0
0.0675573 0.103977 0.17681 0 0
0.0685869 0.102969 0.177508 0 0
0.0698259 0.123953 0.179291 0 0
0.0708752 0.104941 0.17913 0 0
0.071868 0.0993166 0.180121 0 0
0.0728155 0.0947805 0.181084 0 0
0.0737051 0.0889923 0.181995 0 0
0.0745275 0.082276 0.182941 0 0
0.0752767 0.0749567 0.183945 0 0
0.0759496 0.0673283 0.18506 0 0
0.0765458 0.0596519 0.186427 0 0
0.0770668 0.052146 0.188607 0 0
0.0775414 0.0476422 0.188607 0 0
0.0780022 0.0460872 0.0598027 0 0
0.078401 0.0398826 0.0597195 0 0
0.0787605 0.0359459 0.0597479 0 0
0.0790919 0.0331416 0.0597522 0 0
0.0794054 0.0313545 0.0597535 0 0
0.0797115 0.0306054 0.0597554 0 0
0.0800203 0.030874 0.0597576 0 0
0.0803414 0.032113 0.0597599 0 0
0.080684 0.0342518 0.0597623 0 0
0.0810561 0.0371995 0.0597646 0 0
0.0814646 0.040848 0.0597667 0 0
0.0819155 0.0450747 0.0597688 0 0
0.082413 0.0497443 0.0597708 0 0
0.0829602 0.0547088 0.059773 0 0
0.0835584 0.0598087 0.0597757 0 0
0.0842072 0.0648713 0.059779 0 0
0.0849044 0.0697094 0.0597832 0 0
0.0856456 0.0741197 0.0597886 0 0
0.0864245 0.0778839 0.0597954 0 0
0.0872323 0.0807751 0.0598041 0 0
0.0878727 0.0640255 0.10934 0 0
0.0885891 0.0716431 0.0782786 0 0
0.0893533 0.076414 0.0599165 0 0
0.0901434 0.0790098 0.0605248 0 0
0.0909463 0.0802956 0.0994276 0 0
0.0917743 0.0827976 0.105097 0 0
0.0926336 0.0859293 0.104531 0 0
0.0935269 0.0893341 0.1039 0 0
0.0944557 0.0928795 0.103725 0 0
0.095421 0.0965244 0.103925 0 0
0.0964246 0.100367 0.104165 0 0
0.097468 0.104337 0.104367 0 0
0.0985511 0.108312 0.10456 0 0
0.099673 0.11219 0.104803 0 0
0.100832 0.115914 0.105118 0 0
0.102026 0.119373 0.109094 0 0
0.103254 0.122817 0.105951 0 0
0.104513 0.125911 0.10665 0 0
0.1058 0.12873 0.106562 0 0
0.106837 0.103632 0.0885216 0 0
0.108078 0.124157 0.110161 0 0
0.10932 0.124144 0.120819 0 0
0.110544 0.122393 0.109598 0 0
0.111733 0.118901 0.109574 0 0
0.112875 0.114165 0.109557 0 0
0.113961 0.108579 0.111378 0 0
0.114986 0.102526 0.113744 0 0
0.11595 0.0963907 0.114638 0 0
0.116854 0.0904276 0.115208 0 0
0.117703 0.0848714 0.115708 0 0
0.118503 0.0799238 0.11604 0 0
0.11926 0.075752 0.116162 0 0
0.119985 0.0724845 0.11606 0 0
0.120687 0.0702118 0.115702 0 0
0.121378 0.0689917 0.11506 0 0
0.122066 0.0688458 0.114123 0 0
0.122764 0.0697606 0.112859 0 0
0.123481 0.0717033 0.11108 0 0
0.124227 0.0745855 0.109492 0 0
0.124954 0.0727942 0.249463 0 0
0.125718 0.0763336 0.249569 0 0
0.12652 0.0802601 0.249565 0 0
0.127365 0.0845222 0.249564 0 0
0.128255 0.0890382 0.249565 0 0
0.129191 0.0936463 0.249566 0 0
0.130173 0.098182 0.249568 0 0
0.131198 0.102472 0.249572 0 0
0.132261 0.106335 0.249578 0 0
0.133357 0.109582 0.249587 0 0
0.134477 0.112034 0.249599 0 0
0.135382 0.090537 0.239819 0 0
0.136362 0.0979774 0.300066 0 0
0.137377 0.101537 0.249784 0 0
0.138424 0.104639 0.183282 0 0
0.139484 0.105996 0.184926 0 0
0.140551 0.106774 0.204979 0 0
0.141629 0.107781 0.218115 0 0
0.142721 0.109134 0.221821 0 0
0.143826 0.110526 0.225603 0 0
0.144945 0.111915 0.22948 0 0
0.146079 0.113381 0.233412 0 0
0.147227 0.114875 0.237375 0 0
0.14839 0.116311 0.241388 0 0
0.149567 0.11762 0.245478 0 0
0.150754 0.118765 0.249688 0 0
0.151952 0.119753 0.254078 0 0
0.153162 0.121005 0.246496 0 0
0.154383 0.122148 0.240629 0 0
0.155611 0.122817 0.242798 0 0
0.157098 0.14879 0.223537 0 0
0.15839 0.129196 0.229868 0 0
0.159611 0.12212 0.299372 0 0
0.160786 0.117544 0.299578 0 0
0.161951 0.116454 0.159642 0 0
0.163055 0.110471 0.159538 0 0
0.164092 0.103657 0.15953 0 0
0.165057 0.0965089 0.159528 0 0
0.16595 0.0892942 0.159525 0 0
0.166772 0.0822791 0.159524 0 0
0.167529 0.0756932 0.159523 0 0
0.168227 0.0697305 0.159523 0 0
0.168872 0.0645484 0.159524 0 0
0.169475 0.0602673 0.159525 0 0
0.170045 0.0569704 0.159527 0 0
0.170592 0.0547052 0.15953 0 0
0.171126 0.0534853 0.159533 0 0
0.171659 0.0532934 0.15954 0 0
0.1722 0.0540815 0.15965 0 0
0.172758 0.0557843 0.159738 0 0
0.173341 0.058303 0.160115 0 0
0.173956 0.0614789 0.162221 0 0
0.174609 0.0652974 0.162469 0 0
0.175305 0.0695939 0.162324 0 0
0.176047 0.0742107 0.16216 0 0
0.176837 0.0789924 0.161973 0 0
0.177674 0.0837751 0.16176 0 0
0.178558 0.0883853 0.161515 0 0
0.179485 0.0926419 0.161236 0 0
0.180448 0.09636 0.160918 0 0
0.181442 0.0993679 0.160559 0 0
0.182139 0.0697554 0.349258 0 0
0.182935 0.0795988 0.349448 0 0
0.183753 0.0818511 0.349179 0 0
0.184621 0.0868045 0.221341 0 0
0.185515 0.0893413 0.212268 0 0
0.18643 0.0915601 0.217759 0 0
0.187374 0.0943067 0.217483 0 0
0.188347 0.0973842 0.216624 0 0
0.189354 0.100629 0.216595 0 0
0.190394 0.104005 0.216957 0 0
0.19147 0.107621 0.217266 0 0
0.192584 0.111405 0.217433 0 0
0.193736 0.115212 0.218017 0 0
0.194926 0.118954 0.218456 0 0
0.196151 0.122551 0.219385 0 0
0.197411 0.125963 0.221085 0 0
0.198702 0.129144 0.223258 0 0
0.200023 0.132056 0.225342 0 0
0.201369 0.134653 0.227554 0 0
0.202638 0.126768 0.227554 0 0
0.20352 0.0882728 0.295405 0 0
0.204286 0.0766185 0.312132 0 0
0.205833 0.154654 0.312839 0 0
0.207095 0.126194 0.208125 0 0
0.208238 0.114357 0.208958 0 0
0.209322 0.108369 0.209173 0 0
0.210338 0.101586 0.209155 0 0
0.211285 0.0947141 0.209152 0 0
0.212165 0.0879818 0.209148 0 0
0.212981 0.0816346 0.209145 0 0
0.213739 0.0757984 0.211421 0 0
0.214427 0.0688157 0.272446 0 0
0.215068 0.0640842 0.274203 0 0
0.215675 0.0606908 0.268972 0 0
0.216255 0.0580576 0.266915 0 0
0.21682 0.056502 0.264282 0 0
0.21738 0.0559986 0.260445 0 0
0.217945 0.0564753 0.256257 0 0
0.218524 0.0578602 0.251952 0 0
0.219124 0.0600594 0.247826 0 0
0.219754 0.0629595 0.244153 0 0
0.220418 0.0664338 0.241095 0 0
0.221122 0.0703463 0.23866 0 0
0.221867 0.0745503 0.236835 0 0
0.222656 0.0788901 0.235574 0 0
0.223488 0.0832019 0.234801 0 0
0.224361 0.0873134 0.234444 0 0
0.225272 0.0910432 0.234452 0 0
0.226214 0.0942048 0.234824 0 0
0.22718 0.096621 0.2356 0 0
0.228065 0.0885388 0.209055 0 0
0.228946 0.0881415 0.260092 0 0
0.229855 0.0908672 0.258903 0 0
0.230783 0.0927757 0.257376 0 0
0.231733 0.0949697 0.255612 0 0
0.23271 0.097699 0.253426 0 0
0.233719 0.10093 0.250457 0 0
0.234765 0.104572 0.245675 0 0
0.235852 0.108741 0.232549 0 0
0.236936 0.108402 0.349209 0 0
0.238029 0.109242 0.39947 0 0
0.23916 0.113176 0.399564 0 0
0.240325 0.116414 0.399453 0 0
0.241554 0.122991 0.280233 0 0
0.242828 0.127382 0.25962 0 0
0.244135 0.13067 0.26964 0 0
0.245474 0.1339 0.272101 0 0
0.246843 0.136917 0.273343 0 0
0.248239 0.139594 0.275658 0 0
0.249627 0.138762 0.275658 0 0
0.250998 0.137172 0.275658 0 0
0.252383 0.138417 0.284804 0 0
0.253737 0.135448 0.289814 0 0
0.25505 0.131295 0.285665 0 0
0.256304 0.125378 0.297062 0 0
0.25749 0.118618 0.305594 0 0
0.258604 0.111396 0.312058 0 0
0.259644 0.104007 0.317322 0 0
0.260611 0.0967137 0.321874 0 0
0.261509 0.0897708 0.325498 0 0
0.262343 0.0833824 0.328349 0 0
0.26312 0.0777288 0.329991 0 0
0.263849 0.0729401 0.33047 0 0
0.264541 0.0691116 0.329721 0 0
0.265204 0.0663014 0.327758 0 0
0.265849 0.0645298 0.324722 0 0
0.266487 0.0637814 0.320881 0 0
0.267127 0.0640093 0.316593 0 0
0.267778 0.0651396 0.312232 0 0
0.268449 0.0670769 0.308122 0 0
0.269146 0.0697089 0.3045 0 0
0.269875 0.0729094 0.301501 0 0
0.270641 0.0765412 0.299168 0 0
0.271445 0.0804582 0.297477 0 0
0.27229 0.0845063 0.296363 0 0
0.273176 0.0885245 0.295743 0 0
0.274099 0.0923443 0.295537 0 0
0.275057 0.0957893 0.295692 0 0
0.276044 0.0986785 0.296198 0 0
0.277052 0.100842 0.297095 0 0
0.277971 0.0919168 0.262089 0 0
0.278859 0.0887662 0.399073 0 0
0.279744 0.0885091 0.438851 0 0
0.280687 0.0943358 0.285309 0 0
0.281661 0.0973966 0.261665 0 0
0.282629 0.096792 0.355989 0 0
0.283648 0.101917 0.26874 0 0
0.284688 0.103926 0.312475 0 0
0.285736 0.104846 0.375286 0 0
0.286851 0.111517 0.261122 0 0
0.287971 0.111966 0.371567 0 0
0.28916 0.118867 0.260847 0 0
0.290378 0.121864 0.303864 0 0
0.291603 0.122447 0.395933 0 0
0.292902 0.129897 0.260416 0 0
0.29423 0.132789 0.297264 0 0
0.29555 0.132029 0.416738 0 0
0.296943 0.139356 0.259915 0 0
0.298361 0.141703 0.292637 0 0
0.299629 0.126837 0.420566 0 0
0.300962 0.133302 0.444124 0 0
0.302282 0.132051 0.444124 0 0
0.303621 0.133843 0.309097 0 0
0.304913 0.129263 0.309013 0 0
0.306152 0.123867 0.309014 0 0
0.307329 0.117669 0.309008 0 0
0.308434 0.110546 0.322116 0 0
0.309453 0.10192 0.371421 0 0
0.310399 0.0945505 0.374647 0 0
0.311276 0.0877028 0.374983 0 0
0.312089 0.0813123 0.378006 0 0
0.312845 0.0756293 0.380209 0 0
0.313554 0.0708465 0.380021 0 0
0.314224 0.0670059 0.379274 0 0
0.314866 0.0641759 0.377463 0 0
0.31549 0.0623877 0.374438 0 0
0.316106 0.0616231 0.370585 0 0
0.316724 0.0618337 0.366298 0 0
0.317354 0.0629458 0.361934 0 0
0.318002 0.0648642 0.357814 0 0
0.318677 0.0674761 0.354177 0 0
0.319384 0.0706552 0.351157 0 0
0.320126 0.0742639 0.348802 0 0
0.320908 0.0781559 0.347091 0 0
0.32173 0.0821773 0.345959 0 0
0.322591 0.0861677 0.345324 0 0
0.323491 0.0899603 0.345104 0 0
0.324425 0.0933819 0.345245 0 0
0.325387 0.096257 0.345732 0 0
0.326371 0.0984256 0.346591 0 0
0.327123 0.0751664 0.358657 0 0
0.327931 0.0807514 0.466154 0 0
0.328796 0.0865713 0.357299 0 0
0.329683 0.0887142 0.362576 0 0
0.330588 0.0904739 0.366859 0 0
0.331517 0.0928708 0.367844 0 0
0.332477 0.0959848 0.362328 0 0
0.33347 0.0993449 0.36151 0 0
0.334499 0.102899 0.361721 0 0
0.335565 0.106605 0.362643 0 0
0.336672 0.110629 0.362357 0 0
0.33782 0.114845 0.362345 0 0
0.339014 0.119409 0.353876 0 0
0.340257 0.124294 0.336262 0 0
0.341545 0.128787 0.330399 0 0
0.342877 0.133229 0.32219 0 0
0.344254 0.137636 0.310615 0 0
0.345603 0.134945 0.49894 0 0
0.346994 0.139147 0.427656 0 0
0.348517 0.152264 0.487208 0 0
0.349977 0.146009 0.359002 0 0
0.351418 0.144048 0.359002 0 0
0.352839 0.142178 0.359093 0 0
0.354214 0.137454 0.359068 0 0
0.35553 0.131629 0.369007 0 0
0.35677 0.124021 0.405081 0 0
0.357936 0.116553 0.413766 0 0
0.359027 0.109127 0.417128 0 0
0.360045 0.101766 0.421627 0 0
0.360992 0.0947536 0.425395 0 0
0.361876 0.0883111 0.428017 0 0
0.362702 0.0826049 0.429603 0 0
0.363479 0.0777679 0.430068 0 0
0.364218 0.0738968 0.429322 0 0
0.364929 0.0710494 0.427394 0 0
0.365621 0.0692462 0.424418 0 0
0.366306 0.0684725 0.420654 0 0
0.366993 0.0686815 0.416446 0 0
0.367691 0.0698 0.412158 0 0
0.368408 0.0717328 0.40811 0 0
0.369152 0.0743676 0.404534 0 0
0.369928 0.0775784 0.401564 0 0
0.37074 0.081228 0.399249 0 0
0.371592 0.0851702 0.397569 0 0
0.372484 0.0892512 0.396461 0 0
0.373417 0.0933107 0.395844 0 0
0.374389 0.0971813 0.395641 0 0
0.375396 0.100689 0.395798 0 0
0.376432 0.103656 0.396304 0 0
0.377492 0.10592 0.397191 0 0
0.378322 0.083057 0.408525 0 0
0.379205 0.0882677 0.527694 0 0
0.380143 0.093854 0.412512 0 0
0.381101 0.0957597 0.412952 0 0
0.382075 0.0973723 0.416672 0 0
0.383063 0.0988157 0.436723 0 0
0.384074 0.101126 0.437471 0 0
0.38512 0.10461 0.414201 0 0
0.386197 0.107723 0.414495 0 0
0.387306 0.110872 0.416313 0 0
0.388449 0.114306 0.416518 0 0
0.389628 0.117916 0.416547 0 0
0.390844 0.121543 0.417272 0 0
0.392095 0.125078 0.418494 0 0
0.393379 0.128457 0.419985 0 0
0.394696 0.131708 0.42065 0 0
0.396044 0.134757 0.421491 0 0
0.397419 0.137511 0.423521 0 0
0.398818 0.13995 0.425725 0 0
0.400064 0.124584 0.406434 0 0
0.401407 0.134255 0.472568 0 0
0.402772 0.136494 0.408933 0 0
0.404113 0.134083 0.408887 0 0
0.405406 0.129363 0.426393 0 0
0.406635 0.122897 0.453077 0 0
0.407796 0.116076 0.459921 0 0
0.408884 0.108834 0.465096 0 0
0.4099 0.101562 0.465507 0 0
0.410845 0.0944635 0.464506 0 0
0.411722 0.0877647 0.462501 0 0
0.412539 0.0816899 0.459809 0 0
0.413303 0.0763371 0.458083 0 0
0.414013 0.0710183 0.480589 0 0
0.414684 0.0671163 0.481292 0 0
0.415327 0.0643378 0.477665 0 0
0.415953 0.0625932 0.474654 0 0
0.416572 0.0618774 0.47082 0 0
0.417193 0.0621402 0.466526 0 0
0.417826 0.0633067 0.462155 0 0
0.418479 0.0652816 0.458018 0 0
0.419159 0.0679522 0.454351 0 0
0.419871 0.0711914 0.451306 0 0
0.420619 0.0748616 0.448932 0 0
0.421407 0.0788162 0.447203 0 0
0.422236 0.0829007 0.446053 0 0
0.423106 0.0869532 0.445401 0 0
0.424014 0.0908037 0.445171 0 0
0.424961 0.0946936 0.433166 0 0
0.425934 0.0972673 0.446741 0 0
0.426928 0.0993995 0.447921 0 0
0.427835 0.0907683 0.408682 0 0
0.428711 0.0876082 0.548734 0 0
0.42962 0.0908784 0.497543 0 0
0.430553 0.0932864 0.46498 0 0
0.431503 0.0950335 0.466571 0 0
0.432476 0.0972508 0.466646 0 0
0.433476 0.0999862 0.464915 0 0
0.434506 0.103038 0.463952 0 0
0.435569 0.10628 0.463642 0 0
0.436666 0.109677 0.46358 0 0
0.437799 0.113336 0.463442 0 0
0.438971 0.117179 0.46318 0 0
0.440181 0.121052 0.463399 0 0
0.44143 0.124835 0.464116 0 0
0.442714 0.128457 0.465176 0 0
0.444033 0.131912 0.466378 0 0
0.445385 0.135155 0.467601 0 0
0.446766 0.138121 0.469078 0 0
0.448174 0.140762 0.470807 0 0
0.449736 0.1562 0.506326 0 0
0.451242 0.15064 0.506326 0 0
0.452681 0.143894 0.458922 0 0
0.454097 0.141605 0.463876 0 0
0.455464 0.136699 0.483649 0 0
0.456777 0.131307 0.476641 0 0
0.458029 0.125194 0.470134 0 0
0.459216 0.118679 0.464012 0 0
0.460345 0.112845 0.464012 0 0
0.461318 0.0972715 0.598962 0 0
0.462266 0.0948654 0.52236 0 0
0.463159 0.0892498 0.515001 0 0
0.463991 0.0832123 0.531728 0 0
0.464775 0.0784424 0.531863 0 0
0.465522 0.0747043 0.530092 0 0
0.466242 0.0719641 0.528319 0 0
0.466945 0.0702726 0.525453 0 0
0.467641 0.069619 0.521694 0 0
0.468341 0.0699535 0.517479 0 0
0.469053 0.071202 0.513171 0 0
0.469785 0.0732693 0.509089 0 0
0.470546 0.0760426 0.505472 0 0
0.47134 0.0793957 0.502461 0 0
0.472172 0.0831912 0.500107 0 0
0.473044 0.0872827 0.498391 0 0
0.47396 0.0915156 0.497252 0 0
0.474917 0.0957276 0.49661 0 0
0.475914 0.0997479 0.496388 0 0
0.476948 0.103396 0.49654 0 0
0.478013 0.106486 0.497062 0 0
0.479102 0.108837 0.498004 0 0
0.479974 0.0872711 0.508548 0 0
0.480897 0.0922803 0.630984 0 0
0.481874 0.097731 0.513299 0 0
0.482862 0.0987519 0.537037 0 0
0.483869 0.100673 0.520591 0 0
0.484896 0.102753 0.51782 0 0
0.485947 0.105072 0.517748 0 0
0.487023 0.107656 0.517224 0 0
0.488127 0.110357 0.517844 0 0
0.489259 0.113172 0.518804 0 0
0.490421 0.116206 0.519154 0 0
0.491615 0.119386 0.51939 0 0
0.49284 0.122574 0.520043 0 0
0.494097 0.125665 0.521189 0 0
0.495383 0.128603 0.522678 0 0
0.496697 0.131383 0.524373 0 0
0.498037 0.133971 0.525937 0 0
0.4994 0.136306 0.527784 0 0
0.500783 0.13835 0.529837 0 0
0.502015 0.123208 0.457644 0 0
0.503333 0.131811 0.586744 0 0
0.504674 0.134053 0.508903 0 0
0.50599 0.131634 0.509248 0 0
0.507254 0.126374 0.541242 0 0
0.508458 0.120372 0.550535 0 0
0.509595 0.113679 0.556366 0 0
0.510659 0.106485 0.562831 0 0
0.511651 0.0991438 0.568293 0 0
0.51257 0.0919393 0.572666 0 0
0.513421 0.0851072 0.576122 0 0
0.51421 0.0788504 0.578646 0 0
0.514943 0.0733359 0.580174 0 0
0.51563 0.0686676 0.581406 0 0
0.51628 0.0649834 0.580764 0 0
0.516903 0.0623319 0.578726 0 0
0.51751 0.0607231 0.575697 0 0
0.518112 0.060142 0.571867 0 0
0.518717 0.060541 0.567573 0 0
0.519336 0.0618454 0.563191 0 0
0.519975 0.0639591 0.559037 0 0
0.520643 0.0667693 0.555341 0 0
0.521344 0.0701485 0.55226 0 0
0.522084 0.0739587 0.54985 0 0
0.522864 0.0780531 0.548086 0 0
0.523687 0.0822765 0.546904 0 0
0.524552 0.0864658 0.546222 0 0
0.525456 0.0904491 0.54597 0 0
0.526397 0.0940452 0.546094 0 0
0.527368 0.0970658 0.546586 0 0
0.528361 0.099329 0.547489 0 0
0.529272 0.0910986 0.508616 0 0
0.53016 0.0888354 0.623248 0 0
0.531082 0.092163 0.575461 0 0
0.532018 0.0936656 0.576074 0 0
0.532974 0.0956 0.567302 0 0
0.533953 0.0978079 0.566196 0 0
0.534957 0.100409 0.565813 0 0
0.53599 0.103312 0.56536 0 0
0.537054 0.106385 0.565463 0 0
0.538149 0.109588 0.565912 0 0
0.53928 0.113029 0.56627 0 0
0.540446 0.116634 0.566496 0 0
0.541649 0.120254 0.56719 0 0
0.542886 0.123777 0.568367 0 0
0.544158 0.127138 0.569862 0 0
0.545461 0.130372 0.570382 0 0
0.546796 0.133413 0.57078 0 0
0.548158 0.136195 0.571353 0 0
0.549544 0.138675 0.572149 0 0
0.551086 0.15412 0.596208 0 0
0.552574 0.148881 0.596208 0 0
0.553991 0.141697 0.568549 0 0
0.555381 0.13901 0.576912 0 0
0.556722 0.134038 0.594561 0 0
0.558003 0.128146 0.599765 0 0
0.559217 0.121377 0.606877 0 0
0.560358 0.114128 0.613588 0 0
0.561426 0.106747 0.619026 0 0
0.562421 0.0995079 0.623448 0 0
0.563347 0.092646 0.626974 0 0
0.564211 0.0863652 0.62957 0 0
0.565019 0.0808331 0.631163 0 0
0.565781 0.0761811 0.631655 0 0
0.566506 0.0725041 0.630965 0 0
0.567205 0.069859 0.62909 0 0
0.567888 0.0682646 0.626188 0 0
0.568558 0.0670345 0.641927 0 0
0.569238 0.0679697 0.617506 0 0
0.569932 0.0693895 0.612099 0 0
0.570646 0.0714989 0.609674 0 0
0.57139 0.0743592 0.605943 0 0
0.572168 0.0778044 0.602773 0 0
0.572985 0.0816874 0.600402 0 0
0.573844 0.0858656 0.598662 0 0
0.574746 0.0901843 0.597492 0 0
0.57569 0.0944801 0.596825 0 0
0.576676 0.0985803 0.596585 0 0
0.577699 0.102303 0.596724 0 0
0.578754 0.105457 0.597245 0 0
0.579832 0.107859 0.598201 0 0
0.580701 0.0868243 0.608502 0 0
0.581621 0.0920324 0.718553 0 0
0.582593 0.0972406 0.614403 0 0
0.583583 0.0990005 0.615246 0 0
0.584588 0.100486 0.618715 0 0
0.585605 0.10169 0.640051 0 0
0.58664 0.103527 0.646836 0 0
0.587701 0.10602 0.640319 0 0
0.588788 0.108703 0.634513 0 0
0.589903 0.111534 0.628871 0 0
0.591049 0.114629 0.622816 0 0
0.592228 0.117911 0.616844 0 0
0.593441 0.12125 0.611407 0 0
0.594685 0.124465 0.608967 0 0
0.59596 0.127487 0.608961 0 0
0.597264 0.130378 0.608934 0 0
0.598595 0.133096 0.608922 0 0
0.599951 0.135596 0.608916 0 0
0.601327 0.13766 0.614018 0 0
0.602658 0.133089 0.614018 0 0
0.604006 0.134761 0.665235 0 0
0.605369 0.136298 0.609057 0 0
0.606704 0.133529 0.608967 0 0
0.607996 0.129189 0.61289 0 0
0.609221 0.12244 0.650907 0 0
0.610377 0.115609 0.659974 0 0
0.611462 0.108507 0.66389 0 0
0.612474 0.101222 0.66902 0 0
0.613415 0.0940751 0.673288 0 0
0.614288 0.0873155 0.676515 0 0
0.615099 0.0811395 0.678882 0 0
0.615857 0.0757106 0.680388 0 0
0.616568 0.0711611 0.680849 0 0
0.617244 0.0675858 0.680154 0 0
0.617894 0.0650411 0.678296 0 0
0.61853 0.0635464 0.675384 0 0
0.619161 0.0630854 0.671668 0 0
0.619797 0.0636078 0.667546 0 0
0.620447 0.0650416 0.663292 0 0
0.62112 0.0672918 0.6592 0 0
0.621823 0.0702449 0.655534 0 0
0.62256 0.0737722 0.652494 0 0
0.623338 0.0777378 0.650076 0 0
0.624158 0.0819951 0.648255 0 0
0.625022 0.0863883 0.646985 0 0
0.625929 0.0907527 0.646198 0 0
0.626878 0.0949132 0.645843 0 0
0.627865 0.098685 0.645848 0 0
0.628884 0.101872 0.646224 0 0
0.629927 0.10428 0.647064 0 0
0.630894 0.0967948 0.608838 0 0
0.631831 0.0936648 0.748778 0 0
0.632801 0.0970272 0.692069 0 0
0.633795 0.0993286 0.662729 0 0
0.634804 0.10089 0.665432 0 0
0.635832 0.102833 0.666016 0 0
0.636884 0.105189 0.664894 0 0
0.637962 0.107779 0.664513 0 0
0.639067 0.110502 0.664646 0 0
0.6402 0.113329 0.664991 0 0
0.641363 0.116357 0.665252 0 0
0.642559 0.119517 0.665385 0 0
0.643785 0.122674 0.665932 0 0
0.645043 0.125731 0.666903 0 0
0.646329 0.128634 0.668144 0 0
0.647643 0.131385 0.669506 0 0
0.648982 0.133941 0.670896 0 0
0.650343 0.136067 0.677718 0 0
0.651726 0.138332 0.670724 0 0
0.65324 0.151341 0.675737 0 0
0.654708 0.146795 0.675737 0 0
0.656049 0.134106 0.76673 0 0
0.657405 0.135614 0.677504 0 0
0.658719 0.13138 0.682804 0 0
0.65997 0.125082 0.7025 0 0
0.661153 0.118313 0.70928 0 0
0.662264 0.111154 0.714867 0 0
0.663303 0.103858 0.720289 0 0
0.66427 0.0967196 0.724728 0 0
0.66517 0.089975 0.728217 0 0
0.666008 0.0838342 0.7303 0 0
0.666793 0.0784403 0.731703 0 0
0.667532 0.073914 0.732635 0 0
0.668236 0.0703776 0.732003 0 0
0.668914 0.0678802 0.730121 0 0
0.669579 0.0664381 0.727175 0 0
0.670239 0.0660352 0.723392 0 0
0.670905 0.0666232 0.719117 0 0
0.671587 0.0681271 0.714728 0 0
0.672291 0.0704503 0.710559 0 0
0.673026 0.0734794 0.706858 0 0
0.673797 0.0770876 0.703773 0 0
0.674608 0.0811373 0.701354 0 0
0.675463 0.0854815 0.699583 0 0
0.676363 0.0899643 0.698399 0 0
0.677307 0.0944207 0.69772 0 0
0.678294 0.0986753 0.697473 0 0
0.679319 0.10254 0.697614 0 0
0.680377 0.105816 0.698151 0 0
0.68146 0.108305 0.699152 0 0
0.682346 0.0885457 0.708679 0 0
0.683281 0.093563 0.815958 0 0
0.684268 0.0986286 0.715438 0 0
0.685271 0.100316 0.717105 0 0
0.686288 0.101712 0.722133 0 0
0.687324 0.103588 0.720504 0 0
0.688381 0.105745 0.720406 0 0
0.689463 0.108139 0.719402 0 0
0.690548 0.108514 0.719402 0 0
0.691677 0.112905 0.720848 0 0
0.692832 0.115495 0.722293 0 0
0.694015 0.118356 0.722579 0 0
0.695228 0.121234 0.722967 0 0
0.696468 0.123999 0.724189 0 0
0.697734 0.126614 0.725722 0 0
0.699025 0.129085 0.727295 0 0
0.700338 0.13137 0.728915 0 0
0.701673 0.133418 0.730737 0 0
0.703024 0.135189 0.732735 0 0
0.704255 0.123101 0.755076 0 0
0.705584 0.132839 0.709129 0 0
0.706879 0.129549 0.766325 0 0
0.708153 0.12735 0.74249 0 0
0.709384 0.123105 0.740542 0 0
0.710556 0.117202 0.751185 0 0
0.711661 0.110523 0.759141 0 0
0.712696 0.10344 0.7652 0 0
0.713658 0.0962316 0.770391 0 0
0.71455 0.089171 0.77468 0 0
0.715375 0.0824956 0.778053 0 0
0.716139 0.0764059 0.780514 0 0
0.716849 0.0710671 0.782 0 0
0.717515 0.0666091 0.782408 0 0
0.718147 0.0631252 0.781648 0 0
0.718753 0.0606713 0.779712 0 0
0.719346 0.0592662 0.776712 0 0
0.719935 0.0588933 0.772891 0 0
0.72053 0.059504 0.768599 0 0
0.72114 0.0610231 0.764199 0 0
0.721774 0.063354 0.760018 0 0
0.722438 0.0663828 0.756302 0 0
0.723137 0.0699819 0.753207 0 0
0.723878 0.0740134 0.750779 0 0
0.724661 0.07833 0.748999 0 0
0.725489 0.0827761 0.747808 0 0
0.726361 0.0871877 0.747121 0 0
0.727274 0.0913919 0.746863 0 0
0.728227 0.0952053 0.74699 0 0
0.729211 0.0984365 0.747502 0 0
0.73022 0.100899 0.748453 0 0
0.731021 0.0801353 0.758484 0 0
0.731873 0.0851957 0.866736 0 0
0.732781 0.090803 0.760831 0 0
0.733709 0.0927683 0.765975 0 0
0.734652 0.0943464 0.770368 0 0
0.735618 0.0965787 0.76814 0 0
0.73661 0.0991597 0.767058 0 0
0.737629 0.101979 0.767099 0 0
0.738679 0.104956 0.767336 0 0
0.73976 0.108049 0.767833 0 0
0.740873 0.111358 0.768243 0 0
0.742021 0.114814 0.768523 0 0
0.743204 0.118277 0.769243 0 0
0.74442 0.121641 0.770428 0 0
0.745669 0.124849 0.771913 0 0
0.746948 0.127897 0.773521 0 0
0.748255 0.130741 0.775188 0 0
0.749589 0.133325 0.777072 0 0
0.750945 0.135605 0.779145 0 0
0.752426 0.14812 0.775813 0 0
0.753831 0.140559 0.758933 0 0
0.755187 0.135599 0.818852 0 0
0.756525 0.133759 0.787248 0 0
0.757822 0.129698 0.787248 0 0
0.759056 0.123438 0.798667 0 0
0.760225 0.116827 0.807173 0 0
0.761322 0.109679 0.813706 0 0
0.762345 0.102382 0.819418 0 0
0.763298 0.0952383 0.823775 0 0
0.764183 0.0884729 0.827258 0 0
0.765005 0.0822879 0.829842 0 0
0.765774 0.0768513 0.831426 0 0
0.766497 0.0722938 0.831907 0 0
0.767184 0.0687099 0.831204 0 0
0.767846 0.0661564 0.829308 0 0
0.768492 0.0646529 0.826336 0 0
0.769134 0.0641836 0.82254 0 0
0.769781 0.0647007 0.818262 0 0
0.770442 0.0661296 0.813878 0 0
0.771126 0.0683742 0.809717 0 0
0.771839 0.0713214 0.806027 0 0
0.772588 0.0748446 0.80295 0 0
0.773376 0.0788064 0.800539 0 0
0.774206 0.08306 0.798774 0 0
0.775081 0.0874502 0.797595 0 0
0.775999 0.0918137 0.79692 0 0
0.776959 0.0959777 0.796673 0 0
0.777956 0.0997596 0.79681 0 0
0.778986 0.102969 0.79733 0 0
0.78004 0.105421 0.798288 0 0
0.780886 0.0846013 0.808367 0 0
0.781783 0.0896797 0.923014 0 0
0.782733 0.0950187 0.813737 0 0
0.783702 0.0968409 0.814945 0 0
0.784685 0.0983853 0.818874 0 0
0.785684 0.0998935 0.833355 0 0
0.786704 0.101978 0.837005 0 0
0.787755 0.105104 0.817481 0 0
0.788835 0.107947 0.817155 0 0
0.789943 0.110811 0.817631 0 0
0.791081 0.113831 0.819643 0 0
0.792251 0.117026 0.819902 0 0
0.793454 0.120225 0.820622 0 0
0.794687 0.123328 0.821635 0 0
0.79595 0.126331 0.822916 0 0
0.797242 0.129135 0.824758 0 0
0.798559 0.131752 0.826292 0 0
0.7999 0.134119 0.828086 0 0
0.801262 0.136193 0.830109 0 0
0.802488 0.122594 0.757394 0 0
0.803791 0.130313 0.884045 0 0
0.805115 0.132404 0.808706 0 0
0.806415 0.129995 0.80867 0 0
0.807663 0.124792 0.840009 0 0
0.808851 0.118786 0.850799 0 0
0.809972 0.112127 0.856638 0 0
0.811022 0.104978 0.862948 0 0
0.811999 0.0976802 0.868382 0 0
0.812904 0.0905202 0.872734 0 0
0.813741 0.0836723 0.877949 0 0
0.814516 0.0774619 0.879935 0 0
0.815236 0.0720535 0.879425 0 0
0.815911 0.067524 0.87819 0 0
0.816551 0.0639609 0.876182 0 0
0.817165 0.0614165 0.87347 0 0
0.817764 0.0599066 0.870205 0 0
0.818358 0.0594149 0.866534 0 0
0.818957 0.0598994 0.862556 0 0
0.81957 0.0612553 0.859496 0 0
0.820204 0.0633976 0.85707 0 0
0.820866 0.0662429 0.854571 0 0
0.821563 0.0696731 0.852026 0 0
0.822298 0.0735472 0.849708 0 0
0.823076 0.0777159 0.847733 0 0
0.823896 0.0820238 0.846106 0 0
0.824759 0.0862664 0.845996 0 0
0.825662 0.0903099 0.845916 0 0
0.826601 0.0939722 0.846002 0 0
0.827572 0.0970566 0.846495 0 0
0.828566 0.0993802 0.847425 0 0
0.829477 0.0911719 0.810303 0 0
0.830359 0.0881751 0.948545 0 0
0.831276 0.0917216 0.890164 0 0
0.832215 0.0938072 0.868633 0 0
0.833169 0.0954501 0.870736 0 0
0.834145 0.097618 0.869031 0 0
0.835152 0.100667 0.854358 0 0
0.836184 0.103182 0.867675 0 0
0.837246 0.10621 0.866822 0 0
0.83834 0.109402 0.866329 0 0
0.839468 0.112798 0.86681 0 0
0.840631 0.116353 0.867045 0 0
0.841831 0.119942 0.867168 0 0
0.843065 0.123437 0.867797 0 0
0.844333 0.126777 0.868721 0 0
0.845632 0.129958 0.869769 0 0
0.846962 0.132937 0.870827 0 0
0.848318 0.135653 0.872133 0 0
0.849699 0.13806 0.873687 0 0
0.851212 0.151335 0.906268 0 0
0.852674 0.146195 0.906268 0 0
0.854079 0.140498 0.85875 0 0
0.85545 0.137067 0.893412 0 0
0.856772 0.132182 0.903513 0 0
0.858038 0.126621 0.898173 0 0
0.859237 0.119875 0.905946 0 0
0.860363 0.112621 0.913364 0 0
0.861416 0.10526 0.918648 0 0
0.862396 0.0980389 0.923005 0 0
0.863308 0.091193 0.926529 0 0
0.864157 0.0849273 0.929123 0 0
0.864951 0.0794093 0.930718 0 0
0.865699 0.0747704 0.93122 0 0
0.86641 0.0711049 0.930547 0 0
0.867095 0.0684701 0.928692 0 0
0.867764 0.0668859 0.925771 0 0
0.868427 0.0663368 0.92203 0 0
0.869095 0.0667755 0.917805 0 0
0.869776 0.0681278 0.913465 0 0
0.870479 0.0702978 0.909336 0 0
0.871211 0.0731726 0.905665 0 0
0.871977 0.0766257 0.902594 0 0
0.872782 0.0805198 0.900179 0 0
0.873629 0.084708 0.898401 0 0
0.87452 0.0890354 0.897199 0 0
0.875453 0.0933391 0.896493 0 0
0.876428 0.0974471 0.896203 0 0
0.877439 0.101178 0.896278 0 0
0.878483 0.104343 0.896706 0 0
0.87955 0.10676 0.897523 0 0
0.880407 0.0856211 0.90828 0 0
0.881316 0.0909629 1.01053 0 0
0.882275 0.0959082 0.919556 0 0
0.883253 0.0977663 0.916711 0 0
0.884247 0.0993812 0.918033 0 0
0.885264 0.101702 0.908741 0 0
0.886304 0.10406 0.912041 0 0
0.88737 0.106554 0.916804 0 0
0.888463 0.109306 0.917424 0 0
0.889585 0.112159 0.918558 0 0
0.890737 0.115226 0.919124 0 0
0.891921 0.11843 0.919535 0 0
0.893137 0.121635 0.920391 0 0
0.894385 0.124739 0.92166 0 0
0.895662 0.127688 0.923189 0 0
0.896967 0.130481 0.924824 0 0
0.898297 0.133075 0.926537 0 0
0.899652 0.135438 0.92781 0 0
0.901027 0.13749 0.929879 0 0
0.902355 0.13288 0.929879 0 0
0.903694 0.133887 0.979391 0 0
0.905055 0.136113 0.908841 0 0
0.906389 0.133389 0.908732 0 0
0.907681 0.129173 0.908721 0 0
0.908907 0.122577 0.942926 0 0
0.910062 0.115538 0.959606 0 0
0.911146 0.108408 0.963744 0 0
0.912158 0.101132 0.968464 0 0
0.913097 0.0939758 0.972957 0 0
0.91397 0.0872059 0.976377 0 0
0.91478 0.0810218 0.978844 0 0
0.915536 0.0755863 0.980387 0 0
0.916246 0.0710311 0.980846 0 0
0.91692 0.0674507 0.980123 0 0
0.917569 0.0649012 0.978219 0 0
0.918203 0.0634021 0.975246 0 0
0.918833 0.0629369 0.971456 0 0
0.919467 0.0634563 0.967234 0 0
0.920116 0.0648867 0.962898 0 0
0.920788 0.0671326 0.958759 0 0
0.921488 0.0700806 0.955071 0 0
0.922224 0.0736027 0.952013 0 0
0.923 0.0775619 0.949603 0 0
0.923818 0.0818116 0.947821 0 0
0.92468 0.0861963 0.94661 0 0
0.925586 0.0905523 0.945892 0 0
0.926533 0.0947062 0.945605 0 0
0.927517 0.0984747 0.945688 0 0
0.928534 0.101665 0.946153 0 0
0.929575 0.10409 0.947066 0 0
0.930539 0.0964063 0.908599 0 0
0.931471 0.0932285 1.04855 0 0
0.932436 0.096497 0.995355 0 0
0.933425 0.0988585 0.963643 0 0
0.934429 0.100431 0.966139 0 0
0.935453 0.102368 0.966924 0 0
0.9365 0.104726 0.965835 0 0
0.937573 0.10732 0.965488 0 0
0.938674 0.110049 0.965682 0 0
0.939803 0.112883 0.96613 0 0
0.940962 0.115922 0.966402 0 0
0.942153 0.119098 0.966477 0 0
0.943377 0.122399 0.96248 0 0
0.944602 0.122541 1.04228 0 0
0.945876 0.127397 0.970531 0 0
0.94718 0.130389 0.969512 0 0
0.948507 0.132725 0.9772 0 0
0.949857 0.134981 0.978791 0 0
0.95121 0.135285 0.978791 0 0
0.952704 0.149425 0.959339 0 0
0.954122 0.141796 0.960478 0 0
0.955471 0.134842 1.07753 0 0
0.956811 0.134063 0.987007 0 0
0.95811 0.129861 0.985562 0 0
0.959347 0.123733 1.00061 0 0
0.960517 0.116955 1.00841 0 0
0.961615 0.109787 1.01425 0 0
0.96264 0.102485 1.01958 0 0
0.963593 0.0953318 1.024 0 0
0.964479 0.0885661 1.02748 0 0
0.965302 0.082388 1.03005 0 0
0.966072 0.0769629 1.03163 0 0
0.966796 0.0724211 1.03212 0 0
0.967485 0.0688562 1.03142 0 0
0.968148 0.0663245 1.02952 0 0
0.968797 0.0648451 1.02655 0 0
0.969441 0.0644017 1.02275 0 0
0.97009 0.0649464 1.01846 0 0
0.970754 0.0664042 1.01406 0 0
0.971441 0.0686786 1.00989 0 0
0.972157 0.0716564 1.00619 0 0
0.97291 0.075211 1.00311 0 0
0.973702 0.0792048 1.00069 0 0
0.974537 0.0834908 0.998923 0 0
0.975416 0.0879137 0.99774 0 0
0.976339 0.0923093 0.997063 0 0
0.977304 0.096504 0.996815 0 0
0.978307 0.100313 0.996953 0 0
0.979342 0.103541 0.997479 0 0
0.980402 0.106 0.998454 0 0
0.981259 0.0856245 1.00823 0 0
0.982166 0.0907517 1.11661 0 0
0.983126 0.0959479 1.01367 0 0
0.984103 0.0977599 1.01428 0 0
0.985095 0.0991578 1.02181 0 0
0.986097 0.100268 1.04549 0 0
0.98713 0.103258 1.01777 0 0
0.988189 0.105936 1.01619 0 0
0.989275 0.108578 1.01831 0 0
0.990389 0.111362 1.01885 0 0
0.991532 0.114349 1.01919 0 0
0.992707 0.117461 1.01955 0 0
0.993913 0.120569 1.02039 0 0
0.995148 0.123579 1.02163 0 0
0.996413 0.126437 1.02312 0 0
0.997704 0.129144 1.02473 0 0
0.999019 0.13148 1.03153 0 0
1.00035 0.133592 1.03634 0 0
1.00171 0.135339 1.04294 0 0
1.00295 0.12367 1.0251 0 0
1.00428 0.133773 1.018 0 0
1.0056 0.132113 1.02377 0 0
1.00689 0.128802 1.04483 0 0
1.00814 0.124514 1.04148 0 0
1.00932 0.118685 1.04975 0 0
1.01044 0.111991 1.05802 0 0
1.01149 0.104873 1.06428 0 0
1.01247 0.097625 1.0695 0 0
1.01337 0.0905153 1.07382 0 0
1.01421 0.0837836 1.07722 0 0
1.01499 0.0776321 1.07969 0 0
1.01571 0.0722267 1.08118 0 0
1.01639 0.0676982 1.08158 0 0
1.01703 0.0641405 1.08081 0 0
1.01764 0.0616102 1.07888 0 0
1.01825 0.0601263 1.07588 0 0
1.01884 0.0596728 1.07207 0 0
1.01944 0.0602007 1.06781 0 0
1.02006 0.0616351 1.06346 0 0
1.0207 0.0638807 1.05931 0 0
1.02137 0.0668237 1.05562 0 0
1.02207 0.0703364 1.05255 0 0
1.02281 0.0742809 1.05014 0 0
1.0236 0.0785101 1.04838 0 0
1.02443 0.0828724 1.0471 0 0
1.0253 0.0872024 1.04631 0 0
1.02621 0.0913277 1.04596 0 0
1.02716 0.0950677 1.04596 0 0
1.02815 0.0982337 1.04633 0 0
1.02915 0.100643 1.04713 0 0
1.03008 0.0926559 1.00851 0 0
1.03097 0.089493 1.14846 0 0
1.0319 0.0927674 1.09702 0 0
1.03286 0.0952775 1.06257 0 0
1.03382 0.0969673 1.06481 0 0
1.03482 0.0990428 1.06553 0 0
1.03583 0.101574 1.06422 0 0
1.03687 0.104367 1.06366 0 0
1.03795 0.107312 1.06368 0 0
1.03905 0.110378 1.06391 0 0
1.04019 0.113667 1.06408 0 0
1.04136 0.117108 1.06405 0 0
1.04256 0.120562 1.06436 0 0
1.0438 0.123909 1.06548 0 0
1.04505 0.124369 1.06548 0 0
1.04632 0.127715 1.10033 0 0
1.04764 0.131708 1.07226 0 0
1.04899 0.134382 1.07412 0 0
1.05035 0.136543 1.07874 0 0
1.05185 0.149838 1.06363 0 0
1.05327 0.14182 1.05861 0 0
1.05463 0.136019 1.14384 0 0
1.05598 0.134713 1.08541 0 0
1.05728 0.130402 1.08734 0 0
1.05852 0.124381 1.09977 0 0
1.0597 0.117628 1.10748 0 0
1.0608 0.110453 1.11358 0 0
1.06184 0.103137 1.11895 0 0
1.06279 0.0959598 1.1234 0 0
1.06369 0.0891617 1.12692 0 0
1.06452 0.0829446 1.1295 0 0
1.06529 0.0774756 1.13109 0 0
1.06602 0.0728858 1.13158 0 0
1.06671 0.0692694 1.13087 0 0
1.06738 0.0666834 1.12897 0 0
1.06803 0.0651474 1.12599 0 0
1.06868 0.0646454 1.12218 0 0
1.06933 0.0651297 1.11791 0 0
1.06999 0.0665259 1.11352 0 0
1.07068 0.0687377 1.10937 0 0
1.0714 0.0716521 1.10569 0 0
1.07215 0.0751427 1.10262 0 0
1.07294 0.0790721 1.10022 0 0
1.07377 0.0832934 1.09846 0 0
1.07465 0.0876519 1.09729 0 0
1.07557 0.0919844 1.09662 0 0
1.07653 0.0961187 1.09638 0 0
1.07753 0.0998729 1.09652 0 0
1.07856 0.103058 1.09704 0 0
1.07961 0.105491 1.09799 0 0
1.08046 0.0844726 1.10819 0 0
1.08136 0.0896475 1.22016 0 0
1.0823 0.0949501 1.11353 0 0
1.08327 0.0967732 1.11465 0 0
1.08426 0.0983368 1.11823 0 0
1.08526 0.100297 1.11991 0 0
1.08627 0.101584 1.15124 0 0
1.08732 0.10465 1.12872 0 0
1.0884 0.107841 1.11617 0 0
1.08951 0.110721 1.11831 0 0
1.09064 0.113796 1.11941 0 0
1.09182 0.117036 1.11957 0 0
1.09302 0.120293 1.11996 0 0
1.09425 0.123494 1.11969 0 0
1.09552 0.126504 1.12124 0 0
1.09681 0.129356 1.12295 0 0
1.09813 0.132015 1.12462 0 0
1.09948 0.134423 1.12649 0 0
1.10084 0.136537 1.12856 0 0
1.10207 0.12277 1.10715 0 0
1.10338 0.131348 1.17012 0 0
1.10471 0.132947 1.10857 0 0
1.10602 0.130489 1.10851 0 0
1.10727 0.125353 1.13812 0 0
1.10846 0.119179 1.15418 0 0
1.10959 0.112466 1.16027 0 0
1.11064 0.105289 1.16617 0 0
1.11162 0.0980706 1.16807 0 0
1.11253 0.0910557 1.16784 0 0
1.11338 0.0844554 1.16649 0 0
1.11416 0.0784681 1.16424 0 0
1.11489 0.0731959 1.16299 0 0
1.11557 0.0681313 1.1809 0 0
1.11622 0.0644144 1.18156 0 0
1.11684 0.0618423 1.17833 0 0
1.11744 0.0602871 1.17527 0 0
1.11804 0.0597535 1.17155 0 0
1.11864 0.060203 1.16727 0 0
1.11925 0.0615586 1.1629 0 0
1.11989 0.063724 1.15875 0 0
1.12056 0.0665861 1.15506 0 0
1.12126 0.0700173 1.15199 0 0
1.122 0.0738795 1.14959 0 0
1.12278 0.0780258 1.14783 0 0
1.1236 0.0823012 1.14665 0 0
1.12447 0.0865425 1.14597 0 0
1.12537 0.0909017 1.13636 0 0
1.12632 0.0943089 1.14608 0 0
1.12729 0.0973417 1.14731 0 0
1.12829 0.0996865 1.14737 0 0
1.1292 0.0914936 1.10826 0 0
1.13009 0.0884115 1.24839 0 0
1.131 0.0916426 1.19992 0 0
1.13194 0.0940475 1.16603 0 0
1.1329 0.0957425 1.1679 0 0
1.13388 0.0978667 1.16808 0 0
1.13488 0.100488 1.16586 0 0
1.13592 0.103358 1.16555 0 0
1.13698 0.106393 1.16569 0 0
1.13808 0.10957 1.16572 0 0
1.13921 0.112985 1.16572 0 0
1.14037 0.116564 1.16558 0 0
1.14157 0.120161 1.1659 0 0
1.14281 0.123664 1.16668 0 0
1.14408 0.12701 1.16779 0 0
1.14538 0.130196 1.16902 0 0
1.14672 0.133178 1.17027 0 0
1.14807 0.135894 1.17177 0 0
1.14946 0.1383 1.17349 0 0
1.15098 0.152449 1.2061 0 0
1.15245 0.147185 1.2061 0 0
1.15386 0.141023 1.1586 0 0
1.15524 0.138048 1.17925 0 0
1.15657 0.132828 1.20308 0 0
1.15784 0.126978 1.20534 0 0
1.15904 0.12023 1.21117 0 0
1.16017 0.112991 1.21706 0 0
1.16123 0.105747 1.21811 0 0
1.16222 0.0985376 1.22236 0 0
1.16313 0.0916817 1.22618 0 0
1.16399 0.0855979 1.22345 0 0
1.16479 0.0803114 1.21984 0 0
1.16555 0.0758929 1.21669 0 0
1.16628 0.0724275 1.21388 0 0
1.16698 0.0699663 1.2113 0 0
1.16766 0.0685274 1.20886 0 0
1.16834 0.068099 1.20646 0 0
1.16903 0.0686442 1.20394 0 0
1.16973 0.0701058 1.20112 0 0
1.17045 0.0724141 1.19759 0 0
1.17121 0.0755066 1.19237 0 0
1.172 0.0794366 1.18093 0 0
1.1728 0.0794274 1.29853 0 0
1.17363 0.0828977 1.29143 0 0
1.17451 0.0885064 1.29143 0 0
1.17546 0.0952806 1.18499 0 0
1.17645 0.0984885 1.19738 0 0
1.17747 0.102135 1.19877 0 0
1.17852 0.105403 1.19668 0 0
1.1796 0.107849 1.19777 0 0
1.18047 0.0867388 1.20823 0 0
1.18139 0.0919423 1.31838 0 0
1.18236 0.097217 1.21333 0 0
1.18335 0.0987898 1.2209 0 0
1.18435 0.100315 1.2218 0 0
1.18538 0.102321 1.21975 0 0
1.18642 0.10464 1.21876 0 0
1.18749 0.107171 1.21884 0 0
1.18859 0.109837 1.21913 0 0
1.18972 0.112602 1.21967 0 0
1.19087 0.115568 1.22008 0 0
1.19206 0.118658 1.22049 0 0
1.19328 0.121749 1.22134 0 0
1.19453 0.124742 1.22255 0 0
1.1958 0.127582 1.22405 0 0
1.1971 0.130271 1.22565 0 0
1.19843 0.132766 1.22731 0 0
1.19978 0.135014 1.22917 0 0
1.20115 0.136973 1.23133 0 0
1.20239 0.123487 1.15649 0 0
1.2037 0.130848 1.28578 0 0
1.20503 0.13307 1.20852 0 0
1.20633 0.13057 1.20848 0 0
1.20759 0.125482 1.23516 0 0
1.20878 0.119257 1.25272 0 0
1.20991 0.112545 1.25866 0 0
1.21096 0.105389 1.26435 0 0
1.21194 0.0980746 1.26973 0 0
1.21285 0.0909012 1.27405 0 0
1.21369 0.0841059 1.27742 0 0
1.21447 0.077889 1.27987 0 0
1.21519 0.0724168 1.28134 0 0
1.21587 0.0678197 1.28174 0 0
1.21651 0.0641916 1.28096 0 0
1.21713 0.061597 1.27878 0 0
1.21773 0.0600757 1.27478 0 0
1.21833 0.0595566 1.27101 0 0
1.21893 0.0600145 1.26681 0 0
1.21954 0.0613809 1.26243 0 0
1.22017 0.0635574 1.25828 0 0
1.22084 0.0664305 1.25459 0 0
1.22154 0.0698731 1.25151 0 0
1.22228 0.0737471 1.2491 0 0
1.22305 0.0779057 1.24733 0 0
1.22388 0.0821935 1.24615 0 0
1.22474 0.086447 1.24546 0 0
1.22565 0.0904932 1.24522 0 0
1.22659 0.0941502 1.24534 0 0
1.22756 0.0972274 1.24584 0 0
1.22855 0.099539 1.24678 0 0
1.22947 0.0914947 1.20823 0 0
1.23035 0.0884667 1.3484 0 0
1.23127 0.0915433 1.30199 0 0
1.23221 0.0940533 1.26336 0 0
1.23317 0.0957317 1.26588 0 0
1.23415 0.0978169 1.26676 0 0
1.23515 0.100378 1.26555 0 0
1.23618 0.103211 1.26517 0 0
1.23724 0.106184 1.26597 0 0
1.23834 0.109285 1.26683 0 0
1.23946 0.112631 1.26718 0 0
1.24062 0.116136 1.26743 0 0
1.24182 0.119654 1.26817 0 0
1.24305 0.123075 1.26938 0 0
1.24431 0.126336 1.27089 0 0
1.24561 0.129436 1.27255 0 0
1.24693 0.132328 1.27427 0 0
1.24828 0.134955 1.27619 0 0
1.24965 0.137274 1.27829 0 0
1.25116 0.150788 1.28408 0 0
1.25262 0.14568 1.28408 0 0
1.25402 0.139789 1.26169 0 0
1.25539 0.137339 1.26599 0 0
1.25672 0.132573 1.28101 0 0
1.25798 0.126314 1.30063 0 0
1.25918 0.119536 1.3077 0 0
1.2603 0.112348 1.31328 0 0
1.26135 0.104999 1.31874 0 0
1.26233 0.0977869 1.32322 0 0
1.26324 0.0909546 1.32672 0 0
1.26408 0.0847029 1.32931 0 0
1.26488 0.0791994 1.33089 0 0
1.26562 0.0745755 1.33139 0 0
1.26633 0.0709259 1.33069 0 0
1.26701 0.0683077 1.32882 0 0
1.26768 0.0667408 1.32587 0 0
1.26834 0.0662097 1.3221 0 0
1.26901 0.0666668 1.31785 0 0
1.26969 0.068038 1.31349 0 0
1.27039 0.0702271 1.30935 0 0
1.27112 0.0731211 1.30568 0 0
1.27189 0.0765935 1.30261 0 0
1.27269 0.0805068 1.3002 0 0
1.27354 0.0847141 1.29844 0 0
1.27443 0.0890604 1.29727 0 0
1.27537 0.0933824 1.29659 0 0
1.27634 0.0975078 1.29635 0 0
1.27735 0.101254 1.29649 0 0
1.2784 0.104433 1.297 0 0
1.27947 0.106861 1.29796 0 0
1.28032 0.0858113 1.30814 0 0
1.28123 0.0903973 1.44832 0 0
1.28219 0.0961073 1.31316 0 0
1.28317 0.0979605 1.31369 0 0
1.28416 0.09946 1.31834 0 0
1.28517 0.100342 1.35006 0 0
1.28619 0.102113 1.35665 0 0
1.28724 0.105 1.33787 0 0
1.28832 0.107985 1.32672 0 0
1.28942 0.110662 1.32996 0 0
1.29056 0.113645 1.32862 0 0
1.29173 0.116694 1.33005 0 0
1.29293 0.119718 1.33241 0 0
1.29415 0.122633 1.33518 0 0
1.29541 0.125447 1.33631 0 0
1.29669 0.128265 1.33273 0 0
1.298 0.130952 1.32891 0 0
1.29933 0.133444 1.32514 0 0
1.30069 0.135697 1.32165 0 0
1.30201 0.131584 1.32165 0 0
1.30338 0.137004 1.30863 0 0
1.30473 0.135668 1.30857 0 0
1.30606 0.132691 1.30856 0 0
1.30734 0.128485 1.30853 0 0
1.30857 0.12296 1.31186 0 0
1.30974 0.116574 1.31736 0 0
1.31082 0.108356 1.36229 0 0
1.31183 0.100794 1.37234 0 0
1.31277 0.0936937 1.37371 0 0
1.31364 0.0869129 1.37695 0 0
1.31444 0.0806944 1.3797 0 0
1.3152 0.0752302 1.3812 0 0
1.3159 0.070647 1.38158 0 0
1.31657 0.0670347 1.38085 0 0
1.31722 0.0644501 1.379 0 0
1.31785 0.0629125 1.37613 0 0
1.31847 0.0624052 1.37248 0 0
1.3191 0.0628792 1.36842 0 0
1.31974 0.0642795 1.36372 0 0
1.32041 0.0664864 1.35955 0 0
1.3211 0.0693925 1.35586 0 0
1.32183 0.0728723 1.35277 0 0
1.3226 0.0767876 1.35034 0 0
1.32341 0.080991 1.34855 0 0
1.32426 0.0853268 1.34735 0 0
1.32516 0.08963 1.34666 0 0
1.32609 0.0937258 1.3464 0 0
1.32707 0.0974278 1.34653 0 0
1.32807 0.100549 1.34676 0 0
1.3291 0.102887 1.34746 0 0
1.33006 0.0953807 1.30844 0 0
1.33098 0.0922836 1.44838 0 0
1.33194 0.095775 1.38742 0 0
1.33292 0.0980093 1.36156 0 0
1.33391 0.0996013 1.36434 0 0
1.33493 0.10162 1.36452 0 0
1.33597 0.104067 1.36323 0 0
1.33704 0.106764 1.3627 0 0
1.33813 0.109606 1.36266 0 0
1.33926 0.112563 1.36283 0 0
1.34042 0.115733 1.36293 0 0
1.34161 0.119044 1.36291 0 0
1.34283 0.12236 1.3633 0 0
1.34409 0.125578 1.36412 0 0
1.34537 0.128642 1.36522 0 0
1.34669 0.131552 1.36642 0 0
1.34803 0.134268 1.36759 0 0
1.3494 0.136729 1.369 0 0
1.35079 0.138893 1.37065 0 0
1.35229 0.150213 1.4066 0 0
1.35374 0.144935 1.4066 0 0
1.35517 0.142917 1.4066 0 0
1.3565 0.1335 1.43982 0 0
1.35782 0.131889 1.3859 0 0
1.35909 0.12636 1.3894 0 0
1.36028 0.119285 1.4074 0 0
1.3614 0.112044 1.41393 0 0
1.36245 0.105212 1.40463 0 0
1.36343 0.0980934 1.4111 0 0
1.36434 0.0909051 1.42871 0 0
1.36519 0.084681 1.43096 0 0
1.36598 0.0792727 1.43148 0 0
1.36673 0.0747194 1.43208 0 0
1.36744 0.0711446 1.43147 0 0
1.36813 0.0686092 1.4296 0 0
1.3688 0.0671297 1.42666 0 0
1.36946 0.0666899 1.4229 0 0
1.37014 0.0672419 1.41865 0 0
1.37082 0.0687108 1.41428 0 0
1.37153 0.0710004 1.41012 0 0
1.37227 0.073997 1.40642 0 0
1.37305 0.0775741 1.40333 0 0
1.37387 0.0815937 1.40091 0 0
1.37472 0.0859089 1.39913 0 0
1.37563 0.0903639 1.39794 0 0
1.37658 0.0947942 1.39725 0 0
1.37757 0.099025 1.397 0 0
1.37859 0.10287 1.39714 0 0
1.37966 0.106133 1.39767 0 0
1.38074 0.108619 1.39866 0 0
1.38163 0.088504 1.40824 0 0
1.38256 0.0930851 1.54052 0 0
1.38354 0.0985729 1.41413 0 0
1.38454 0.0994887 1.4401 0 0
1.38555 0.101419 1.42145 0 0
1.38659 0.103407 1.41848 0 0
1.38764 0.105684 1.41561 0 0
1.38872 0.10801 1.41853 0 0
1.38983 0.11051 1.41905 0 0
1.39096 0.113107 1.4197 0 0
1.39212 0.115888 1.42016 0 0
1.39331 0.118787 1.42055 0 0
1.39452 0.121682 1.42129 0 0
1.39577 0.124477 1.42247 0 0
1.39704 0.127123 1.42396 0 0
1.39834 0.129619 1.42562 0 0
1.39966 0.131932 1.42725 0 0
1.401 0.133994 1.42943 0 0
1.40235 0.135788 1.43143 0 0
1.40361 0.125391 1.35802 0 0
1.40491 0.130751 1.48248 0 0
1.40623 0.131834 1.41586 0 0
1.40752 0.128625 1.43695 0 0
1.40876 0.123987 1.44309 0 0
1.40994 0.118086 1.45125 0 0
1.41105 0.111377 1.45881 0 0
1.4121 0.104244 1.46496 0 0
1.41307 0.0969893 1.47008 0 0
1.41396 0.0899029 1.47369 0 0
1.4148 0.0832689 1.4746 0 0
1.41557 0.0772343 1.47482 0 0
1.41629 0.0719626 1.47422 0 0
1.41697 0.0675458 1.47382 0 0
1.41761 0.0640319 1.47456 0 0
1.41822 0.0613565 1.47938 0 0
1.41882 0.0598891 1.47681 0 0
1.41941 0.0594952 1.47253 0 0
1.42001 0.0600758 1.46821 0 0
1.42063 0.0615629 1.46383 0 0
1.42127 0.0638635 1.45964 0 0
1.42194 0.0668636 1.45589 0 0
1.42264 0.0704354 1.45276 0 0
1.42339 0.0744403 1.4503 0 0
1.42417 0.0787311 1.4485 0 0
1.425 0.083152 1.44729 0 0
1.42588 0.0875384 1.44658 0 0
1.4268 0.0917157 1.44631 0 0
1.42775 0.0954986 1.44643 0 0
1.42874 0.0986921 1.44694 0 0
1.42975 0.101104 1.4479 0 0
1.43068 0.0935308 1.4083 0 0
1.43159 0.0904945 1.54844 0 0
1.43253 0.0941157 1.48622 0 0
1.43349 0.0959904 1.47135 0 0
1.43447 0.0975259 1.47356 0 0
1.43546 0.0995298 1.47265 0 0
1.43648 0.102 1.46927 0 0
1.43753 0.10472 1.46708 0 0
1.4386 0.10752 1.46757 0 0
1.43971 0.110428 1.46817 0 0
1.44084 0.113548 1.46859 0 0
1.44202 0.117375 1.45254 0 0
1.44322 0.120255 1.4691 0 0
1.44445 0.1234 1.47015 0 0
1.44572 0.126499 1.46934 0 0
1.44701 0.129417 1.46998 0 0
1.44833 0.132143 1.47063 0 0
1.44968 0.134624 1.47141 0 0
1.45105 0.136816 1.47247 0 0
1.45253 0.147943 1.49582 0 0
1.45396 0.143344 1.49582 0 0
1.45531 0.135281 1.52266 0 0
1.45667 0.135041 1.46265 0 0
1.45797 0.130658 1.4723 0 0
1.45921 0.124106 1.50251 0 0
1.46039 0.117335 1.50924 0 0
1.46149 0.110211 1.51402 0 0
1.46252 0.102916 1.51948 0 0
1.46348 0.095767 1.52395 0 0
1.46437 0.0890077 1.52741 0 0
1.46519 0.0828352 1.52996 0 0
1.46597 0.0774155 1.53154 0 0
1.4667 0.0728793 1.53203 0 0
1.46739 0.0693204 1.53134 0 0
1.46806 0.0667954 1.52946 0 0
1.46871 0.0653236 1.52652 0 0
1.46936 0.064889 1.52274 0 0
1.47001 0.0654439 1.51847 0 0
1.47068 0.0669133 1.51409 0 0
1.47138 0.0692016 1.5099 0 0
1.4721 0.0721947 1.50619 0 0
1.47285 0.0757657 1.5031 0 0
1.47365 0.0797771 1.50068 0 0
1.47449 0.0840821 1.4989 0 0
1.47538 0.088525 1.49771 0 0
1.47631 0.0929419 1.49702 0 0
1.47728 0.0971587 1.49677 0 0
1.47829 0.100991 1.49691 0 0
1.47933 0.104245 1.49743 0 0
1.4804 0.106731 1.49841 0 0
1.48126 0.0863083 1.50817 0 0
1.48217 0.0911315 1.63211 0 0
1.48314 0.0964717 1.51671 0 0
1.48412 0.0983058 1.51563 0 0
1.48512 0.099677 1.52314 0 0
1.48612 0.100428 1.55629 0 0
1.48715 0.102548 1.54943 0 0
1.48821 0.105705 1.5233 0 0
1.48929 0.108293 1.52527 0 0
1.4904 0.110856 1.52861 0 0
1.49153 0.113628 1.53066 0 0
1.4927 0.11651 1.53289 0 0
1.49389 0.119356 1.53606 0 0
1.49511 0.122138 1.53794 0 0
1.49636 0.124987 1.53321 0 0
1.49764 0.127766 1.52818 0 0
1.49894 0.130416 1.52313 0 0
1.50027 0.132876 1.51852 0 0
1.50162 0.135102 1.51448 0 0
1.50287 0.124286 1.50741 0 0
1.50421 0.134259 1.5087 0 0
1.50554 0.132776 1.50852 0 0
1.50684 0.130026 1.50852 0 0
1.50809 0.125705 1.51418 0 0
1.50929 0.119625 1.53457 0 0
1.51042 0.112397 1.56035 0 0
1.51147 0.105262 1.56544 0 0
1.51245 0.0980502 1.56938 0 0
1.51336 0.0909362 1.57388 0 0
1.5142 0.0842005 1.57737 0 0
1.51498 0.0780526 1.57973 0 0
1.51571 0.0726532 1.58111 0 0
1.51639 0.0681297 1.5815 0 0
1.51703 0.0645771 1.58075 0 0
1.51765 0.0620513 1.57888 0 0
1.51826 0.0605716 1.57598 0 0
1.51886 0.0601212 1.5723 0 0
1.51947 0.0606494 1.56824 0 0
1.52009 0.062085 1.56405 0 0
1.52073 0.0643337 1.55999 0 0
1.5214 0.0672817 1.55633 0 0
1.52211 0.0707999 1.55329 0 0
1.52286 0.0747694 1.55036 0 0
1.52365 0.0790148 1.54851 0 0
1.52448 0.083387 1.54733 0 0
1.52536 0.087725 1.54663 0 0
1.52628 0.0918568 1.54629 0 0
1.52724 0.0956006 1.54617 0 0
1.52822 0.0987584 1.54643 0 0
1.52924 0.101137 1.54713 0 0
1.53017 0.0935508 1.50839 0 0
1.53108 0.090448 1.64833 0 0
1.53202 0.0939749 1.58774 0 0
1.53298 0.0962782 1.56127 0 0
1.53396 0.0979276 1.56398 0 0
1.53496 0.100006 1.56416 0 0
1.53598 0.102521 1.56283 0 0
1.53704 0.105289 1.56227 0 0
1.53812 0.108207 1.56221 0 0
1.53923 0.111242 1.56237 0 0
1.54037 0.114494 1.56245 0 0
1.54155 0.11789 1.56241 0 0
1.54277 0.121293 1.56278 0 0
1.54401 0.124598 1.56359 0 0
1.54529 0.127748 1.56469 0 0
1.5466 0.130742 1.56588 0 0
1.54793 0.13354 1.56704 0 0
1.54929 0.136079 1.56849 0 0
1.55067 0.137954 1.58073 0 0
1.55216 0.149093 1.59088 0 0
1.55361 0.144461 1.59088 0 0
1.55495 0.133793 1.66927 0 0
1.5563 0.1352 1.57363 0 0
1.55761 0.130999 1.58012 0 0
1.55886 0.124774 1.59931 0 0
1.56004 0.118019 1.6068 0 0
1.56115 0.110851 1.61309 0 0
1.56218 0.103777 1.61183 0 0
1.56315 0.0964361 1.62334 0 0
1.56404 0.0896189 1.62755 0 0
1.56488 0.0834385 1.62963 0 0
1.56566 0.0779978 1.63125 0 0
1.56639 0.0734378 1.6318 0 0
1.56709 0.0698561 1.6311 0 0
1.56776 0.0673076 1.62922 0 0
1.56842 0.0658115 1.62626 0 0
1.56908 0.065352 1.62248 0 0
1.56973 0.0658812 1.61821 0 0
1.57041 0.0673241 1.61383 0 0
1.5711 0.0695846 1.60967 0 0
1.57183 0.0725494 1.60598 0 0
1.57259 0.0760918 1.6029 0 0
1.57339 0.0800742 1.60048 0 0
1.57423 0.0843497 1.59872 0 0
1.57512 0.0887628 1.59754 0 0
1.57605 0.0931493 1.59686 0 0
1.57703 0.0973353 1.59662 0 0
1.57804 0.101136 1.59676 0 0
1.57908 0.104356 1.59729 0 0
1.58015 0.106805 1.59827 0 0
1.58101 0.0864235 1.60805 0 0
1.58193 0.0915545 1.71572 0 0
1.5829 0.0967179 1.61394 0 0
1.58388 0.0985244 1.61405 0 0
1.58488 0.100091 1.61666 0 0
1.5859 0.102075 1.61613 0 0
1.58695 0.104395 1.61576 0 0
1.58802 0.10694 1.61581 0 0
1.58911 0.109612 1.61625 0 0
1.59024 0.112381 1.61691 0 0
1.59139 0.11534 1.61749 0 0
1.59257 0.118426 1.61793 0 0
1.59379 0.121509 1.61877 0 0
1.59503 0.124491 1.61999 0 0
1.59631 0.127322 1.62145 0 0
1.59761 0.130001 1.623 0 0
1.59893 0.132489 1.6246 0 0
1.60028 0.134731 1.62637 0 0
1.60165 0.136689 1.62827 0 0
1.60293 0.128131 1.61429 0 0
1.60428 0.134787 1.63346 0 0
1.6056 0.132443 1.65605 0 0
1.6069 0.130225 1.63602 0 0
1.60816 0.125949 1.63647 0 0
1.60937 0.120996 1.63647 0 0
1.61048 0.111091 1.68691 0 0
1.61154 0.105817 1.66188 0 0
1.61253 0.098823 1.66442 0 0
1.61345 0.0915532 1.67445 0 0
1.61429 0.0848177 1.67762 0 0
1.61508 0.078687 1.67967 0 0
1.61581 0.073294 1.68118 0 0
1.6165 0.0687808 1.68159 0 0
1.61715 0.0652424 1.6808 0 0
1.61778 0.0627339 1.67885 0 0
1.61839 0.061274 1.67586 0 0
1.619 0.0608464 1.67207 0 0
1.61962 0.0614028 1.66781 0 0
1.62024 0.0628683 1.66346 0 0
1.6209 0.0651467 1.65933 0 0
1.62158 0.0681241 1.65566 0 0
1.62229 0.0716732 1.6526 0 0
1.62305 0.0756662 1.6499 0 0
1.62385 0.0799314 1.6485 0 0
1.62469 0.0843398 1.64731 0 0
1.62558 0.0887199 1.64652 0 0
1.62651 0.0928926 1.64628 0 0
1.62748 0.0966802 1.64642 0 0
1.62848 0.0998953 1.64694 0 0
1.6295 0.102357 1.64787 0 0
1.63031 0.0811323 1.65806 0 0
1.63117 0.0861951 1.76755 0 0
1.63209 0.0918587 1.66037 0 0
1.63303 0.0938318 1.66519 0 0
1.63398 0.0953848 1.66982 0 0
1.63496 0.0975766 1.66766 0 0
1.63596 0.100126 1.66649 0 0
1.63699 0.102904 1.66657 0 0
1.63805 0.105841 1.66683 0 0
1.63914 0.108897 1.66733 0 0
1.64026 0.112169 1.66774 0 0
1.64141 0.115589 1.66803 0 0
1.6426 0.119014 1.66876 0 0
1.64383 0.122342 1.66994 0 0
1.64508 0.125516 1.67143 0 0
1.64637 0.12853 1.67304 0 0
1.64768 0.131343 1.67471 0 0
1.64902 0.133896 1.6766 0 0
1.65038 0.136148 1.67868 0 0
1.65184 0.146144 1.63936 0 0
1.65325 0.140782 1.66077 0 0
1.6546 0.134645 1.76363 0 0
1.65593 0.133668 1.68667 0 0
1.65723 0.129516 1.68536 0 0
1.65846 0.123475 1.6996 0 0
1.65963 0.116742 1.70742 0 0
1.66073 0.109597 1.71337 0 0
1.66175 0.102306 1.71874 0 0
1.6627 0.0951535 1.72319 0 0
1.66359 0.0883797 1.72671 0 0
1.66441 0.0821864 1.72929 0 0
1.66518 0.0767403 1.73089 0 0
1.6659 0.0721729 1.73137 0 0
1.66658 0.0685782 1.73067 0 0
1.66724 0.0660134 1.72876 0 0
1.66789 0.064498 1.72578 0 0
1.66853 0.0640161 1.72198 0 0
1.66917 0.06452 1.71769 0 0
1.66983 0.0659351 1.7133 0 0
1.67051 0.0681653 1.70914 0 0
1.67123 0.0710975 1.70545 0 0
1.67197 0.0746052 1.70237 0 0
1.67276 0.0785511 1.69996 0 0
1.67358 0.0827883 1.6982 0 0
1.67446 0.087162 1.69702 0 0
1.67537 0.0915087 1.69635 0 0
1.67633 0.0956559 1.69611 0 0
1.67732 0.0994211 1.69624 0 0
1.67835 0.102614 1.69676 0 0
1.6794 0.105051 1.69772 0 0
1.68024 0.0841791 1.70785 0 0
1.68113 0.0893986 1.81682 0 0
1.68208 0.0946314 1.71384 0 0
1.68305 0.096482 1.71416 0 0
1.68403 0.0980764 1.71729 0 0
1.68503 0.100081 1.7181 0 0
1.68605 0.102489 1.71743 0 0
1.6871 0.105178 1.71702 0 0
1.68818 0.108 1.71705 0 0
1.68929 0.110917 1.7177 0 0
1.69043 0.11404 1.71815 0 0
1.69161 0.117299 1.7185 0 0
1.69281 0.120561 1.71928 0 0
1.69405 0.123722 1.72051 0 0
1.69532 0.126728 1.72201 0 0
1.69661 0.129576 1.72363 0 0
1.69793 0.132226 1.72532 0 0
1.69928 0.134622 1.72721 0 0
1.70065 0.136722 1.72928 0 0
1.70191 0.126245 1.7073 0 0
1.70324 0.133063 1.76168 0 0
1.70458 0.133874 1.70829 0 0
1.70589 0.1308 1.72678 0 0
1.70715 0.126011 1.74157 0 0
1.70835 0.120129 1.74975 0 0
1.70948 0.11345 1.75685 0 0
1.71055 0.106309 1.76324 0 0
1.71154 0.0990314 1.76856 0 0
1.71246 0.0918922 1.77289 0 0
1.71331 0.0851289 1.7763 0 0
1.7141 0.0789442 1.77878 0 0
1.71483 0.0735047 1.78027 0 0
1.71552 0.0689414 1.78067 0 0
1.71618 0.0653489 1.77989 0 0
1.7168 0.0627836 1.77795 0 0
1.71742 0.061265 1.77494 0 0
1.71802 0.060777 1.77113 0 0
1.71864 0.0612711 1.76686 0 0
1.71926 0.0626732 1.7625 0 0
1.71991 0.0648873 1.75835 0 0
1.72059 0.0678002 1.75466 0 0
1.7213 0.0712844 1.75159 0 0
1.72205 0.0752023 1.74918 0 0
1.72285 0.0794074 1.7474 0 0
1.72369 0.0837451 1.74619 0 0
1.72457 0.0880532 1.74546 0 0
1.72549 0.0921626 1.74511 0 0
1.72645 0.0958964 1.74505 0 0
1.72744 0.0990849 1.74482 0 0
1.72845 0.101025 1.76084 0 0
1.72938 0.0929787 1.70814 0 0
1.73024 0.0862272 1.8941 0 0
1.73117 0.092879 1.7586 0 0
1.73212 0.0949334 1.75844 0 0
1.73308 0.0962942 1.76979 0 0
1.73407 0.0985494 1.76352 0 0
1.73508 0.101131 1.76156 0 0
1.73612 0.103937 1.76138 0 0
1.73719 0.106919 1.76114 0 0
1.73829 0.110041 1.76086 0 0
1.73942 0.113393 1.76036 0 0
1.74055 0.112948 1.87291 0 0
1.74176 0.121322 1.70888 0 0
1.743 0.124006 1.74871 0 0
1.74427 0.126406 1.77581 0 0
1.74556 0.129535 1.77302 0 0
1.74689 0.132444 1.77326 0 0
1.74824 0.135021 1.7757 0 0
1.74961 0.13729 1.77808 0 0
1.75112 0.151296 1.72396 0 0
1.75259 0.146735 1.72396 0 0
1.75396 0.136655 1.83157 0 0
1.75532 0.136519 1.77565 0 0
1.75664 0.13202 1.78638 0 0
1.7579 0.125922 1.8 0 0
1.75909 0.119166 1.80699 0 0
1.76021 0.111971 1.81306 0 0
1.76126 0.104633 1.8185 0 0
1.76223 0.0974356 1.82294 0 0
1.76314 0.0906194 1.82645 0 0
1.76398 0.0843856 1.82903 0 0
1.76477 0.0789014 1.83061 0 0
1.76552 0.0742978 1.83108 0 0
1.76622 0.0706692 1.83036 0 0
1.7669 0.0680723 1.82846 0 0
1.76757 0.0665268 1.82549 0 0
1.76823 0.0660168 1.8217 0 0
1.76889 0.0664948 1.81745 0 0
1.76957 0.0678862 1.81309 0 0
1.77027 0.070095 1.80895 0 0
1.771 0.0730083 1.80529 0 0
1.77177 0.0764997 1.80223 0 0
1.77257 0.0804317 1.79984 0 0
1.77342 0.0846576 1.7981 0 0
1.77431 0.0890228 1.79693 0 0
1.77524 0.0933643 1.79627 0 0
1.77622 0.0975106 1.79603 0 0
1.77723 0.101281 1.79618 0 0
1.77828 0.104487 1.7967 0 0
1.77935 0.106951 1.79765 0 0
1.7802 0.0857336 1.80789 0 0
1.78111 0.0908871 1.92127 0 0
1.78208 0.0962344 1.81319 0 0
1.78306 0.0980414 1.81457 0 0
1.78405 0.0995477 1.81864 0 0
1.78507 0.101513 1.81833 0 0
1.7861 0.103332 1.83283 0 0
1.78715 0.105189 1.84896 0 0
1.78824 0.108473 1.82375 0 0
1.78935 0.111543 1.81703 0 0
1.7905 0.114524 1.8191 0 0
1.79167 0.117653 1.81976 0 0
1.79288 0.1208 1.8204 0 0
1.79412 0.123849 1.82159 0 0
1.79539 0.126746 1.82309 0 0
1.79668 0.129491 1.82468 0 0
1.798 0.132045 1.82633 0 0
1.79935 0.13435 1.82819 0 0
1.80071 0.136367 1.83023 0 0
1.80203 0.131685 1.83023 0 0
1.80338 0.134957 1.84895 0 0
1.80473 0.135698 1.80833 0 0
1.80606 0.132756 1.80827 0 0
1.80735 0.128532 1.80826 0 0
1.80857 0.12203 1.83972 0 0
1.80971 0.114865 1.86115 0 0
1.81079 0.107712 1.86536 0 0
1.8118 0.100456 1.86912 0 0
1.81273 0.0933085 1.87329 0 0
1.8136 0.0865318 1.87684 0 0
1.8144 0.0803424 1.87932 0 0
1.81515 0.0749026 1.88083 0 0
1.81585 0.0703417 1.88127 0 0
1.81652 0.0667539 1.88054 0 0
1.81716 0.0641957 1.87863 0 0
1.81779 0.0626862 1.87567 0 0
1.81841 0.0622094 1.87187 0 0
1.81904 0.0627167 1.86761 0 0
1.81968 0.0641332 1.86325 0 0
1.82034 0.0663628 1.8591 0 0
1.82103 0.0692923 1.85542 0 0
1.82176 0.0727943 1.85235 0 0
1.82253 0.076731 1.84994 0 0
1.82334 0.0809553 1.84818 0 0
1.82419 0.0853117 1.847 0 0
1.82509 0.089636 1.84632 0 0
1.82603 0.0937544 1.84608 0 0
1.827 0.0974817 1.84621 0 0
1.82801 0.100626 1.84664 0 0
1.82904 0.102993 1.84754 0 0
1.82999 0.0953918 1.80814 0 0
1.83091 0.0922458 1.94811 0 0
1.83187 0.0952757 1.90188 0 0
1.83284 0.0977614 1.86406 0 0
1.83384 0.0993502 1.86636 0 0
1.83485 0.101283 1.86757 0 0
1.83589 0.103656 1.86647 0 0
1.83695 0.106274 1.86611 0 0
1.83804 0.10903 1.86633 0 0
1.83916 0.111895 1.86678 0 0
1.84031 0.11497 1.86714 0 0
1.84149 0.118183 1.86738 0 0
1.8427 0.1214 1.86805 0 0
1.84395 0.124518 1.86916 0 0
1.84522 0.127481 1.87056 0 0
1.84653 0.13029 1.87206 0 0
1.84786 0.132903 1.8736 0 0
1.84921 0.135262 1.87536 0 0
1.85058 0.137328 1.87731 0 0
1.85207 0.148698 1.92053 0 0
1.8535 0.143227 1.92053 0 0
1.85491 0.141205 1.92053 0 0
1.85628 0.136205 1.88313 0 0
1.85759 0.131294 1.88834 0 0
1.85884 0.125216 1.8989 0 0
1.86002 0.118414 1.90659 0 0
1.86114 0.111613 1.90082 0 0
1.86219 0.104772 1.895 0 0
1.86316 0.0970014 1.92223 0 0
1.86406 0.0900638 1.92892 0 0
1.8649 0.0839093 1.92971 0 0
1.86568 0.0784772 1.93115 0 0
1.86642 0.0739203 1.93177 0 0
1.86713 0.0703473 1.93108 0 0
1.8678 0.0678113 1.92919 0 0
1.86847 0.0663305 1.92625 0 0
1.86913 0.0658889 1.92247 0 0
1.86979 0.0664384 1.91822 0 0
1.87047 0.0679041 1.91384 0 0
1.87117 0.0701895 1.90969 0 0
1.8719 0.0731811 1.90599 0 0
1.87267 0.0767522 1.90291 0 0
1.87348 0.0807652 1.90048 0 0
1.87433 0.0850731 1.8987 0 0
1.87522 0.0895197 1.89751 0 0
1.87616 0.093941 1.89684 0 0
1.87715 0.0981635 1.89659 0 0
1.87817 0.102002 1.89673 0 0
1.87922 0.105263 1.89726 0 0
1.8803 0.107756 1.89824 0 0
1.88117 0.0873527 1.90796 0 0
1.88209 0.0921535 2.03159 0 0
1.88307 0.0975622 1.91381 0 0
1.88405 0.0987393 1.93279 0 0
1.88505 0.0998654 1.94081 0 0
1.88608 0.102321 1.91886 0 0
1.88712 0.104641 1.9172 0 0
1.88819 0.107078 1.91766 0 0
1.88929 0.109611 1.91906 0 0
1.89041 0.112243 1.92011 0 0
1.89156 0.115075 1.92066 0 0
1.89274 0.118037 1.92092 0 0
1.89395 0.120993 1.9216 0 0
1.89519 0.123888 1.92153 0 0
1.89646 0.126605 1.92287 0 0
1.89775 0.12916 1.92467 0 0
1.89906 0.131536 1.9262 0 0
1.9004 0.133669 1.92799 0 0
1.90176 0.135624 1.92964 0 0
1.90299 0.12345 1.8571 0 0
1.90429 0.129802 1.98496 0 0
1.90561 0.131776 1.90829 0 0
1.90689 0.128609 1.92837 0 0
1.90813 0.123619 1.94648 0 0
1.90931 0.117664 1.95433 0 0
1.91042 0.11118 1.95408 0 0
1.91146 0.104315 1.95304 0 0
1.91244 0.0973919 1.95085 0 0
1.91334 0.0906782 1.94809 0 0
1.91418 0.083714 1.96476 0 0
1.91495 0.0771558 1.98147 0 0
1.91567 0.0717039 1.98187 0 0
1.91634 0.0672061 1.98138 0 0
1.91698 0.0636603 1.98064 0 0
1.91759 0.0611392 1.97881 0 0
1.91818 0.0596684 1.97582 0 0
1.91878 0.0592299 1.972 0 0
1.91937 0.0597744 1.9677 0 0
1.91999 0.061227 1.9633 0 0
1.92062 0.0634912 1.95911 0 0
1.92129 0.0664535 1.95538 0 0
1.92199 0.0699862 1.95227 0 0
1.92273 0.0739512 1.94983 0 0
1.92351 0.0782014 1.94804 0 0
1.92434 0.0830131 1.93437 0 0
1.92521 0.0870081 1.94723 0 0
1.92612 0.0911072 1.94714 0 0
1.92707 0.0948868 1.9461 0 0
1.92805 0.0980457 1.94668 0 0
1.92905 0.100422 1.9477 0 0
1.92998 0.0927729 1.90805 0 0
1.93088 0.0896979 2.04811 0 0
1.93181 0.0929581 1.99737 0 0
1.93276 0.0952967 1.96609 0 0
1.93373 0.0969412 1.96813 0 0
1.93472 0.0989894 1.96842 0 0
1.93573 0.101483 1.96696 0 0
1.93678 0.104234 1.96624 0 0
1.93785 0.107136 1.96605 0 0
1.93895 0.110157 1.9661 0 0
1.94008 0.113399 1.96607 0 0
1.94125 0.11679 1.96592 0 0
1.94245 0.120191 1.9662 0 0
1.94369 0.123497 1.96693 0 0
1.94495 0.126649 1.96795 0 0
1.94625 0.129647 1.96908 0 0
1.94758 0.132448 1.97021 0 0
1.94893 0.134994 1.97158 0 0
1.9503 0.13724 1.97318 0 0
1.95178 0.148538 2.00637 0 0
1.95322 0.143588 2.00637 0 0
1.95461 0.138761 1.95838 0 0
1.95596 0.135491 1.98729 0 0
1.95727 0.130441 2.0045 0 0
1.95851 0.124645 2.00628 0 0
1.95969 0.117936 2.0122 0 0
1.9608 0.110751 2.018 0 0
1.96183 0.103446 2.02251 0 0
1.9628 0.0964451 2.02159 0 0
1.9637 0.089966 2.01714 0 0
1.96454 0.0840879 2.01325 0 0
1.96533 0.0789643 2.00978 0 0
1.96608 0.0747198 2.00664 0 0
1.96679 0.0714425 2.00369 0 0
1.96748 0.0691869 2.00077 0 0
1.96816 0.0679775 1.99764 0 0
1.96884 0.0678211 1.99375 0 0
1.96953 0.0687633 1.98676 0 0
1.97019 0.06652 2.09821 0 0
1.97087 0.0679148 2.0983 0 0
1.97157 0.0701801 2.09677 0 0
1.97233 0.0752008 2.09677 0 0
1.97314 0.0817104 1.98208 0 0
1.97399 0.0847808 1.99951 0 0
1.97488 0.0890816 2.00028 0 0
1.97582 0.093588 1.9961 0 0
1.9768 0.0977927 1.99611 0 0
1.97781 0.101603 1.99651 0 0
1.97886 0.104846 1.997 0 0
1.97993 0.107322 1.99795 0 0
1.9808 0.0867442 2.0079 0 0
1.98172 0.0918699 2.11729 0 0
1.98269 0.0967238 2.02511 0 0
1.98367 0.0986466 2.01811 0 0
1.98467 0.100184 2.02081 0 0
1.9857 0.102121 2.01994 0 0
1.98674 0.104422 2.01847 0 0
1.98781 0.106925 2.01812 0 0
1.9889 0.109521 2.0192 0 0
1.99003 0.112236 2.01951 0 0
1.99118 0.115136 2.02006 0 0
1.99236 0.118164 2.0204 0 0
1.99357 0.121191 2.02115 0 0
1.99481 0.124118 2.02231 0 0
1.99608 0.126892 2.02379 0 0
1.99738 0.129513 2.02546 0 0
1.9987 0.13195 2.02701 0 0
2.00004 0.134141 2.02882 0 0
2.0014 0.136048 2.03083 0 0
2.00266 0.126203 1.95767 0 0
2.00398 0.131436 2.07997 0 0
2.0053 0.132334 2.01806 0 0
2.00659 0.129225 2.03619 0 0
2.00784 0.12466 2.04098 0 0
2.00903 0.118773 2.0492 0 0
2.01015 0.11206 2.05701 0 0
2.01119 0.104918 2.06331 0 0
2.01217 0.0976477 2.06855 0 0
2.01308 0.0905203 2.07288 0 0
2.01391 0.0837734 2.0763 0 0
2.01469 0.0776086 2.07879 0 0
2.01541 0.0721917 2.08029 0 0
2.01609 0.0676526 2.08072 0 0
2.01673 0.0640852 2.07998 0 0
2.01735 0.0615459 2.07806 0 0
2.01795 0.0600537 2.07508 0 0
2.01854 0.0595925 2.07128 0 0
2.01914 0.0601136 2.06701 0 0
2.01976 0.0615421 2.06264 0 0
2.0204 0.0637816 2.05849 0 0
2.02106 0.066719 2.05479 0 0
2.02177 0.0702265 2.05171 0 0
2.02251 0.0741663 2.0493 0 0
2.02329 0.0783911 2.04754 0 0
2.02412 0.0827457 2.04636 0 0
2.02499 0.0870662 2.04567 0 0
2.0259 0.0911797 2.04542 0 0
2.02685 0.0949032 2.04556 0 0
2.02783 0.0980457 2.04607 0 0
2.02883 0.100421 2.04701 0 0
2.02976 0.0925092 2.00799 0 0
2.03066 0.0897808 2.0795 0 0
2.03159 0.0928834 2.08833 0 0
2.03252 0.093405 2.11869 0 0
2.03348 0.096115 2.07367 0 0
2.03446 0.0982453 2.07355 0 0
2.03547 0.100598 2.0755 0 0
2.03651 0.10356 2.06713 0 0
2.03757 0.10654 2.06542 0 0
2.03867 0.109544 2.06675 0 0
2.03979 0.11276 2.06799 0 0
2.04096 0.116149 2.06828 0 0
2.04215 0.119548 2.06903 0 0
2.04338 0.122847 2.07029 0 0
2.04464 0.125987 2.07186 0 0
2.04593 0.128968 2.07357 0 0
2.04725 0.131745 2.07534 0 0
2.04859 0.134299 2.0761 0 0
2.04996 0.136692 2.07356 0 0
2.05143 0.147329 2.08406 0 0
2.05286 0.142946 2.08406 0 0
2.05424 0.138195 2.06808 0 0
2.0556 0.135536 2.07252 0 0
2.0569 0.130487 2.09439 0 0
2.05815 0.124617 2.09996 0 0
2.05933 0.11791 2.10667 0 0
2.06043 0.110721 2.11331 0 0
2.06147 0.103403 2.1187 0 0
2.06243 0.0962286 2.12309 0 0
2.06332 0.0894329 2.12659 0 0
2.06416 0.083219 2.12917 0 0
2.06493 0.077754 2.13076 0 0
2.06567 0.073169 2.13125 0 0
2.06636 0.0695582 2.13055 0 0
2.06703 0.0669788 2.12867 0 0
2.06769 0.0654503 2.12571 0 0
2.06834 0.0649571 2.12193 0 0
2.06899 0.0654514 2.11766 0 0
2.06966 0.0668588 2.11328 0 0
2.07035 0.0690831 2.10913 0 0
2.07107 0.0720112 2.10544 0 0
2.07182 0.0755165 2.10236 0 0
2.07262 0.0794614 2.09994 0 0
2.07346 0.0836991 2.09818 0 0
2.07434 0.0880745 2.09699 0 0
2.07526 0.0924241 2.09631 0 0
2.07623 0.0965759 2.09606 0 0
2.07723 0.100347 2.09619 0 0
2.07827 0.103546 2.09672 0 0
2.07933 0.105992 2.09767 0 0
2.08018 0.0850757 2.10782 0 0
2.08108 0.0898795 2.23677 0 0
2.08203 0.0954278 2.11301 0 0
2.083 0.0972728 2.11383 0 0
2.08399 0.098797 2.11812 0 0
2.08499 0.0998449 2.14569 0 0
2.08601 0.102142 2.13883 0 0
2.08706 0.105375 2.11596 0 0
2.08815 0.108165 2.11696 0 0
2.08926 0.110978 2.11876 0 0
2.0904 0.114033 2.1191 0 0
2.09157 0.11723 2.11934 0 0
2.09277 0.120444 2.11969 0 0
2.09401 0.1236 2.11949 0 0
2.09527 0.126485 2.12338 0 0
2.09657 0.129199 2.12711 0 0
2.09788 0.131773 2.12885 0 0
2.09922 0.134094 2.13091 0 0
2.10059 0.136116 2.13332 0 0
2.10186 0.127853 2.10568 0 0
2.10319 0.132456 2.16805 0 0
2.10453 0.133957 2.10822 0 0
2.10583 0.130313 2.13805 0 0
2.10709 0.125764 2.13974 0 0
2.10829 0.120252 2.13622 0 0
2.10943 0.113993 2.13291 0 0
2.1105 0.107332 2.12966 0 0
2.11151 0.100432 2.1308 0 0
2.11243 0.0923168 2.17153 0 0
2.11328 0.0852592 2.17919 0 0
2.11408 0.079108 2.17895 0 0
2.11481 0.0736579 2.18015 0 0
2.1155 0.0690634 2.18083 0 0
2.11616 0.0654457 2.18011 0 0
2.11679 0.0628574 2.17819 0 0
2.1174 0.0613161 2.17523 0 0
2.11801 0.0614722 2.15208 0 0
2.11863 0.0613033 2.17193 0 0
2.11925 0.0627089 2.16456 0 0
2.1199 0.0649695 2.15856 0 0
2.12058 0.0678644 2.15516 0 0
2.1213 0.0713314 2.15217 0 0
2.12205 0.075236 2.14971 0 0
2.12284 0.0794263 2.14794 0 0
2.12368 0.083747 2.14675 0 0
2.12456 0.0880342 2.14606 0 0
2.12548 0.0921144 2.14581 0 0
2.12644 0.0958035 2.14593 0 0
2.12743 0.0989086 2.14644 0 0
2.12844 0.10124 2.14739 0 0
2.12938 0.0934417 2.10798 0 0
2.13028 0.0903515 2.248 0 0
2.13122 0.0936569 2.1947 0 0
2.13217 0.0959766 2.16469 0 0
2.13315 0.0976126 2.16685 0 0
2.13415 0.0996657 2.1671 0 0
2.13517 0.10217 2.16565 0 0
2.13622 0.104937 2.16495 0 0
2.1373 0.10786 2.1648 0 0
2.13841 0.110904 2.16487 0 0
2.13955 0.114174 2.16487 0 0
2.14072 0.117595 2.16474 0 0
2.14193 0.121029 2.16505 0 0
2.14318 0.124366 2.16581 0 0
2.14445 0.127549 2.16687 0 0
2.14576 0.130577 2.16804 0 0
2.14709 0.133406 2.16921 0 0
2.14845 0.135977 2.17062 0 0
2.14984 0.138247 2.17226 0 0
2.15132 0.148047 2.21026 0 0
2.15275 0.143069 2.21026 0 0
2.15416 0.14107 2.21026 0 0
2.15551 0.135171 2.20404 0 0
2.15682 0.13145 2.19043 0 0
2.15808 0.125744 2.1936 0 0
2.15928 0.119557 2.18506 0 0
2.1604 0.111813 2.21218 0 0
2.16144 0.104383 2.21887 0 0
2.16241 0.0972317 2.22175 0 0
2.16332 0.0904233 2.22534 0 0
2.16416 0.0841936 2.2281 0 0
2.16494 0.0787194 2.22973 0 0
2.16569 0.0741283 2.23026 0 0
2.16639 0.0705138 2.22962 0 0
2.16707 0.0679331 2.22778 0 0
2.16773 0.0664057 2.22487 0 0
2.16839 0.0659158 2.22112 0 0
2.16906 0.0664157 2.21689 0 0
2.16974 0.0678199 2.21285 0 0
2.17044 0.0700293 2.20934 0 0
2.17117 0.072962 2.20561 0 0
2.17193 0.0764752 2.20249 0 0
2.17273 0.0804278 2.20008 0 0
2.17358 0.0846745 2.19831 0 0
2.17447 0.08906 2.19713 0 0
2.17541 0.0934205 2.19645 0 0
2.17638 0.0975829 2.1962 0 0
2.1774 0.101364 2.19634 0 0
2.17844 0.104571 2.19686 0 0
2.17951 0.10702 2.19782 0 0
2.18037 0.0862698 2.20787 0 0
2.18128 0.0909544 2.34076 0 0
2.18225 0.0965391 2.21291 0 0
2.18323 0.0983606 2.21394 0 0
2.18423 0.0993056 2.23411 0 0
2.18524 0.101594 2.21972 0 0
2.18628 0.103991 2.21778 0 0
2.18735 0.106512 2.21884 0 0
2.18844 0.109188 2.21908 0 0
2.18956 0.11197 2.21933 0 0
2.19071 0.114942 2.2199 0 0
2.19189 0.118045 2.22035 0 0
2.1931 0.12115 2.22119 0 0
2.19434 0.124156 2.2225 0 0
2.19561 0.127025 2.2232 0 0
2.19691 0.129733 2.22471 0 0
2.19823 0.132253 2.22619 0 0
2.19958 0.134521 2.22803 0 0
2.20094 0.136501 2.23006 0 0
2.2022 0.125635 2.15656 0 0
2.20351 0.131144 2.28348 0 0
2.20484 0.133195 2.20815 0 0
2.20615 0.130683 2.20812 0 0
2.2074 0.125453 2.2386 0 0
2.2086 0.119377 2.2507 0 0
2.20972 0.112692 2.2565 0 0
2.21078 0.105531 2.26268 0 0
2.21176 0.0982262 2.26809 0 0
2.21267 0.0910645 2.27243 0 0
2.21351 0.0842812 2.27585 0 0
2.2143 0.0780775 2.27835 0 0
2.21502 0.0726196 2.27987 0 0
2.2157 0.068038 2.28031 0 0
2.21635 0.0644268 2.27959 0 0
2.21696 0.0618167 2.27845 0 0
2.21757 0.0602686 2.27557 0 0
2.21816 0.0597578 2.27167 0 0
2.21877 0.0602275 2.26736 0 0
2.21938 0.0616036 2.26296 0 0
2.22002 0.0637906 2.25877 0 0
2.22069 0.0666751 2.25504 0 0
2.22139 0.0701298 2.25192 0 0
2.22213 0.0740165 2.24947 0 0
2.22291 0.0781881 2.24767 0 0
2.22374 0.082489 2.24646 0 0
2.2246 0.0867545 2.24576 0 0
2.22551 0.0908119 2.24546 0 0
2.22646 0.0944752 2.24558 0 0
2.22743 0.0975519 2.24607 0 0
2.22843 0.0998517 2.247 0 0
2.22935 0.0920444 2.20786 0 0
2.23025 0.0900125 2.31547 0 0
2.23118 0.0928416 2.28514 0 0
2.23212 0.0944903 2.27757 0 0
2.23309 0.0966667 2.26108 0 0
2.23408 0.0988274 2.26173 0 0
2.23509 0.101207 2.2664 0 0
2.23613 0.104014 2.26592 0 0
2.2372 0.106988 2.26577 0 0
2.2383 0.110054 2.26637 0 0
2.23944 0.113319 2.26681 0 0
2.2406 0.116761 2.26709 0 0
2.24181 0.12022 2.26773 0 0
2.24304 0.123577 2.26892 0 0
2.24431 0.126774 2.27042 0 0
2.24561 0.12981 2.27204 0 0
2.24693 0.132662 2.27308 0 0
2.24829 0.135279 2.27368 0 0
2.24966 0.1376 2.27453 0 0
2.25113 0.146601 2.30879 0 0
2.25255 0.141825 2.30879 0 0
2.25393 0.138216 2.25819 0 0
2.25528 0.135065 2.28852 0 0
2.25658 0.130406 2.29427 0 0
2.25783 0.124623 2.29806 0 0
2.25901 0.117876 2.3059 0 0
2.26012 0.110667 2.31257 0 0
2.26115 0.103333 2.31782 0 0
2.26211 0.0963562 2.31579 0 0
2.26301 0.0897875 2.31376 0 0
2.26385 0.0838027 2.31198 0 0
2.26463 0.0785628 2.31039 0 0
2.26538 0.0741907 2.30897 0 0
2.26608 0.0707718 2.30768 0 0
2.26677 0.0683556 2.30649 0 0
2.26744 0.0669578 2.30536 0 0
2.2681 0.0665637 2.30427 0 0
2.26877 0.0671313 2.30319 0 0
2.26946 0.0685955 2.30208 0 0
2.27017 0.0708712 2.3009 0 0
2.27091 0.0738567 2.29957 0 0
2.27168 0.0774371 2.29802 0 0
2.2725 0.0814872 2.29609 0 0
2.27335 0.0858763 2.29353 0 0
2.27426 0.0904761 2.28981 0 0
2.27521 0.0951872 2.28346 0 0
2.27621 0.100156 2.26586 0 0
2.27721 0.0997189 2.39807 0 0
2.27823 0.102058 2.39818 0 0
2.27927 0.104287 2.38473 0 0
2.28012 0.0846983 2.3078 0 0
2.28103 0.0913801 2.36195 0 0
2.28199 0.0960676 2.31451 0 0
2.28297 0.0978956 2.31622 0 0
2.28397 0.0993967 2.32147 0 0
2.28497 0.100256 2.35324 0 0
2.28601 0.103762 2.30828 0 0
2.28707 0.106494 2.30876 0 0
2.28817 0.109261 2.30919 0 0
2.28929 0.112122 2.31036 0 0
2.29044 0.115109 2.31385 0 0
2.29162 0.118127 2.31947 0 0
2.29283 0.12128 2.31991 0 0
2.29407 0.124344 2.32083 0 0
2.29535 0.127243 2.32239 0 0
2.29665 0.129987 2.32402 0 0
2.29797 0.132536 2.32568 0 0
2.29932 0.134834 2.32756 0 0
2.30069 0.136841 2.3296 0 0
2.30202 0.13314 2.3296 0 0
2.30336 0.133601 2.38139 0 0
2.30471 0.135532 2.30819 0 0
2.30604 0.132761 2.30809 0 0
2.30732 0.128526 2.30808 0 0
2.30854 0.121839 2.34472 0 0
2.30969 0.114839 2.35966 0 0
2.31077 0.107716 2.36371 0 0
2.31177 0.100436 2.36864 0 0
2.31271 0.0932834 2.37318 0 0
2.31357 0.0865184 2.37663 0 0
2.31437 0.0803399 2.37912 0 0
2.31512 0.0749117 2.38064 0 0
2.31583 0.0703643 2.38108 0 0
2.3165 0.0667914 2.38033 0 0
2.31714 0.0642491 2.37841 0 0
2.31777 0.0627565 2.37542 0 0
2.31839 0.0622973 2.3716 0 0
2.31902 0.0628227 2.36733 0 0
2.31966 0.0642581 2.36295 0 0
2.32032 0.0665073 2.35879 0 0
2.32102 0.0694571 2.3551 0 0
2.32175 0.0729801 2.35202 0 0
2.32252 0.0769387 2.34962 0 0
2.32333 0.0811859 2.34785 0 0
2.32419 0.0855665 2.34667 0 0
2.32508 0.0899168 2.34599 0 0
2.32603 0.0940636 2.34573 0 0
2.327 0.0978235 2.34586 0 0
2.32801 0.101004 2.34636 0 0
2.32905 0.103418 2.34731 0 0
2.33001 0.095763 2.30798 0 0
2.33093 0.0925541 2.44795 0 0
2.33189 0.0956355 2.4003 0 0
2.33287 0.0980772 2.36444 0 0
2.33386 0.0996469 2.36682 0 0
2.33488 0.101558 2.36799 0 0
2.33592 0.103899 2.36696 0 0
2.33698 0.106479 2.36667 0 0
2.33808 0.109193 2.36695 0 0
2.3392 0.112015 2.36743 0 0
2.34035 0.115044 2.36775 0 0
2.3415 0.115523 2.36775 0 0
2.34271 0.120431 2.37859 0 0
2.34394 0.123706 2.36939 0 0
2.34521 0.126621 2.3724 0 0
2.3465 0.129391 2.37385 0 0
2.34782 0.131976 2.37565 0 0
2.34917 0.134323 2.3774 0 0
2.35053 0.136393 2.3791 0 0
2.35193 0.140257 2.35473 0 0
2.35332 0.138963 2.36288 0 0
2.35466 0.13363 2.45182 0 0
2.35598 0.132328 2.38762 0 0
2.35726 0.128133 2.38614 0 0
2.35848 0.122107 2.39951 0 0
2.35964 0.115372 2.40736 0 0
2.36072 0.108228 2.41333 0 0
2.36173 0.100946 2.41867 0 0
2.36267 0.0938044 2.4231 0 0
2.36354 0.0870445 2.42659 0 0
2.36435 0.080867 2.42916 0 0
2.3651 0.0754384 2.43074 0 0
2.36581 0.0708894 2.43121 0 0
2.36648 0.067314 2.43049 0 0
2.36713 0.0647689 2.42858 0 0
2.36776 0.0632733 2.42559 0 0
2.36839 0.0628112 2.42177 0 0
2.36903 0.0633345 2.41747 0 0
2.36967 0.0647686 2.41307 0 0
2.37034 0.067017 2.40889 0 0
2.37104 0.0699666 2.40519 0 0
2.37178 0.0734907 2.4021 0 0
2.37255 0.0774518 2.39968 0 0
2.37337 0.081703 2.39792 0 0
2.37423 0.0860893 2.39673 0 0
2.37513 0.0904473 2.39606 0 0
2.37608 0.0946045 2.39581 0 0
2.37706 0.0983784 2.39595 0 0
2.37808 0.101579 2.39646 0 0
2.37912 0.104023 2.39742 0 0
2.37995 0.0831398 2.40767 0 0
2.38084 0.0883529 2.51639 0 0
2.38177 0.0935987 2.41398 0 0
2.38273 0.0954612 2.4143 0 0
2.3837 0.0970885 2.41705 0 0
2.38469 0.0988872 2.42506 0 0
2.38569 0.100344 2.45125 0 0
2.38673 0.103758 2.42034 0 0
2.3878 0.106886 2.41381 0 0
2.38889 0.109815 2.41631 0 0
2.39002 0.112979 2.41703 0 0
2.39119 0.116302 2.41717 0 0
2.39238 0.11963 2.41792 0 0
2.39361 0.12286 2.41913 0 0
2.39487 0.125935 2.42063 0 0
2.39616 0.128855 2.42225 0 0
2.39748 0.131576 2.42392 0 0
2.39882 0.134043 2.42581 0 0
2.40018 0.136213 2.4279 0 0
2.4015 0.131938 2.40762 0 0
2.40284 0.134602 2.45735 0 0
2.40418 0.134013 2.42997 0 0
2.40549 0.130712 2.44823 0 0
2.40675 0.126423 2.4422 0 0
2.40797 0.121062 2.43533 0 0
2.40912 0.115031 2.4266 0 0
2.4102 0.108186 2.43105 0 0
2.4112 0.0999277 2.47108 0 0
2.41213 0.0929392 2.46697 0 0
2.41299 0.0860212 2.476 0 0
2.41378 0.0797771 2.47932 0 0
2.41453 0.0743317 2.48028 0 0
2.41523 0.0697513 2.48066 0 0
2.41589 0.066138 2.47996 0 0
2.41652 0.0635531 2.47804 0 0
2.41714 0.0620154 2.47506 0 0
2.41776 0.0615084 2.47126 0 0
2.41838 0.0619839 2.467 0 0
2.41901 0.0633672 2.46265 0 0
2.41967 0.0655624 2.45851 0 0
2.42035 0.0684562 2.45484 0 0
2.42107 0.071921 2.45178 0 0
2.42183 0.0758191 2.44938 0 0
2.42263 0.0800036 2.44763 0 0
2.42347 0.0843193 2.44646 0 0
2.42436 0.0886026 2.44579 0 0
2.42528 0.0926812 2.44554 0 0
2.42625 0.096373 2.44568 0 0
2.42724 0.099488 2.44619 0 0
2.42826 0.101841 2.44713 0 0
2.4292 0.0938652 2.40786 0 0
2.43011 0.0907274 2.54785 0 0
2.43105 0.0939016 2.49817 0 0
2.43201 0.096345 2.46374 0 0
2.43299 0.0979811 2.46585 0 0
2.43399 0.0999994 2.46656 0 0
2.43501 0.102473 2.46524 0 0
2.43607 0.105207 2.46467 0 0
2.43715 0.108093 2.46468 0 0
2.43826 0.1111 2.46492 0 0
2.4394 0.114329 2.46507 0 0
2.44058 0.117709 2.46511 0 0
2.44179 0.1211 2.46557 0 0
2.44303 0.124394 2.46649 0 0
2.44431 0.127534 2.46771 0 0
2.44561 0.130518 2.46904 0 0
2.44695 0.133303 2.47038 0 0
2.44831 0.135831 2.47195 0 0
2.44969 0.138059 2.47373 0 0
2.45111 0.142522 2.49925 0 0
2.4525 0.138899 2.49925 0 0
2.45385 0.134686 2.51297 0 0
2.45518 0.133743 2.47941 0 0
2.45648 0.129374 2.48556 0 0
2.45771 0.123362 2.49846 0 0
2.45888 0.117017 2.49491 0 0
2.45998 0.109554 2.51265 0 0
2.461 0.102179 2.51904 0 0
2.46195 0.0950267 2.52252 0 0
2.46283 0.0882271 2.52605 0 0
2.46365 0.0820024 2.52871 0 0
2.46442 0.0765261 2.53029 0 0
2.46514 0.0719275 2.53076 0 0
2.46582 0.0683006 2.53005 0 0
2.46648 0.0657027 2.52814 0 0
2.46712 0.0641534 2.52516 0 0
2.46775 0.0636368 2.52135 0 0
2.4684 0.0641051 2.51707 0 0
2.46905 0.0654838 2.51268 0 0
2.46973 0.0676766 2.50852 0 0
2.47043 0.0705706 2.50483 0 0
2.47117 0.074039 2.50176 0 0
2.47195 0.0779445 2.49935 0 0
2.47277 0.0821401 2.4976 0 0
2.47364 0.0864709 2.49642 0 0
2.47455 0.090774 2.49576 0 0
2.4755 0.0948773 2.49551 0 0
2.47648 0.0985991 2.49565 0 0
2.4775 0.101751 2.49617 0 0
2.47854 0.10415 2.49712 0 0
2.47937 0.0830106 2.50755 0 0
2.48025 0.0882824 2.61528 0 0
2.48119 0.0934575 2.51572 0 0
2.48214 0.0953529 2.51474 0 0
2.4831 0.0958028 2.5522 0 0
2.48409 0.0986294 2.51968 0 0
2.4851 0.101376 2.51321 0 0
2.48614 0.104088 2.51505 0 0
2.48721 0.106984 2.51552 0 0
2.48831 0.110011 2.51583 0 0
2.48944 0.113251 2.51628 0 0
2.49061 0.116632 2.51681 0 0
2.49181 0.119881 2.5218 0 0
2.49304 0.123108 2.52378 0 0
2.4943 0.126177 2.52613 0 0
2.49559 0.129055 2.52928 0 0
2.49691 0.131695 2.5331 0 0
2.49825 0.134024 2.53807 0 0
2.49961 0.136236 2.53699 0 0
2.50094 0.132874 2.50772 0 0
2.50231 0.137243 2.51887 0 0
2.50367 0.135619 2.50991 0 0
2.505 0.133183 2.50792 0 0
2.50628 0.128175 2.53427 0 0
2.5075 0.122 2.55078 0 0
2.50866 0.115309 2.5568 0 0
2.50974 0.108161 2.56259 0 0
2.51075 0.100848 2.56808 0 0
2.51168 0.0936704 2.5725 0 0
2.51255 0.0868679 2.57594 0 0
2.51336 0.0806416 2.57846 0 0
2.51411 0.0751588 2.57999 0 0
2.51481 0.070551 2.58043 0 0
2.51548 0.0669127 2.57969 0 0
2.51613 0.064301 2.57777 0 0
2.51675 0.0627355 2.57479 0 0
2.51738 0.0622002 2.571 0 0
2.518 0.0626471 2.56674 0 0
2.51864 0.0640017 2.56239 0 0
2.5193 0.0661681 2.55826 0 0
2.51999 0.0690332 2.55459 0 0
2.52072 0.0724696 2.55154 0 0
2.52148 0.0763396 2.54915 0 0
2.52229 0.0804965 2.5474 0 0
2.52314 0.084785 2.54624 0 0
2.52403 0.0890419 2.54557 0 0
2.52496 0.0930957 2.54532 0 0
2.52592 0.0967704 2.54526 0 0
2.52692 0.0998722 2.54559 0 0
2.52795 0.102217 2.54635 0 0
2.52889 0.0941765 2.50778 0 0
2.5298 0.0910064 2.64775 0 0
2.53074 0.0943649 2.59237 0 0
2.53171 0.0967511 2.56129 0 0
2.53269 0.0983906 2.56364 0 0
2.5337 0.100437 2.5641 0 0
2.53473 0.102936 2.56276 0 0
2.53578 0.105698 2.56219 0 0
2.53687 0.108614 2.56216 0 0
2.53799 0.111653 2.56236 0 0
2.53913 0.114917 2.56248 0 0
2.54032 0.118333 2.56245 0 0
2.54154 0.121759 2.56286 0 0
2.54279 0.125091 2.5637 0 0
2.54407 0.128268 2.56483 0 0
2.54538 0.131288 2.56609 0 0
2.54672 0.134112 2.56731 0 0
2.54809 0.136598 2.57106 0 0
2.54948 0.139038 2.5669 0 0
2.55094 0.145612 2.51216 0 0
2.55231 0.137815 2.6546 0 0
2.55365 0.134009 2.69757 0 0
2.55499 0.133951 2.58804 0 0
2.55629 0.129972 2.58372 0 0
2.55751 0.121616 2.66726 0 0
2.55867 0.116475 2.66726 0 0
2.55979 0.111576 2.57301 0 0
2.56082 0.102621 2.62071 0 0
2.56177 0.0952643 2.62592 0 0
2.56265 0.0885837 2.62517 0 0
2.56348 0.0823533 2.62826 0 0
2.56425 0.0768613 2.63018 0 0
2.56497 0.0722567 2.63063 0 0
2.56566 0.068624 2.62991 0 0
2.56632 0.0660191 2.628 0 0
2.56696 0.0644622 2.62502 0 0
2.5676 0.0639377 2.6212 0 0
2.56824 0.0643975 2.61691 0 0
2.5689 0.0657673 2.61252 0 0
2.56958 0.0679508 2.60836 0 0
2.57029 0.070835 2.60468 0 0
2.57103 0.0742935 2.60161 0 0
2.57181 0.0781887 2.59922 0 0
2.57264 0.0823741 2.59746 0 0
2.5735 0.0866945 2.5963 0 0
2.57441 0.0909867 2.59563 0 0
2.57537 0.0950786 2.59539 0 0
2.57635 0.0987875 2.59553 0 0
2.57737 0.101923 2.59605 0 0
2.57842 0.104301 2.59701 0 0
2.57925 0.0833111 2.60743 0 0
2.58013 0.0885625 2.71504 0 0
2.58107 0.0938118 2.61223 0 0
2.58203 0.0954428 2.61972 0 0
2.583 0.0969505 2.62406 0 0
2.58399 0.0992215 2.61718 0 0
2.58501 0.101823 2.61358 0 0
2.58605 0.104521 2.61544 0 0
2.58713 0.107392 2.61618 0 0
2.58823 0.110395 2.61666 0 0
2.58937 0.113616 2.61704 0 0
2.59054 0.116984 2.6173 0 0
2.59174 0.120362 2.61795 0 0
2.59298 0.123643 2.61907 0 0
2.59424 0.126766 2.62054 0 0
2.59554 0.129729 2.62219 0 0
2.59687 0.132493 2.62381 0 0
2.59822 0.134998 2.62566 0 0
2.59959 0.137204 2.62771 0 0
2.60093 0.134335 2.60508 0 0
2.60231 0.137524 2.62085 0 0
2.60364 0.133411 2.6908 0 0
2.60496 0.131991 2.63645 0 0
2.60624 0.127803 2.63553 0 0
2.60746 0.121764 2.64983 0 0
2.60861 0.114996 2.65836 0 0
2.60969 0.108 2.65921 0 0
2.6107 0.100912 2.65915 0 0
2.61163 0.0935399 2.67222 0 0
2.6125 0.0866857 2.67632 0 0
2.6133 0.0804772 2.67827 0 0
2.61405 0.0750036 2.67972 0 0
2.61476 0.0704767 2.67797 0 0
2.61542 0.0667866 2.67954 0 0
2.61607 0.0641719 2.67777 0 0
2.61669 0.0626208 2.67454 0 0
2.61731 0.0620941 2.67074 0 0
2.61794 0.0625484 2.66651 0 0
2.61858 0.063911 2.66216 0 0
2.61924 0.0660854 2.65804 0 0
2.61993 0.0689584 2.65438 0 0
2.62065 0.0724025 2.65135 0 0
2.62142 0.0762801 2.64897 0 0
2.62222 0.0804439 2.64725 0 0
2.62307 0.0847399 2.64609 0 0
2.62396 0.089005 2.64543 0 0
2.62489 0.0930679 2.6452 0 0
2.62586 0.0967484 2.64534 0 0
2.62685 0.0998598 2.64585 0 0
2.62788 0.102227 2.64662 0 0
2.62882 0.0940392 2.60767 0 0
2.62973 0.0908565 2.74765 0 0
2.63067 0.0943358 2.68917 0 0
2.63164 0.0966915 2.66036 0 0
2.63262 0.098344 2.66251 0 0
2.63362 0.100416 2.66251 0 0
2.63465 0.102937 2.6609 0 0
2.63571 0.105727 2.65996 0 0
2.6368 0.108635 2.66071 0 0
2.63791 0.111823 2.65688 0 0
2.63904 0.11227 2.65688 0 0
2.64019 0.115738 2.69758 0 0
2.6414 0.120427 2.66478 0 0
2.64264 0.123873 2.66602 0 0
2.64391 0.126911 2.67112 0 0
2.64521 0.129911 2.67249 0 0
2.64653 0.132732 2.6736 0 0
2.64789 0.135274 2.67555 0 0
2.64926 0.137513 2.67764 0 0
2.65068 0.14175 2.67864 0 0
2.65208 0.140099 2.65784 0 0
2.65343 0.135467 2.7277 0 0
2.65477 0.133842 2.68542 0 0
2.65607 0.129542 2.68688 0 0
2.6573 0.123568 2.69838 0 0
2.65847 0.116824 2.70622 0 0
2.65957 0.109648 2.7124 0 0
2.66059 0.102328 2.71778 0 0
2.66154 0.0951411 2.72224 0 0
2.66243 0.0883293 2.72577 0 0
2.66325 0.0820951 2.72836 0 0
2.66401 0.076606 2.72995 0 0
2.66473 0.0719934 2.73042 0 0
2.66542 0.068352 2.7297 0 0
2.66607 0.0657387 2.72778 0 0
2.66672 0.0641733 2.72479 0 0
2.66735 0.0636399 2.72097 0 0
2.66799 0.0640909 2.71669 0 0
2.66865 0.0654518 2.7123 0 0
2.66932 0.0676266 2.70815 0 0
2.67003 0.0705024 2.70447 0 0
2.67077 0.0739525 2.7014 0 0
2.67155 0.0778397 2.699 0 0
2.67237 0.0820173 2.69725 0 0
2.67323 0.0863306 2.69608 0 0
2.67414 0.0906171 2.69542 0 0
2.67508 0.0947056 2.69518 0 0
2.67607 0.098416 2.69531 0 0
2.67708 0.101562 2.69583 0 0
2.67812 0.103967 2.69676 0 0
2.67895 0.082545 2.70739 0 0
2.67983 0.0877987 2.81917 0 0
2.68076 0.0931598 2.71231 0 0
2.68171 0.0950386 2.71327 0 0
2.68268 0.0966682 2.71675 0 0
2.68366 0.0986254 2.72108 0 0
2.68466 0.10009 2.74965 0 0
2.6857 0.103404 2.72372 0 0
2.68676 0.106664 2.71425 0 0
2.68786 0.109687 2.71645 0 0
2.68899 0.112934 2.71732 0 0
2.69015 0.116353 2.71744 0 0
2.69135 0.119782 2.71813 0 0
2.69258 0.123163 2.71793 0 0
2.69385 0.126368 2.71903 0 0
2.69514 0.129398 2.72075 0 0
2.69646 0.132228 2.72246 0 0
2.69781 0.134799 2.72437 0 0
2.69918 0.137069 2.72646 0 0
2.7005 0.13195 2.70728 0 0
2.70185 0.135408 2.75456 0 0
2.70321 0.13574 2.70773 0 0
2.70454 0.132685 2.72363 0 0
2.70582 0.127764 2.74202 0 0
2.70703 0.121743 2.75242 0 0
2.70818 0.114982 2.75938 0 0
2.70926 0.10779 2.76459 0 0
2.71027 0.100597 2.76478 0 0
2.7112 0.0935925 2.76364 0 0
2.71207 0.0870086 2.76138 0 0
2.71288 0.0810456 2.75825 0 0
2.71364 0.075326 2.77058 0 0
2.71434 0.070405 2.78125 0 0
2.71501 0.0666998 2.77979 0 0
2.71565 0.0640703 2.77725 0 0
2.71627 0.0624735 2.77425 0 0
2.71689 0.0619033 2.7705 0 0
2.71752 0.062316 2.76625 0 0
2.71815 0.0636362 2.7619 0 0
2.71881 0.0657679 2.75777 0 0
2.7195 0.0685979 2.75411 0 0
2.72022 0.0719987 2.75105 0 0
2.72097 0.0758327 2.74867 0 0
2.72177 0.0799529 2.74692 0 0
2.72262 0.0845358 2.73618 0 0
2.7235 0.088508 2.7453 0 0
2.72443 0.0924813 2.74584 0 0
2.72539 0.096141 2.74508 0 0
2.72638 0.0992049 2.74561 0 0
2.7274 0.10151 2.74659 0 0
2.72833 0.0933155 2.70745 0 0
2.72923 0.090211 2.84755 0 0
2.73017 0.0933956 2.79917 0 0
2.73112 0.0957724 2.76497 0 0
2.7321 0.0974126 2.76689 0 0
2.73309 0.099463 2.7673 0 0
2.73411 0.101981 2.76582 0 0
2.73516 0.104772 2.76511 0 0
2.73624 0.107725 2.76497 0 0
2.73735 0.110806 2.76508 0 0
2.73849 0.114121 2.76511 0 0
2.73966 0.117595 2.76502 0 0
2.74087 0.121085 2.76538 0 0
2.74212 0.124481 2.7662 0 0
2.7434 0.127722 2.76734 0 0
2.7447 0.130805 2.7686 0 0
2.74604 0.133688 2.76987 0 0
2.7474 0.136309 2.77139 0 0
2.74879 0.138625 2.77313 0 0
2.75023 0.143463 2.81319 0 0
2.75162 0.139272 2.81319 0 0
2.753 0.137866 2.75774 0 0
2.75435 0.135121 2.77612 0 0
2.75565 0.130015 2.79989 0 0
2.75689 0.124179 2.80367 0 0
2.75806 0.117479 2.80944 0 0
2.75917 0.110275 2.81547 0 0
2.7602 0.102933 2.82029 0 0
2.76115 0.0957838 2.82249 0 0
2.76205 0.0892412 2.81753 0 0
2.76288 0.0832966 2.81325 0 0
2.76366 0.0780964 2.80952 0 0
2.7644 0.0737669 2.80619 0 0
2.7651 0.0703968 2.80313 0 0
2.76578 0.0680404 2.80017 0 0
2.76645 0.0667215 2.79711 0 0
2.76711 0.0664415 2.79353 0 0
2.76779 0.067209 2.78813 0 0
2.76848 0.0697089 2.7593 0 0
2.76916 0.0674656 2.89754 0 0
2.76985 0.0694181 2.89764 0 0
2.77058 0.0725588 2.8838 0 0
2.77135 0.0770542 2.84754 0 0
2.77216 0.0806713 2.85209 0 0
2.773 0.0841883 2.85901 0 0
2.77387 0.0872369 2.87639 0 0
2.77482 0.0946107 2.75788 0 0
2.7758 0.0986254 2.75779 0 0
2.77682 0.101898 2.75778 0 0
2.77787 0.104475 2.75776 0 0
2.77868 0.0815346 2.80724 0 0
2.77957 0.0888852 2.80793 0 0
2.7805 0.0926477 2.80769 0 0
2.78144 0.0945893 2.80769 0 0
2.78241 0.0963813 2.80764 0 0
2.78339 0.0985295 2.80765 0 0
2.7844 0.101056 2.80766 0 0
2.78544 0.103857 2.80767 0 0
2.78651 0.106828 2.80767 0 0
2.78761 0.109942 2.80772 0 0
2.78874 0.113145 2.81323 0 0
2.78991 0.11661 2.816 0 0
2.79111 0.120208 2.81619 0 0
2.79234 0.123667 2.81724 0 0
2.79361 0.126917 2.81894 0 0
2.79491 0.13 2.82071 0 0
2.79624 0.132878 2.82244 0 0
2.7976 0.135491 2.82438 0 0
2.79898 0.137797 2.82649 0 0
2.80037 0.139539 2.80794 0 0
2.80176 0.139148 2.8377 0 0
2.80314 0.137575 2.82466 0 0
2.80448 0.134488 2.83667 0 0
2.80578 0.130066 2.83798 0 0
2.80703 0.124185 2.84673 0 0
2.8082 0.117462 2.85472 0 0
2.8093 0.110306 2.86098 0 0
2.81033 0.103013 2.86623 0 0
2.81129 0.0958562 2.87058 0 0
2.81218 0.089077 2.87401 0 0
2.81301 0.082878 2.87651 0 0
2.81379 0.0774251 2.87806 0 0
2.81451 0.0728512 2.87852 0 0
2.81521 0.0692513 2.87779 0 0
2.81587 0.0666821 2.87587 0 0
2.81653 0.0651635 2.8729 0 0
2.81717 0.0646789 2.86913 0 0
2.81782 0.0651801 2.86493 0 0
2.81849 0.0665926 2.86066 0 0
2.81918 0.0688249 2.85652 0 0
2.8199 0.0717632 2.85278 0 0
2.82063 0.0730067 2.91326 0 0
2.82141 0.0785795 2.84672 0 0
2.82224 0.082993 2.84258 0 0
2.82311 0.087168 2.84655 0 0
2.82403 0.091458 2.84552 0 0
2.82498 0.0955568 2.84507 0 0
2.82598 0.0992688 2.84529 0 0
2.82698 0.100659 2.89722 0 0
2.82801 0.10282 2.89722 0 0
2.82884 0.0827699 2.85727 0 0
2.82974 0.0897012 2.85948 0 0
2.83067 0.0935474 2.86445 0 0
2.83163 0.095396 2.8639 0 0
2.8326 0.0970722 2.86816 0 0
2.83359 0.0992131 2.86631 0 0
2.83461 0.101714 2.86561 0 0
2.83565 0.104463 2.86535 0 0
2.83672 0.107363 2.86568 0 0
2.83783 0.110382 2.86618 0 0
2.83896 0.113618 2.86662 0 0
2.84013 0.117002 2.86691 0 0
2.84134 0.120391 2.86765 0 0
2.84257 0.123685 2.86885 0 0
2.84384 0.126823 2.87035 0 0
2.84514 0.129803 2.87197 0 0
2.84647 0.132581 2.87365 0 0
2.84782 0.1351 2.87554 0 0
2.84919 0.137318 2.87762 0 0
2.85054 0.134725 2.84822 0 0
2.85191 0.137359 2.88228 0 0
2.85325 0.134187 2.92219 0 0
2.85458 0.132377 2.88592 0 0
2.85586 0.128125 2.88624 0 0
2.85708 0.122175 2.89796 0 0
2.85823 0.115455 2.90589 0 0
2.85932 0.108304 2.91205 0 0
2.86033 0.101006 2.91743 0 0
2.86127 0.0938397 2.92189 0 0
2.86214 0.087046 2.92542 0 0
2.86294 0.0808281 2.92802 0 0
2.8637 0.0753535 2.92961 0 0
2.86441 0.0707538 2.93009 0 0
2.86508 0.0671237 2.92936 0 0
2.86572 0.0645203 2.92744 0 0
2.86635 0.0629634 2.92444 0 0
2.86698 0.0624371 2.92061 0 0
2.86761 0.0628937 2.91631 0 0
2.86825 0.0642588 2.9119 0 0
2.86891 0.0664362 2.90774 0 0
2.86961 0.069313 2.90404 0 0
2.87033 0.0727627 2.90097 0 0
2.8711 0.0766478 2.89856 0 0
2.87191 0.0808218 2.89681 0 0
2.87276 0.0851299 2.89563 0 0
2.87365 0.0894093 2.89497 0 0
2.87459 0.0934889 2.89472 0 0
2.87556 0.0971883 2.89486 0 0
2.87656 0.100321 2.89537 0 0
2.87759 0.102709 2.8963 0 0
2.8784 0.0813279 2.90703 0 0
2.87927 0.0866557 3.01537 0 0
2.88019 0.0919253 2.91349 0 0
2.88113 0.0938388 2.91322 0 0
2.88208 0.0955553 2.91501 0 0
2.88306 0.0976888 2.91621 0 0
2.88405 0.0989792 2.95295 0 0
2.88506 0.101214 2.95899 0 0
2.88611 0.104316 2.94513 0 0
2.88719 0.108086 2.91973 0 0
2.8883 0.111863 2.90744 0 0
2.88946 0.115445 2.90743 0 0
2.89065 0.11904 2.90744 0 0
2.89188 0.12257 2.90743 0 0
2.89313 0.125968 2.90743 0 0
2.89443 0.129229 2.90743 0 0
2.89575 0.132307 2.90742 0 0
2.8971 0.135149 2.90742 0 0
2.89848 0.137711 2.90742 0 0
2.89988 0.140571 2.90771 0 0
2.90128 0.140033 2.92164 0 0
2.90266 0.137178 2.93936 0 0
2.904 0.13437 2.93874 0 0
2.9053 0.130055 2.93767 0 0
2.90654 0.124157 2.94715 0 0
2.90772 0.117425 2.95506 0 0
2.90882 0.110259 2.96111 0 0
2.90985 0.102948 2.96625 0 0
2.91081 0.0957684 2.97049 0 0
2.9117 0.088962 2.97383 0 0
2.91252 0.0827316 2.97627 0 0
2.9133 0.0772431 2.97779 0 0
2.91402 0.0726301 2.97824 0 0
2.91471 0.068988 2.97751 0 0
2.91538 0.0663737 2.97561 0 0
2.91602 0.0648073 2.97266 0 0
2.91667 0.0642727 2.96892 0 0
2.91731 0.0647204 2.96477 0 0
2.91797 0.0660786 2.96051 0 0
2.91866 0.0682523 2.95644 0 0
2.91937 0.0711282 2.9528 0 0
2.92011 0.0745783 2.94979 0 0
2.9209 0.0784664 2.94741 0 0
2.92173 0.0826461 2.94563 0 0
2.9226 0.0869628 2.94441 0 0
2.92351 0.0912535 2.94367 0 0
2.92446 0.0953468 2.94334 0 0
2.92545 0.0990626 2.94337 0 0
2.92647 0.102213 2.94377 0 0
2.92752 0.104618 2.94458 0 0
2.92849 0.0965186 2.90724 0 0
2.92942 0.0933174 3.04724 0 0
2.93039 0.0970151 2.98088 0 0
2.93138 0.0991612 2.95989 0 0
2.93239 0.100657 2.96491 0 0
2.93341 0.102806 2.96005 0 0
2.93447 0.105334 2.95665 0 0
2.93551 0.104401 3.05337 0 0
2.93661 0.109485 2.96279 0 0
2.93773 0.112651 2.96015 0 0
2.93889 0.115473 2.96781 0 0
2.94005 0.115939 2.96781 0 0
2.94126 0.1215 2.96926 0 0
2.94251 0.124479 2.96892 0 0
2.94378 0.127454 2.97183 0 0
2.94509 0.130355 2.97197 0 0
2.94642 0.133025 2.97405 0 0
2.94777 0.135451 2.97574 0 0
2.94915 0.137581 2.97789 0 0
2.95049 0.134111 2.97893 0 0
2.95187 0.138085 2.95745 0 0
2.95321 0.133752 3.0343 0 0
2.95453 0.13215 2.98696 0 0
2.95581 0.127947 2.98576 0 0
2.95703 0.121971 2.99795 0 0
2.95818 0.115236 3.00591 0 0
2.95926 0.108077 3.01202 0 0
2.96027 0.100773 3.01738 0 0
2.9612 0.0936021 3.02183 0 0
2.96207 0.0868063 3.02535 0 0
2.96288 0.0805879 3.02794 0 0
2.96363 0.075114 3.02952 0 0
2.96433 0.0705162 3.02999 0 0
2.965 0.0668889 3.02926 0 0
2.96565 0.064289 3.02733 0 0
2.96627 0.0627361 3.02432 0 0
2.96689 0.0622143 3.02049 0 0
2.96752 0.0626758 3.01619 0 0
2.96816 0.0640459 3.01178 0 0
2.96882 0.0662286 3.00761 0 0
2.96952 0.0691108 3.00392 0 0
2.97024 0.0725659 3.00085 0 0
2.97101 0.0764564 2.99844 0 0
2.97181 0.0806358 2.99668 0 0
2.97266 0.0849492 2.99551 0 0
2.97355 0.0892342 2.99484 0 0
2.97449 0.0933198 2.99459 0 0
2.97546 0.0970262 2.99473 0 0
2.97646 0.100168 2.99524 0 0
2.97748 0.102569 2.99617 0 0
2.9783 0.0810843 3.00696 0 0
2.97916 0.0863726 3.11807 0 0
2.98008 0.0917492 3.01186 0 0
2.98101 0.0936659 3.0126 0 0
2.98197 0.0953562 3.0157 0 0
2.98294 0.0973813 3.01986 0 0
2.98393 0.0989104 3.04867 0 0
2.98495 0.102105 3.02849 0 0
2.98601 0.105648 3.0114 0 0
2.9871 0.108802 3.01336 0 0
2.98822 0.112149 3.01464 0 0
2.98937 0.115684 3.01474 0 0
2.99057 0.119234 3.0154 0 0
2.99179 0.122686 3.0166 0 0
2.99305 0.125981 3.0181 0 0
2.99434 0.129115 3.01974 0 0
2.99566 0.132044 3.02144 0 0
2.99701 0.134709 3.02336 0 0
2.99838 0.137067 3.02548 0 0
2.99978 0.139504 3.00753 0 0
3.00116 0.138008 3.04839 0 0
3.00252 0.136569 3.03432 0 0
3.00386 0.133296 3.0485 0 0
3.00515 0.128993 3.0422 0 0
3.00638 0.123516 3.03717 0 0
3.00755 0.117375 3.02964 0 0
3.00866 0.110869 3.0218 0 0
3.00969 0.102833 3.05671 0 0
3.01064 0.095135 3.07461 0 0
3.01153 0.0886492 3.06614 0 0
3.01235 0.0821749 3.07735 0 0
3.01312 0.076602 3.07994 0 0
3.01384 0.0719796 3.07955 0 0
3.01452 0.0683092 3.07877 0 0
3.01518 0.0656609 3.07692 0 0
3.01582 0.064061 3.07395 0 0
3.01645 0.0634924 3.07017 0 0
3.01709 0.0639065 3.06593 0 0
3.01774 0.0652292 3.0616 0 0
3.01842 0.0673648 3.05749 0 0
3.01912 0.0702 3.05384 0 0
3.01986 0.0736077 3.0508 0 0
3.02063 0.0774501 3.04843 0 0
3.02145 0.0815804 3.04669 0 0
3.0223 0.0858437 3.04554 0 0
3.0232 0.0900766 3.04488 0 0
3.02415 0.0941073 3.04464 0 0
3.02512 0.097754 3.04478 0 0
3.02613 0.100827 3.0453 0 0
3.02716 0.103142 3.04623 0 0
3.02811 0.0950573 3.00712 0 0
3.02903 0.0919058 3.14711 0 0
3.02998 0.095053 3.09742 0 0
3.03096 0.0974585 3.06306 0 0
3.03195 0.0990583 3.06516 0 0
3.03296 0.101041 3.06587 0 0
3.03399 0.103479 3.06455 0 0
3.03506 0.106179 3.06398 0 0
3.03615 0.109031 3.06399 0 0
3.03727 0.112005 3.06423 0 0
3.03842 0.115202 3.06439 0 0
3.0396 0.118551 3.06443 0 0
3.04082 0.121911 3.0649 0 0
3.04207 0.125176 3.06583 0 0
3.04336 0.128286 3.06706 0 0
3.04467 0.131242 3.06839 0 0
3.04601 0.134001 3.06975 0 0
3.04737 0.136502 3.07133 0 0
3.04876 0.138703 3.07314 0 0
3.05012 0.135872 3.11165 0 0
3.05145 0.132885 3.11165 0 0
3.05278 0.132706 3.10948 0 0
3.05409 0.13152 3.08608 0 0
3.05536 0.12726 3.0885 0 0
3.05658 0.121628 3.09059 0 0
3.05774 0.115689 3.07787 0 0
3.05882 0.107792 3.11247 0 0
3.05982 0.100373 3.11909 0 0
3.06075 0.0932557 3.12127 0 0
3.06162 0.0864481 3.12489 0 0
3.06242 0.0802065 3.12764 0 0
3.06317 0.0747116 3.1292 0 0
3.06387 0.0700904 3.12965 0 0
3.06453 0.0664373 3.12893 0 0
3.06517 0.0638098 3.127 0 0
3.06579 0.0622277 3.12399 0 0
3.06641 0.0616753 3.12016 0 0
3.06703 0.0621048 3.11586 0 0
3.06766 0.0634418 3.11146 0 0
3.06832 0.0655901 3.1073 0 0
3.069 0.0684366 3.1036 0 0
3.06972 0.0718547 3.10053 0 0
3.07048 0.075707 3.09812 0 0
3.07128 0.0798465 3.09637 0 0
3.07212 0.0841188 3.09519 0 0
3.073 0.0883613 3.09452 0 0
3.07393 0.0924036 3.09428 0 0
3.07489 0.0960667 3.09442 0 0
3.07588 0.0991659 3.09492 0 0
3.07689 0.101527 3.09584 0 0
3.07769 0.0798231 3.10678 0 0
3.07854 0.0852027 3.21423 0 0
3.07945 0.0904285 3.11563 0 0
3.08037 0.09242 3.11381 0 0
3.0813 0.0927445 3.15781 0 0
3.08225 0.0945321 3.15745 0 0
3.08322 0.0976243 3.13373 0 0
3.08422 0.100121 3.14263 0 0
3.08526 0.103255 3.13345 0 0
3.08632 0.106691 3.12285 0 0
3.08743 0.110409 3.11369 0 0
3.08857 0.114282 3.10718 0 0
3.08975 0.118022 3.10718 0 0
3.09097 0.121688 3.10718 0 0
3.09222 0.125223 3.10717 0 0
3.0935 0.12862 3.10717 0 0
3.09482 0.131832 3.10717 0 0
3.09617 0.134803 3.10716 0 0
3.09755 0.137492 3.10715 0 0
3.09897 0.142049 3.10756 0 0
3.10038 0.14122 3.10709 0 0
3.10177 0.138836 3.10706 0 0
3.10313 0.136363 3.10719 0 0
3.10444 0.131284 3.1376 0 0
3.1057 0.125307 3.1461 0 0
3.10688 0.118679 3.15111 0 0
3.108 0.111544 3.15692 0 0
3.10904 0.10425 3.16197 0 0
3.11001 0.0970873 3.16602 0 0
3.11092 0.0902942 3.16923 0 0
3.11176 0.0840734 3.17164 0 0
3.11254 0.0785907 3.17324 0 0
3.11328 0.0739814 3.17381 0 0
3.11399 0.0703419 3.17325 0 0
3.11466 0.0677294 3.17156 0 0
3.11532 0.0661642 3.16885 0 0
3.11598 0.06563 3.16538 0 0
3.11664 0.0660767 3.16158 0 0
3.11732 0.067435 3.15763 0 0
3.11801 0.0696125 3.15378 0 0
3.11873 0.072029 3.16385 0 0
3.11949 0.0758996 3.14519 0 0
3.12029 0.0798733 3.14204 0 0
3.12113 0.0840493 3.14149 0 0
3.12201 0.0884044 3.14006 0 0
3.12294 0.0927461 3.13902 0 0
