0.393577 0 0 0 0
0.393587 0.000999385 0.0999385 0 0
0.393597 0.000999391 6.34756e-07 0 0
0.393607 0.000999391 1.88407e-09 0 0
0.393617 0.000999391 1.01606e-09 0 0
0.393627 0.000999391 1.04616e-10 0 0
0.393637 0.000999391 -9.18076e-10 0 0
0.393647 0.000999391 -1.93371e-09 0 0
0.393657 0.000999391 -2.84648e-09 0 0
0.393667 0.000999391 -3.90816e-09 0 0
0.393677 0.000999391 -4.89211e-09 0 0
0.393687 0.000999391 -6.03871e-09 0 0
0.393697 0.000999391 -7.04747e-09 0 0
0.393707 0.000999391 -8.07519e-09 0 0
0.393717 0.000999391 -9.25032e-09 0 0
0.393727 0.000999391 -1.02754e-08 0 0
0.393737 0.000999391 -1.14924e-08 0 0
0.393747 0.000999391 -1.25621e-08 0 0
0.393757 0.000999391 -1.37585e-08 0 0
0.393767 0.00099939 -1.49183e-08 0 0
0.393777 0.00099939 -1.60815e-08 0 0
0.393787 0.00099939 -1.73727e-08 0 0
0.393797 0.00099939 -1.85098e-08 0 0
0.393807 0.00099939 -1.97921e-08 0 0
0.393816 0.000999389 -2.10513e-08 0 0
0.393826 0.000999389 -2.23487e-08 0 0
0.393836 0.000999389 -2.36318e-08 0 0
0.393846 0.000999389 -2.49246e-08 0 0
0.393856 0.000999389 -2.62991e-08 0 0
0.393866 0.000999388 -2.76182e-08 0 0
0.393876 0.000999388 -2.90503e-08 0 0
0.393886 0.000999388 -3.0418e-08 0 0
0.393896 0.000999387 -3.18237e-08 0 0
0.393906 0.000999387 -3.32395e-08 0 0
0.393916 0.000999387 -3.47583e-08 0 0
0.393926 0.000999386 -3.61846e-08 0 0
0.393936 0.000999386 -3.77354e-08 0 0
0.393946 0.000999386 -3.91951e-08 0 0
0.393956 0.000999385 -4.07741e-08 0 0
0.393966 0.000999385 -4.24225e-08 0 0
0.393976 0.000999384 -4.38775e-08 0 0
0.393986 0.000999384 -4.557e-08 0 0
0.393996 0.000999383 -4.71532e-08 0 0
0.394006 0.000999383 -4.88962e-08 0 0
0.394016 0.000999382 -5.05548e-08 0 0
0.394026 0.000999382 -5.21734e-08 0 0
0.394036 0.000999381 -5.39645e-08 0 0
0.394046 0.000999381 -5.56838e-08 0 0
0.394056 0.00099938 -5.75788e-08 0 0
0.394066 0.00099938 -5.93103e-08 0 0
0.394076 0.000999379 -6.11178e-08 0 0
0.394086 0.000999378 -6.29854e-08 0 0
0.394096 0.000999378 -6.48982e-08 0 0
0.394106 0.000999377 -6.69131e-08 0 0
0.394116 0.000999376 -6.87027e-08 0 0
0.394126 0.000999376 -7.07624e-08 0 0
0.394136 0.000999375 -7.27358e-08 0 0
0.394146 0.000999374 -7.48053e-08 0 0
0.394156 0.000999373 -7.68268e-08 0 0
0.394166 0.000999373 -7.88536e-08 0 0
0.394176 0.000999372 -8.10234e-08 0 0
0.394186 0.000999371 -8.31819e-08 0 0
0.394196 0.00099937 -8.53279e-08 0 0
0.394206 0.000999369 -8.76546e-08 0 0
0.394216 0.000999368 -8.97744e-08 0 0
0.394226 0.000999367 -9.21461e-08 0 0
0.394236 0.000999366 -9.44065e-08 0 0
0.394246 0.000999365 -9.67708e-08 0 0
0.394256 0.000999364 -9.91605e-08 0 0
0.394266 0.000999363 -1.01477e-07 0 0
0.394276 0.000999362 -1.04013e-07 0 0
0.394286 0.000999361 -1.06477e-07 0 0
0.394296 0.00099936 -1.09079e-07 0 0
0.394306 0.000999359 -1.1155e-07 0 0
0.394316 0.000999358 -1.1407e-07 0 0
0.394326 0.000999357 -1.16795e-07 0 0
0.394336 0.000999356 -1.19508e-07 0 0
0.394346 0.000999354 -1.22055e-07 0 0
0.394356 0.000999353 -1.24981e-07 0 0
0.394366 0.000999352 -1.27563e-07 0 0
0.394376 0.000999351 -1.3055e-07 0 0
0.394386 0.000999349 -1.33472e-07 0 0
0.394396 0.000999348 -1.36249e-07 0 0
0.394406 0.000999346 -1.39261e-07 0 0
0.394416 0.000999345 -1.422e-07 0 0
0.394426 0.000999344 -1.45266e-07 0 0
0.394436 0.000999342 -1.48385e-07 0 0
0.394446 0.000999341 -1.51527e-07 0 0
0.394456 0.000999338 -2.68365e-07 0 0
0.394466 0.000999337 -1.32984e-07 0 0
0.394476 0.000999335 -1.36351e-07 0 0
0.394486 0.000999334 -1.23441e-07 0 0
0.394496 0.000999333 -1.09614e-07 0 0
0.394506 0.000999332 -5.72612e-08 0 0
0.394516 0.000999333 2.74802e-08 0 0
0.394526 0.000999335 2.41395e-07 0 0
0.394536 0.000999341 6.0982e-07 0 0
0.394546 0.00099935 9.31276e-07 0 0
0.394556 0.00099936 9.34356e-07 0 0
0.394566 0.000999369 9.33389e-07 0 0
0.394576 0.000999378 9.31693e-07 0 0
0.394586 0.000999388 9.30558e-07 0 0
0.394596 0.000999397 9.28188e-07 0 0
0.394606 0.000999406 9.25866e-07 0 0
0.394616 0.000999415 9.23803e-07 0 0
0.394626 0.000999425 9.21549e-07 0 0
0.394636 0.000999434 9.18735e-07 0 0
0.394646 0.000999443 9.15734e-07 0 0
0.394656 0.000999452 9.12533e-07 0 0
0.394666 0.000999461 9.09011e-07 0 0
0.394676 0.00099947 9.06249e-07 0 0
0.394686 0.000999479 9.01723e-07 0 0
0.394696 0.000999488 8.97816e-07 0 0
0.394706 0.000999497 8.93422e-07 0 0
0.394716 0.000999506 8.89169e-07 0 0
0.394726 0.000999515 8.8397e-07 0 0
0.394736 0.000999524 8.78849e-07 0 0
0.394746 0.000999533 8.73637e-07 0 0
0.394756 0.000999541 8.68118e-07 0 0
0.394766 0.00099955 8.61809e-07 0 0
0.394776 0.000999561 1.09404e-06 0 0
0.394786 0.000999579 1.79825e-06 0 0
0.394796 0.000999597 1.81913e-06 0 0
0.394806 0.000999629 3.16527e-06 0 0
0.394816 0.000999838 2.09531e-05 0 0
0.394826 0.00100018 3.45362e-05 0 0
0.394836 0.00100058 4.01113e-05 0 0
0.394846 0.00100102 4.34251e-05 0 0
0.394856 0.00100148 4.61658e-05 0 0
0.394866 0.00100232 8.42195e-05 0 0
0.394876 0.00100408 0.000176204 0 0
0.394886 0.00100673 0.000264246 0 0
0.394896 0.00101023 0.000349924 0 0
0.394906 0.00101456 0.000433266 0 0
0.394917 0.0010197 0.000514298 0 0
0.394927 0.00102563 0.000593082 0 0
0.394937 0.00103233 0.000669589 0 0
0.394947 0.00103977 0.000743816 0 0
0.394958 0.00104793 0.000815745 0 0
0.394969 0.00105679 0.000885359 0 0
0.394979 0.00106632 0.000952673 0 0
0.39499 0.0010765 0.0010177 0 0
0.395001 0.0010873 0.00108029 0 0
0.395012 0.00109871 0.00114059 0 0
0.395023 0.0011107 0.00119835 0 0
0.395034 0.00112325 0.00125377 0 0
0.395046 0.00113632 0.00130655 0 0
0.395057 0.0011499 0.00135685 0 0
0.395069 0.00116396 0.00140442 0 0
0.39508 0.00117847 0.00144926 0 0
0.395092 0.0011934 0.00149152 0 0
0.395104 0.00120873 0.00153055 0 0
0.395117 0.00122442 0.00156692 0 0
0.395129 0.00124044 0.00159982 0 0
0.395142 0.00125677 0.00162999 0 0
0.395154 0.00127336 0.00165646 0 0
0.395167 0.0012902 0.00167953 0 0
0.39518 0.00130723 0.00169915 0 0
0.395194 0.00132442 0.00171462 0 0
0.395207 0.00134173 0.00172647 0 0
0.395221 0.00135913 0.00173398 0 0
0.395234 0.00137656 0.00173719 0 0
0.395248 0.00139398 0.0017354 0 0
0.395263 0.00141134 0.00172937 0 0
0.395277 0.0014286 0.00171782 0 0
0.395291 0.0014457 0.00170096 0 0
0.395306 0.00146258 0.00167849 0 0
0.395321 0.00147918 0.00165009 0 0
0.395336 0.00149545 0.00161558 0 0
0.395351 0.0015113 0.00157325 0 0
0.395366 0.00152668 0.00152479 0 0
0.395382 0.0015415 0.00146796 0 0
0.395397 0.0015557 0.00140388 0 0
0.395413 0.00156917 0.00133003 0 0
0.395429 0.00158183 0.0012483 0 0
0.395445 0.00159358 0.00115566 0 0
0.395461 0.00160432 0.00105282 0 0
0.395477 0.00161394 0.000939255 0 0
0.395493 0.00162231 0.000813368 0 0
0.39551 0.00162932 0.000674443 0 0
0.395526 0.00163456 0.000496336 0 0
0.395543 0.00163841 0.000355157 0 0
0.395559 0.00164045 0.000171759 0 0
0.395575 0.0016405 -2.86937e-05 0 0
0.395592 0.00163839 -0.000247852 0 0
0.395608 0.00163391 -0.000487525 0 0
0.395625 0.00162684 -0.000748533 0 0
0.395641 0.00161696 -0.00103375 0 0
0.395657 0.00160398 -0.00134501 0 0
0.395673 0.00158765 -0.0016848 0 0
0.395689 0.00156764 -0.00205588 0 0
0.395705 0.0015436 -0.00246152 0 0
0.39572 0.00151517 -0.00290549 0 0
0.395735 0.00148191 -0.00339206 0 0
0.39575 0.00144336 -0.00392638 0 0
0.395764 0.00139897 -0.0045144 0 0
0.395777 0.00134815 -0.00516299 0 0
0.395791 0.00129018 -0.00588215 0 0
0.395803 0.0012243 -0.00668042 0 0
0.395815 0.00113334 -0.0091931 0 0
0.395825 0.000986545 -0.0147843 0 0
0.395833 0.000832026 -0.0155632 0 0
0.39584 0.000669306 -0.0163905 0 0
0.395846 0.000497839 -0.0172731 0 0
0.395849 0.000317043 -0.018214 0 0
0.395851 0.000126246 -0.0192227 0 0
0.395851 -7.53396e-05 -0.0203105 0 0
0.395848 -0.000288654 -0.0214928 0 0
0.395844 -0.000514966 -0.0228027 0 0
0.395837 -0.000756032 -0.0242887 0 0
0.395827 -0.00101473 -0.0260636 0 0
0.395815 -0.0012967 -0.0284027 0 0
0.395799 -0.00161726 -0.0322755 0 0
0.395779 -0.00206995 -0.0455066 0 0
0.395881 0.0101574 1.22296 0 0
0.39598 0.00978822 -0.0367157 0 0
0.396075 0.00942808 -0.0358237 0 0
0.396166 0.00907675 -0.0349512 0 0
0.396254 0.00873388 -0.0341122 0 0
0.396338 0.00839914 -0.0333065 0 0
0.396419 0.0080722 -0.0325339 0 0
0.396497 0.00775276 -0.0317912 0 0
0.396572 0.00744044 -0.0310853 0 0
0.396644 0.00713498 -0.030406 0 0
0.396712 0.00683608 -0.029757 0 0
0.396778 0.00654343 -0.0291376 0 0
0.396841 0.00625678 -0.0285439 0 0
0.396901 0.00597581 -0.0279816 0 0
0.396958 0.00570028 -0.0274435 0 0
0.397013 0.00542992 -0.0269323 0 0
0.397065 0.00516446 -0.0264471 0 0
0.397114 0.00490366 -0.0259861 0 0
0.397161 0.00464728 -0.0255501 0 0
0.397205 0.00439507 -0.0251385 0 0
0.397246 0.00414679 -0.0247495 0 0
0.397285 0.00390222 -0.0243836 0 0
0.397322 0.00366112 -0.0240413 0 0
0.397356 0.00342327 -0.0237208 0 0
0.397388 0.00318846 -0.0234218 0 0
0.397418 0.00295646 -0.0231453 0 0
0.397445 0.00272707 -0.0228887 0 0
0.39747 0.00250007 -0.022654 0 0
0.397493 0.00227525 -0.0224396 0 0
0.397514 0.00205242 -0.0222453 0 0
0.397532 0.00183137 -0.0220714 0 0
0.397548 0.0016119 -0.0219179 0 0
0.397562 0.00139381 -0.0217836 0 0
0.397574 0.00117691 -0.021669 0 0
0.397584 0.000960996 -0.0215742 0 0
0.397591 0.00074588 -0.0214985 0 0
0.397596 0.000531365 -0.0214422 0 0
0.397599 0.000317251 -0.0214062 0 0
0.397601 0.000103422 -0.0213816 0 0
0.397599 -0.000101318 -0.0204765 0 0
0.397596 -0.000305839 -0.0204584 0 0
0.397591 -0.000511949 -0.020621 0 0
0.397584 -0.000719836 -0.0208027 0 0
0.397575 -0.000929685 -0.021003 0 0
0.397563 -0.0011417 -0.0212231 0 0
0.39755 -0.00135605 -0.0214622 0 0
0.397534 -0.00157297 -0.0217222 0 0
0.397516 -0.00179264 -0.0220017 0 0
0.397496 -0.00201529 -0.0223043 0 0
0.397474 -0.00224111 -0.0226262 0 0
0.397449 -0.00247035 -0.0229723 0 0
0.397422 -0.0027032 -0.0233387 0 0
0.397393 -0.00293992 -0.0237309 0 0
0.397361 -0.00318073 -0.0241453 0 0
0.397327 -0.0034259 -0.0245859 0 0
0.39729 -0.00367566 -0.0250507 0 0
0.397251 -0.00393027 -0.0255409 0 0
0.397209 -0.00419002 -0.0260604 0 0
0.397165 -0.00445515 -0.0266055 0 0
0.397118 -0.00472597 -0.02718 0 0
0.397068 -0.00500279 -0.0277861 0 0
0.397015 -0.00528588 -0.0284197 0 0
0.39696 -0.00557559 -0.0290897 0 0
0.396901 -0.00587224 -0.0297896 0 0
0.39684 -0.00617617 -0.0305249 0 0
0.396775 -0.00648776 -0.0312989 0 0
0.396708 -0.00680739 -0.0321106 0 0
0.396637 -0.00713547 -0.0329629 0 0
0.396562 -0.00747242 -0.033859 0 0
0.396485 -0.00781872 -0.0348026 0 0
0.396403 -0.00817491 -0.0358009 0 0
0.396318 -0.00854157 -0.0368565 0 0
0.39623 -0.00891943 -0.0379872 0 0
0.396137 -0.00930948 -0.0392149 0 0
0.396041 -0.00971301 -0.040575 0 0
0.39594 -0.0101325 -0.0421793 0 0
0.395835 -0.0105746 -0.0444532 0 0
0.394749 -0.10868 -9.81081 0 0
0.394838 0.0088147 11.7506 0 0
0.39492 0.0082141 -0.0596953 0 0
0.394997 0.00762492 -0.0585837 0 0
0.395068 0.00704873 -0.0573136 0 0
0.395133 0.0064844 -0.0561552 0 0
0.395192 0.00593094 -0.0550972 0 0
0.395246 0.00538731 -0.0541412 0 0
0.395295 0.00485248 -0.0532891 0 0
0.395338 0.00432548 -0.0525323 0 0
0.395376 0.00380408 -0.0519987 0 0
0.395409 0.00327984 -0.0523087 0 0
0.395437 0.00276062 -0.0518326 0 0
0.395459 0.00224548 -0.0514495 0 0
0.395477 0.00173349 -0.0511604 0 0
0.395489 0.00122371 -0.0509644 0 0
0.395498 0.00093973 -0.0283977 0 0
0.395508 0.0009303 -0.000942985 0 0
0.395517 0.000920986 -0.000931377 0 0
0.395526 0.000911759 -0.00092277 0 0
0.395535 0.000902628 -0.000913063 0 0
0.395544 0.000893591 -0.000903715 0 0
0.395553 0.000884642 -0.000894917 0 0
0.395562 0.00087578 -0.000886146 0 0
0.39557 0.000867008 -0.000877175 0 0
0.395579 0.000858451 -0.000855769 0 0
0.395587 0.000850432 -0.000801871 0 0
0.395596 0.000842936 -0.000749612 0 0
0.395604 0.000836797 -0.000613917 0 0
0.395612 0.000831739 -0.00050585 0 0
0.395621 0.000827544 -0.000419567 0 0
0.395629 0.000824002 -0.000354304 0 0
0.395637 0.00082091 -0.000309334 0 0
0.395645 0.000818073 -0.000283989 0 0
0.395653 0.000815301 -0.000277622 0 0
0.395662 0.00081241 -0.000289683 0 0
0.39567 0.000809223 -0.000319549 0 0
0.395678 0.000805565 -0.000366888 0 0
0.395686 0.000801267 -0.000431124 0 0
0.395694 0.000796166 -0.000511745 0 0
0.395702 0.0007901 -0.000608668 0 0
0.395709 0.000782912 -0.000721367 0 0
0.395717 0.000774447 -0.000849612 0 0
0.395725 0.000764552 -0.000993103 0 0
0.395732 0.000752836 -0.0011759 0 0
0.39574 0.000739637 -0.00132489 0 0
0.395747 0.000724563 -0.00151324 0 0
0.395754 0.000707467 -0.0017162 0 0
0.395761 0.000688205 -0.00193379 0 0
0.395768 0.000666633 -0.00216585 0 0
0.395774 0.000642601 -0.00241298 0 0
0.39578 0.000615964 -0.00267471 0 0
0.395786 0.000586576 -0.00295108 0 0
0.395792 0.000554284 -0.00324293 0 0
0.395797 0.000518936 -0.00355007 0 0
0.395802 0.00048038 -0.00387248 0 0
0.395806 0.000438451 -0.00421147 0 0
0.39581 0.000392984 -0.00456723 0 0
0.395814 0.000343815 -0.00493931 0 0
0.395817 0.00029076 -0.0053301 0 0
0.395819 0.000233631 -0.0057397 0 0
0.395821 0.00017222 -0.00617035 0 0
0.395822 0.000106324 -0.00662135 0 0
0.395822 3.56934e-05 -0.00709753 0 0
0.395822 -3.99456e-05 -0.00760124 0 0
0.395821 -0.000120898 -0.00813564 0 0
0.395819 -0.000207537 -0.0087075 0 0
0.395816 -0.000300378 -0.00933114 0 0
0.395812 -0.000400116 -0.0100245 0 0
0.395807 -0.000507815 -0.0108246 0 0
0.395801 -0.000625659 -0.0118433 0 0
0.395793 -0.000759198 -0.0134177 0 0
0.395784 -0.000939695 -0.0181201 0 0
0.395829 0.00445377 0.53948 0 0
0.395869 0.00400678 -0.044584 0 0
0.395905 0.00356346 -0.0442301 0 0
0.395936 0.00312337 -0.0439192 0 0
0.395963 0.00268601 -0.0436583 0 0
0.395985 0.00225085 -0.0434515 0 0
0.396004 0.00181738 -0.0432945 0 0
0.396018 0.00138509 -0.0431897 0 0
0.396027 0.000953452 -0.0431365 0 0
0.396032 0.000521956 -0.0431349 0 0
0.396033 9.00847e-05 -0.0431851 0 0
0.39603 -0.000276094 -0.0366263 0 0
0.396024 -0.000639117 -0.0363213 0 0
0.396014 -0.00100506 -0.0366242 0 0
0.396 -0.00137438 -0.0369717 0 0
0.395983 -0.00174756 -0.0373693 0 0
0.395962 -0.00212508 -0.0378136 0 0
0.395937 -0.0025075 -0.038316 0 0
0.395908 -0.00289542 -0.0388761 0 0
0.395875 -0.0032896 -0.0395147 0 0
0.395838 -0.00369116 -0.0402644 0 0
0.395797 -0.00410277 -0.0412812 0 0
0.395752 -0.00455382 -0.0452398 0 0
0.395788 0.00365686 0.82124 0 0
0.39582 0.0031697 -0.0485828 0 0
0.395847 0.00268787 -0.0480707 0 0
0.395869 0.00221078 -0.0476166 0 0
0.395887 0.00173766 -0.0472409 0 0
0.395899 0.00126772 -0.0469426 0 0
0.395907 0.00080019 -0.0467212 0 0
0.395911 0.000334314 -0.0465761 0 0
0.395911 2.36374e-05 -0.0310694 0 0
0.395909 -0.000196454 -0.022021 0 0
0.395905 -0.000420905 -0.0224671 0 0
0.395898 -0.000650137 -0.0229555 0 0
0.395889 -0.000884591 -0.0234881 0 0
0.395878 -0.00112475 -0.0240689 0 0
0.395865 -0.00137115 -0.024704 0 0
0.395848 -0.00162456 -0.0254154 0 0
0.39583 -0.00188599 -0.0262289 0 0
0.395808 -0.00215746 -0.0272437 0 0
0.395784 -0.00244672 -0.0290351 0 0
0.395819 0.00356846 0.601634 0 0
0.39585 0.00309078 -0.0476724 0 0
0.395877 0.00261609 -0.0473885 0 0
0.395898 0.00214389 -0.0471531 0 0
0.395915 0.0016736 -0.0469769 0 0
0.395927 0.00120464 -0.0468587 0 0
0.395934 0.000736414 -0.0468004 0 0
0.395937 0.00026833 -0.0468003 0 0
0.395935 -0.000154982 -0.0423362 0 0
0.39593 -0.000563515 -0.0408711 0 0
0.39592 -0.000974516 -0.0411306 0 0
0.395906 -0.00138854 -0.0414461 0 0
0.395888 -0.00180619 -0.0418214 0 0
0.395866 -0.00222813 -0.0422628 0 0
0.395839 -0.00265506 -0.0427768 0 0
0.395809 -0.0030885 -0.0434403 0 0
0.395773 -0.0035329 -0.0445507 0 0
0.395801 0.00272228 0.625639 0 0
0.395823 0.00225852 -0.0462846 0 0
0.395841 0.00179841 -0.0459377 0 0
0.395855 0.00134139 -0.0456487 0 0
0.395864 0.000886717 -0.0454318 0 0
0.395868 0.000433683 -0.0452866 0 0
0.395868 2.58474e-05 -0.0407836 0 0
0.395866 -0.000244607 -0.0270568 0 0
0.395861 -0.000517596 -0.0273218 0 0
0.395853 -0.000794573 -0.0277322 0 0
0.395842 -0.00107613 -0.0282021 0 0
0.395828 -0.001363 -0.0287451 0 0
0.395812 -0.00165626 -0.0293949 0 0
0.395792 -0.00195843 -0.0302991 0 0
0.395769 -0.00230005 -0.0342578 0 0
0.395798 0.00290467 0.520567 0 0
0.395823 0.00241175 -0.0492158 0 0
0.395842 0.00192122 -0.0489925 0 0
0.395856 0.00143253 -0.0488239 0 0
0.395866 0.000945067 -0.0487172 0 0
0.39587 0.000458192 -0.048674 0 0
0.395871 4.31188e-05 -0.0415073 0 0
0.395869 -0.000157458 -0.0200637 0 0
0.395865 -0.000361895 -0.020456 0 0
0.39586 -0.000571509 -0.02098 0 0
0.395852 -0.00078669 -0.0215432 0 0
0.395842 -0.00100786 -0.0221485 0 0
0.395829 -0.00123558 -0.0228111 0 0
0.395815 -0.00147075 -0.0235625 0 0
0.395798 -0.00171554 -0.0245324 0 0
0.395778 -0.00198125 -0.0266332 0 0
0.395798 0.00197852 0.39606 0 0
0.395813 0.00152871 -0.0449207 0 0
0.395824 0.00108125 -0.044704 0 0
0.39583 0.000635533 -0.0445469 0 0
0.395832 0.000191497 -0.0443967 0 0
0.395831 -7.75629e-05 -0.0269101 0 0
0.395828 -0.000294265 -0.0216833 0 0
0.395823 -0.000515279 -0.0221236 0 0
0.395816 -0.000741192 -0.0226228 0 0
0.395806 -0.000972813 -0.0232029 0 0
0.395794 -0.00121179 -0.0239484 0 0
0.395779 -0.00146741 -0.0256227 0 0
0.395799 0.00192339 0.339145 0 0
0.395813 0.00142146 -0.0501467 0 0
0.395822 0.000920907 -0.0500261 0 0
0.395826 0.000421136 -0.0499639 0 0
0.395826 2.05758e-05 -0.040056 0 0
0.395825 -0.000178214 -0.0198852 0 0
0.395821 -0.000381092 -0.0203003 0 0
0.395815 -0.000589342 -0.0208439 0 0
0.395807 -0.000803661 -0.0214575 0 0
0.395797 -0.00102522 -0.022188 0 0
0.395784 -0.00125861 -0.0233785 0 0
0.395796 0.0011596 0.241868 0 0
0.395803 0.000715643 -0.0443677 0 0
0.395806 0.000272986 -0.0442552 0 0
0.395805 -2.98152e-05 -0.0302816 0 0
0.395803 -0.00025274 -0.0223031 0 0
0.395798 -0.000479694 -0.0227153 0 0
0.395791 -0.000711896 -0.0232495 0 0
0.395781 -0.000955378 -0.0243872 0 0
0.395792 0.00106734 0.202307 0 0
0.395798 0.000562196 -0.0504963 0 0
0.395798 5.74625e-05 -0.0504719 0 0
0.395798 -3.57227e-05 -0.00931996 0 0
0.395797 -0.000106918 -0.00712296 0 0
0.395795 -0.00018288 -0.0076018 0 0
0.395792 -0.000264229 -0.00814283 0 0
0.395789 -0.000352492 -0.00883663 0 0
0.395784 -0.000461859 -0.0109503 0 0
0.395789 0.000456403 0.0918442 0 0
0.395789 1.46116e-05 -0.0441789 0 0
0.395789 -1.71664e-07 -0.00147889 0 0
0.395789 -1.16572e-05 -0.00114981 0 0
0.395789 -2.58903e-05 -0.00142533 0 0
0.395788 -4.3289e-05 -0.00174277 0 0
0.395787 -6.5524e-05 -0.00222741 0 0
0.395788 1.12108e-05 0.00767383 0 0
0.395788 7.07925e-07 -0.00105029 0 0
0.395788 6.54166e-07 -5.37592e-06 0 0
0.395788 6.29161e-07 -2.50052e-06 0 0
0.395788 6.05318e-07 -2.38431e-06 0 0
0.395788 5.81183e-07 -2.41345e-06 0 0
0.395788 5.57475e-07 -2.37087e-06 0 0
0.395788 5.34889e-07 -2.25855e-06 0 0
0.395788 5.11418e-07 -2.34717e-06 0 0
0.395788 4.89228e-07 -2.21897e-06 0 0
0.395788 4.67126e-07 -2.21018e-06 0 0
0.395788 4.44769e-07 -2.23571e-06 0 0
0.395788 4.23403e-07 -2.13662e-06 0 0
0.395788 4.02255e-07 -2.11479e-06 0 0
0.395788 3.80841e-07 -2.14136e-06 0 0
0.395788 3.59777e-07 -2.10638e-06 0 0
0.395788 3.40245e-07 -1.95324e-06 0 0
0.395788 3.19875e-07 -2.03696e-06 0 0
0.395788 2.99922e-07 -1.9953e-06 0 0
0.395788 2.81189e-07 -1.87339e-06 0 0
0.395788 2.61578e-07 -1.96106e-06 0 0
0.395788 2.43173e-07 -1.84051e-06 0 0
0.395788 2.24558e-07 -1.86152e-06 0 0
0.395788 2.06426e-07 -1.81317e-06 0 0
0.395788 1.89239e-07 -1.71871e-06 0 0
0.395788 1.71698e-07 -1.75404e-06 0 0
0.395788 1.54983e-07 -1.67154e-06 0 0
0.395788 1.38955e-07 -1.6028e-06 0 0
0.395788 1.22478e-07 -1.64768e-06 0 0
0.395788 1.05934e-07 -1.65447e-06 0 0
0.395788 9.15875e-08 -1.4346e-06 0 0
0.395788 7.61136e-08 -1.54739e-06 0 0
0.395788 6.09099e-08 -1.52037e-06 0 0
0.395788 4.75911e-08 -1.33188e-06 0 0
0.395788 3.25362e-08 -1.50549e-06 0 0
0.395788 1.91946e-08 -1.33415e-06 0 0
0.395788 6.81938e-09 -1.23753e-06 0 0
0.395788 -7.10875e-09 -1.39281e-06 0 0
0.395788 -1.80173e-08 -1.09085e-06 0 0
0.395788 -3.08117e-08 -1.27944e-06 0 0
0.395788 -4.26311e-08 -1.18194e-06 0 0
0.395788 -5.39805e-08 -1.13494e-06 0 0
0.395788 -6.51069e-08 -1.11264e-06 0 0
0.395788 -7.46887e-08 -9.58179e-07 0 0
0.395788 -8.4537e-08 -9.8483e-07 0 0
0.395788 -9.4545e-08 -1.0008e-06 0 0
0.395788 -1.02906e-07 -8.36081e-07 0 0
0.395788 -1.12421e-07 -9.51544e-07 0 0
0.395788 -1.20738e-07 -8.31634e-07 0 0
0.395788 -1.28971e-07 -8.23372e-07 0 0
0.395788 -1.36526e-07 -7.55481e-07 0 0
0.395788 -1.44313e-07 -7.78669e-07 0 0
0.395788 -1.51987e-07 -7.67433e-07 0 0
0.395788 -1.57847e-07 -5.85934e-07 0 0
0.395788 -1.65305e-07 -7.45845e-07 0 0
0.395788 -1.69729e-07 -4.42397e-07 0 0
0.395788 -1.76837e-07 -7.10847e-07 0 0
0.395788 -1.82024e-07 -5.1863e-07 0 0
0.395788 -1.8761e-07 -5.5863e-07 0 0
0.395788 -1.9186e-07 -4.25006e-07 0 0
0.395788 -1.95849e-07 -3.98898e-07 0 0
0.395788 -2.0108e-07 -5.23042e-07 0 0
0.395788 -2.04551e-07 -3.47155e-07 0 0
0.395788 -2.08775e-07 -4.22408e-07 0 0
0.395788 -2.11555e-07 -2.77957e-07 0 0
0.395788 -2.15414e-07 -3.85937e-07 0 0
0.395788 -2.18359e-07 -2.94527e-07 0 0
0.395788 -2.20489e-07 -2.12992e-07 0 0
0.395788 -2.2311e-07 -2.62104e-07 0 0
0.395788 -2.24718e-07 -1.60723e-07 0 0
0.395788 -2.2572e-07 -1.00199e-07 0 0
0.395788 -2.29506e-07 -3.78679e-07 0 0
0.395788 -2.30052e-07 -5.45816e-08 0 0
0.395788 -2.31991e-07 -1.93869e-07 0 0
0.395788 -2.31922e-07 6.91583e-09 0 0
0.395788 -2.33528e-07 -1.60569e-07 0 0
0.395788 -2.33754e-07 -2.26887e-08 0 0
0.395788 -2.34281e-07 -5.26529e-08 0 0
0.395788 -2.3378e-07 5.00855e-08 0 0
0.395788 -2.357e-07 -1.92033e-07 0 0
0.395788 -2.34801e-07 8.99003e-08 0 0
0.395788 -2.34019e-07 7.8278e-08 0 0
0.395788 -2.34845e-07 -8.25897e-08 0 0
0.395788 -2.3287e-07 1.97464e-07 0 0
0.395788 -2.33111e-07 -2.40942e-08 0 0
0.395788 -2.32579e-07 5.31619e-08 0 0
0.395788 -2.31057e-07 1.52227e-07 0 0
0.395788 -2.30041e-07 1.01624e-07 0 0
0.395788 -2.29581e-07 4.59499e-08 0 0
0.395788 -2.27061e-07 2.52009e-07 0 0
0.395788 -2.2619e-07 8.7085e-08 0 0
0.395788 -2.25006e-07 1.18419e-07 0 0
0.395788 -2.23403e-07 1.60345e-07 0 0
0.395788 -2.22838e-07 5.6518e-08 0 0
0.395788 -2.20591e-07 2.24665e-07 0 0
0.395788 -2.18961e-07 1.63025e-07 0 0
0.395788 -2.16213e-07 2.74816e-07 0 0
0.395788 -2.14612e-07 1.60094e-07 0 0
0.395788 -2.11794e-07 2.8181e-07 0 0
0.395788 -2.10272e-07 1.52164e-07 0 0
0.395788 -2.08462e-07 1.80956e-07 0 0
0.395788 -2.06416e-07 2.0459e-07 0 0
0.395788 -2.03449e-07 2.96699e-07 0 0
0.395788 -2.02612e-07 8.3755e-08 0 0
0.395788 -2.00073e-07 2.53894e-07 0 0
0.395788 -1.97253e-07 2.82022e-07 0 0
0.395788 -1.94856e-07 2.39683e-07 0 0
0.395788 -1.92751e-07 2.10488e-07 0 0
0.395788 -1.89679e-07 3.07227e-07 0 0
0.395788 -1.8812e-07 1.55859e-07 0 0
0.395788 -1.84782e-07 3.33782e-07 0 0
0.395788 -1.83275e-07 1.50741e-07 0 0
0.395788 -1.80476e-07 2.79926e-07 0 0
0.395788 -1.78017e-07 2.45894e-07 0 0
0.395788 -1.75407e-07 2.60935e-07 0 0
0.395788 -1.73116e-07 2.29129e-07 0 0
0.395788 -1.70305e-07 2.81111e-07 0 0
0.395788 -1.67949e-07 2.35641e-07 0 0
0.395788 -1.66274e-07 1.67445e-07 0 0
0.395788 -1.64274e-07 1.99978e-07 0 0
0.395788 -1.61244e-07 3.03076e-07 0 0
0.395788 -1.58426e-07 2.81799e-07 0 0
0.395788 -1.55812e-07 2.614e-07 0 0
0.395788 -1.53377e-07 2.43454e-07 0 0
0.395788 -1.51802e-07 1.57562e-07 0 0
0.395788 -1.4942e-07 2.38146e-07 0 0
0.395788 -1.46352e-07 3.06825e-07 0 0
0.395788 -1.43536e-07 2.81616e-07 0 0
0.395788 -1.4167e-07 1.86526e-07 0 0
0.395788 -1.39034e-07 2.63597e-07 0 0
0.395788 -1.37039e-07 1.99542e-07 0 0
0.395788 -1.34601e-07 2.43758e-07 0 0
0.395788 -1.3247e-07 2.1312e-07 0 0
0.395788 -1.30062e-07 2.40871e-07 0 0
0.395788 -1.28037e-07 2.02476e-07 0 0
0.395788 -1.25578e-07 2.45922e-07 0 0
0.395788 -1.22873e-07 2.70413e-07 0 0
0.395788 -1.21205e-07 1.66839e-07 0 0
0.395788 -1.18819e-07 2.38613e-07 0 0
0.395788 -1.16557e-07 2.26177e-07 0 0
0.395788 -1.14489e-07 2.06825e-07 0 0
0.395788 -1.12496e-07 1.99323e-07 0 0
0.395788 -1.09758e-07 2.73768e-07 0 0
0.395788 -1.08074e-07 1.68418e-07 0 0
0.395788 -1.05944e-07 2.12968e-07 0 0
0.395788 -1.03573e-07 2.37103e-07 0 0
0.395788 -1.01576e-07 1.99694e-07 0 0
0.395788 -9.94414e-08 2.13483e-07 0 0
0.395788 -9.73891e-08 2.05225e-07 0 0
0.395788 -9.5002e-08 2.3871e-07 0 0
0.395788 -9.30569e-08 1.94516e-07 0 0
0.395788 -9.12202e-08 1.8367e-07 0 0
0.395788 -8.89047e-08 2.31545e-07 0 0
0.395788 -8.71062e-08 1.79848e-07 0 0
0.395788 -8.50539e-08 2.05231e-07 0 0
0.395788 -8.30081e-08 2.04581e-07 0 0
0.395788 -8.07253e-08 2.28279e-07 0 0
0.395788 -7.89826e-08 1.74278e-07 0 0
0.395788 -7.67598e-08 2.22272e-07 0 0
0.395788 -7.51068e-08 1.65299e-07 0 0
0.395788 -7.30289e-08 2.078e-07 0 0
0.395788 -7.09066e-08 2.12226e-07 0 0
0.395788 -6.87743e-08 2.13231e-07 0 0
0.395788 -6.6932e-08 1.84232e-07 0 0
0.395788 -6.47861e-08 2.14581e-07 0 0
0.395788 -6.30643e-08 1.72186e-07 0 0
0.395788 -6.06786e-08 2.38565e-07 0 0
0.395788 -5.91731e-08 1.50554e-07 0 0
0.395788 -5.6918e-08 2.25514e-07 0 0
0.395788 -5.52856e-08 1.63234e-07 0 0
0.395788 -5.30058e-08 2.27982e-07 0 0
0.395788 -5.14324e-08 1.57341e-07 0 0
0.395788 -4.96354e-08 1.79702e-07 0 0
0.395788 -4.72477e-08 2.38769e-07 0 0
0.395788 -4.52084e-08 2.03926e-07 0 0
0.395788 -4.35282e-08 1.68021e-07 0 0
0.395788 -4.14118e-08 2.11643e-07 0 0
0.395788 -3.93592e-08 2.05256e-07 0 0
0.395788 -3.74994e-08 1.85983e-07 0 0
0.395788 -3.56328e-08 1.86656e-07 0 0
0.395788 -3.37584e-08 1.87444e-07 0 0
0.395788 -3.19134e-08 1.84503e-07 0 0
0.395788 -2.97239e-08 2.18948e-07 0 0
0.395788 -2.7766e-08 1.95787e-07 0 0
0.395788 -2.58479e-08 1.91816e-07 0 0
0.395788 -2.38444e-08 2.00343e-07 0 0
0.395788 -2.16981e-08 2.14629e-07 0 0
0.395788 -1.97625e-08 1.93561e-07 0 0
0.395788 -1.76653e-08 2.09723e-07 0 0
0.395788 -1.55103e-08 2.15498e-07 0 0
0.395788 -1.36068e-08 1.90352e-07 0 0
0.395788 -1.16897e-08 1.91709e-07 0 0
0.395788 -9.31578e-09 2.37394e-07 0 0
0.395788 -7.51367e-09 1.80211e-07 0 0
0.395788 -5.59368e-09 1.91998e-07 0 0
0.395788 -3.5718e-09 2.02188e-07 0 0
0.395788 -1.60499e-09 1.96682e-07 0 0
0.395788 4.55627e-10 2.06061e-07 0 0
0.395788 2.42401e-09 1.96838e-07 0 0
0.395788 4.7905e-09 2.36649e-07 0 0
0.395788 6.82152e-09 2.03102e-07 0 0
0.395788 8.94925e-09 2.12773e-07 0 0
0.395788 1.10177e-08 2.0684e-07 0 0
0.395788 1.30299e-08 2.01226e-07 0 0
0.395788 1.50228e-08 1.99288e-07 0 0
0.395788 1.71844e-08 2.16164e-07 0 0
0.395788 1.92116e-08 2.02712e-07 0 0
0.395788 2.14491e-08 2.23749e-07 0 0
0.395788 2.3646e-08 2.19698e-07 0 0
0.395788 2.56518e-08 2.00579e-07 0 0
0.395788 2.77058e-08 2.05396e-07 0 0
0.395788 2.98095e-08 2.10375e-07 0 0
0.395788 3.21655e-08 2.356e-07 0 0
0.395788 3.43209e-08 2.15539e-07 0 0
0.395788 3.65495e-08 2.22853e-07 0 0
0.395788 3.87406e-08 2.19114e-07 0 0
0.395788 4.08884e-08 2.14785e-07 0 0
0.395788 4.30415e-08 2.15303e-07 0 0
0.395788 4.5328e-08 2.28655e-07 0 0
0.395788 4.7582e-08 2.25401e-07 0 0
0.395788 4.97727e-08 2.1907e-07 0 0
0.395788 5.20642e-08 2.29141e-07 0 0
0.395788 5.42141e-08 2.14999e-07 0 0
0.395788 5.65051e-08 2.29093e-07 0 0
0.395788 5.87525e-08 2.24748e-07 0 0
0.395788 6.11244e-08 2.37185e-07 0 0
0.395788 6.34649e-08 2.34047e-07 0 0
0.395788 6.55947e-08 2.12979e-07 0 0
0.395788 6.79654e-08 2.37077e-07 0 0
0.395788 7.0372e-08 2.40658e-07 0 0
0.395788 7.26411e-08 2.26914e-07 0 0
0.395788 7.50057e-08 2.36451e-07 0 0
0.395788 7.74768e-08 2.47117e-07 0 0
0.395788 7.97208e-08 2.24398e-07 0 0
0.395788 8.21725e-08 2.45173e-07 0 0
0.395788 8.43658e-08 2.19324e-07 0 0
0.395788 8.6812e-08 2.44628e-07 0 0
0.395788 8.92041e-08 2.39209e-07 0 0
0.395788 9.16815e-08 2.47735e-07 0 0
0.395788 9.40245e-08 2.34302e-07 0 0
0.395788 9.63979e-08 2.37341e-07 0 0
0.395788 9.89791e-08 2.58119e-07 0 0
0.395788 1.01305e-07 2.32633e-07 0 0
0.395788 1.03648e-07 2.34287e-07 0 0
0.395788 1.06276e-07 2.62788e-07 0 0
0.395788 1.08766e-07 2.49004e-07 0 0
0.395788 1.11235e-07 2.46872e-07 0 0
0.395788 1.1368e-07 2.44516e-07 0 0
0.395788 1.16054e-07 2.37376e-07 0 0
0.395788 1.18689e-07 2.63545e-07 0 0
0.395788 1.21266e-07 2.57688e-07 0 0
0.395788 1.23797e-07 2.53083e-07 0 0
0.395788 1.2639e-07 2.59334e-07 0 0
0.395788 1.28806e-07 2.41602e-07 0 0
0.395788 1.31399e-07 2.59256e-07 0 0
0.395788 1.34015e-07 2.61615e-07 0 0
0.395788 1.36641e-07 2.62601e-07 0 0
0.395788 1.39283e-07 2.64187e-07 0 0
0.395788 1.41628e-07 2.34466e-07 0 0
0.395788 1.44303e-07 2.67502e-07 0 0
0.395788 1.46972e-07 2.66928e-07 0 0
0.395788 1.49697e-07 2.72545e-07 0 0
0.395788 1.52252e-07 2.55483e-07 0 0
0.395788 1.54841e-07 2.58881e-07 0 0
0.395788 1.57575e-07 2.73397e-07 0 0
0.395788 1.60196e-07 2.62063e-07 0 0
0.395788 1.62823e-07 2.62777e-07 0 0
0.395788 1.65583e-07 2.75938e-07 0 0
0.395788 1.68136e-07 2.55358e-07 0 0
0.395788 1.70937e-07 2.8011e-07 0 0
0.395788 1.73609e-07 2.67151e-07 0 0
0.395788 1.76354e-07 2.74494e-07 0 0
0.395788 1.79079e-07 2.72459e-07 0 0
0.395788 1.81899e-07 2.82029e-07 0 0
0.395788 1.84547e-07 2.64821e-07 0 0
0.395788 1.87444e-07 2.89647e-07 0 0
0.395788 1.90237e-07 2.79397e-07 0 0
0.395788 1.92894e-07 2.65659e-07 0 0
0.395788 1.95696e-07 2.80177e-07 0 0
0.395788 1.98639e-07 2.94341e-07 0 0
0.395788 2.01353e-07 2.71329e-07 0 0
0.395788 2.04221e-07 2.86823e-07 0 0
0.395788 2.06978e-07 2.75705e-07 0 0
0.395788 2.09835e-07 2.85721e-07 0 0
0.395788 2.12618e-07 2.78263e-07 0 0
0.395788 2.15518e-07 2.9005e-07 0 0
0.395788 2.18341e-07 2.82257e-07 0 0
0.395788 2.21255e-07 2.91457e-07 0 0
0.395788 2.24213e-07 2.95771e-07 0 0
0.395788 2.27067e-07 2.85411e-07 0 0
0.395788 2.30034e-07 2.96681e-07 0 0
0.395788 2.32903e-07 2.86935e-07 0 0
0.395788 2.35902e-07 2.99828e-07 0 0
0.395788 2.38746e-07 2.84476e-07 0 0
0.395788 2.41751e-07 3.00435e-07 0 0
0.395788 2.44672e-07 2.92133e-07 0 0
0.395788 2.47736e-07 3.06374e-07 0 0
0.395788 2.50581e-07 2.84568e-07 0 0
0.395788 2.53694e-07 3.11296e-07 0 0
0.395788 2.5662e-07 2.92594e-07 0 0
0.395788 2.59681e-07 3.06091e-07 0 0
0.395788 2.62617e-07 2.93544e-07 0 0
0.395788 2.65758e-07 3.1413e-07 0 0
0.395788 2.68692e-07 2.93416e-07 0 0
0.395788 2.71752e-07 3.05945e-07 0 0
0.395788 2.74833e-07 3.08124e-07 0 0
0.395788 2.77823e-07 2.98995e-07 0 0
0.395788 2.81002e-07 3.17951e-07 0 0
0.395788 2.84047e-07 3.0447e-07 0 0
0.395788 2.87075e-07 3.02765e-07 0 0
0.395788 2.90205e-07 3.1306e-07 0 0
0.395788 2.93376e-07 3.17069e-07 0 0
0.395788 2.96516e-07 3.14015e-07 0 0
0.395788 2.99627e-07 3.111e-07 0 0
0.395788 3.02736e-07 3.10938e-07 0 0
0.395788 3.05941e-07 3.20496e-07 0 0
0.395788 3.09055e-07 3.11333e-07 0 0
0.395788 3.12193e-07 3.13846e-07 0 0
0.395788 3.15408e-07 3.21527e-07 0 0
0.395788 3.18565e-07 3.15672e-07 0 0
0.395788 3.21706e-07 3.14058e-07 0 0
0.395788 3.24888e-07 3.18273e-07 0 0
0.395788 3.28192e-07 3.30311e-07 0 0
0.395788 3.31376e-07 3.18455e-07 0 0
0.395788 3.34537e-07 3.16133e-07 0 0
0.395788 3.37753e-07 3.21507e-07 0 0
0.395788 3.41083e-07 3.33013e-07 0 0
0.395788 3.44291e-07 3.20809e-07 0 0
0.395788 3.47566e-07 3.27527e-07 0 0
0.395788 3.50764e-07 3.19798e-07 0 0
0.395788 3.54127e-07 3.36297e-07 0 0
0.395788 3.57358e-07 3.23137e-07 0 0
0.395788 3.60608e-07 3.24977e-07 0 0
0.395788 3.63921e-07 3.31317e-07 0 0
0.395788 3.67233e-07 3.31187e-07 0 0
0.395788 3.70563e-07 3.32949e-07 0 0
0.395788 3.73853e-07 3.29073e-07 0 0
0.395788 3.77202e-07 3.349e-07 0 0
0.395788 3.80499e-07 3.29703e-07 0 0
0.395788 3.83812e-07 3.31208e-07 0 0
0.395788 3.87111e-07 3.29941e-07 0 0
0.395788 3.90459e-07 3.34823e-07 0 0
0.395788 3.93858e-07 3.39903e-07 0 0
0.395788 3.97211e-07 3.35317e-07 0 0
0.395788 4.00567e-07 3.35529e-07 0 0
0.395788 4.03952e-07 3.3858e-07 0 0
0.395788 4.07298e-07 3.34581e-07 0 0
0.395788 4.106e-07 3.3016e-07 0 0
0.395788 4.13963e-07 3.3632e-07 0 0
0.395788 4.17373e-07 3.40962e-07 0 0
0.395788 4.20777e-07 3.40436e-07 0 0
0.395788 4.2414e-07 3.36269e-07 0 0
0.395788 4.27555e-07 3.41521e-07 0 0
0.395788 4.30898e-07 3.34334e-07 0 0
0.395788 4.34372e-07 3.47396e-07 0 0
0.395788 4.37693e-07 3.32082e-07 0 0
0.395788 4.41157e-07 3.46385e-07 0 0
0.395788 4.44487e-07 3.33024e-07 0 0
0.395788 4.47916e-07 3.42916e-07 0 0
0.395788 4.51355e-07 3.43835e-07 0 0
0.395788 4.54759e-07 3.40442e-07 0 0
0.395788 4.58128e-07 3.36919e-07 0 0
0.395788 4.61504e-07 3.37573e-07 0 0
0.395788 4.64923e-07 3.4192e-07 0 0
0.395788 4.68236e-07 3.31232e-07 0 0
0.395788 4.71484e-07 3.24877e-07 0 0
0.395788 4.74768e-07 3.28347e-07 0 0
0.395788 4.7813e-07 3.36206e-07 0 0
0.395788 4.81388e-07 3.25766e-07 0 0
0.395788 4.84649e-07 3.26179e-07 0 0
0.395788 4.87968e-07 3.31857e-07 0 0
0.395788 4.91161e-07 3.19265e-07 0 0
0.395788 4.94401e-07 3.24025e-07 0 0
0.395788 4.97714e-07 3.31287e-07 0 0
0.395788 5.01039e-07 3.32535e-07 0 0
0.395788 5.0403e-07 2.99125e-07 0 0
0.395788 5.07411e-07 3.38093e-07 0 0
0.395788 5.10647e-07 3.23571e-07 0 0
0.395788 5.13836e-07 3.18922e-07 0 0
0.395788 5.17146e-07 3.30965e-07 0 0
0.395788 5.20033e-07 2.88752e-07 0 0
0.395788 5.23414e-07 3.38114e-07 0 0
0.395788 5.26591e-07 3.17701e-07 0 0
0.395788 5.29797e-07 3.20592e-07 0 0
0.395788 5.32849e-07 3.05127e-07 0 0
0.395788 5.35955e-07 3.1059e-07 0 0
0.395788 5.39081e-07 3.12604e-07 0 0
0.395788 5.42216e-07 3.13593e-07 0 0
0.395788 5.45287e-07 3.07074e-07 0 0
0.395788 5.48342e-07 3.05497e-07 0 0
0.395788 5.51476e-07 3.13389e-07 0 0
0.395788 5.54498e-07 3.02181e-07 0 0
0.395788 5.57432e-07 2.93387e-07 0 0
0.395788 5.60456e-07 3.0238e-07 0 0
0.395788 5.63555e-07 3.09951e-07 0 0
0.395788 5.66314e-07 2.75932e-07 0 0
0.395788 5.69326e-07 3.01162e-07 0 0
0.395788 5.72181e-07 2.8545e-07 0 0
0.395788 5.75275e-07 3.09402e-07 0 0
0.395788 5.77989e-07 2.71463e-07 0 0
0.395788 5.80924e-07 2.93443e-07 0 0
0.395788 5.83691e-07 2.7669e-07 0 0
0.395788 5.86557e-07 2.86606e-07 0 0
0.395788 5.89341e-07 2.78448e-07 0 0
0.395788 5.92026e-07 2.68474e-07 0 0
0.395788 5.94638e-07 2.61202e-07 0 0
0.395788 5.97478e-07 2.83991e-07 0 0
0.395788 6.0024e-07 2.76217e-07 0 0
0.395788 6.02743e-07 2.50262e-07 0 0
0.395788 6.05475e-07 2.73224e-07 0 0
0.395788 6.08071e-07 2.59609e-07 0 0
0.395788 6.10632e-07 2.56138e-07 0 0
0.395788 6.13076e-07 2.44383e-07 0 0
0.395788 6.15413e-07 2.33713e-07 0 0
0.395788 6.17877e-07 2.46404e-07 0 0
0.395788 6.20459e-07 2.5822e-07 0 0
0.395788 6.22531e-07 2.07129e-07 0 0
0.395788 6.2524e-07 2.709e-07 0 0
0.395788 6.27524e-07 2.28461e-07 0 0
0.395788 6.29641e-07 2.11635e-07 0 0
0.395788 6.31799e-07 2.15869e-07 0 0
0.395788 6.33992e-07 2.19224e-07 0 0
0.395788 6.35772e-07 1.78078e-07 0 0
0.395788 6.38149e-07 2.37689e-07 0 0
0.395788 6.40211e-07 2.0619e-07 0 0
0.395788 6.42279e-07 2.06821e-07 0 0
0.395788 6.4403e-07 1.75026e-07 0 0
0.395788 6.4606e-07 2.03007e-07 0 0
0.395788 6.47619e-07 1.5591e-07 0 0
0.395788 6.49468e-07 1.8493e-07 0 0
0.395788 6.5135e-07 1.88138e-07 0 0
0.395788 6.52829e-07 1.47925e-07 0 0
0.395788 6.543e-07 1.4711e-07 0 0
0.395788 6.55989e-07 1.68896e-07 0 0
0.395788 6.5737e-07 1.38103e-07 0 0
0.395788 6.58548e-07 1.17788e-07 0 0
0.395788 6.60114e-07 1.56589e-07 0 0
0.395788 6.61476e-07 1.36288e-07 0 0
0.395788 6.62704e-07 1.22775e-07 0 0
0.395788 6.63711e-07 1.00716e-07 0 0
0.395788 6.64599e-07 8.88009e-08 0 0
0.395788 6.65944e-07 1.34447e-07 0 0
0.395788 6.66931e-07 9.87028e-08 0 0
0.395788 6.67678e-07 7.47576e-08 0 0
0.395788 6.6838e-07 7.01812e-08 0 0
0.395788 6.68779e-07 3.98505e-08 0 0
0.395788 6.69735e-07 9.55966e-08 0 0
0.395788 6.70739e-07 1.00452e-07 0 0
0.395788 6.70655e-07 -8.39297e-09 0 0
0.395788 6.71357e-07 7.0185e-08 0 0
0.395788 6.71357e-07 1.24664e-11 0 0
0.395788 6.71771e-07 4.14017e-08 0 0
0.395788 6.71932e-07 1.6018e-08 0 0
0.395788 6.71843e-07 -8.84647e-09 0 0
0.395788 6.71617e-07 -2.26226e-08 0 0
0.395788 6.71515e-07 -1.01629e-08 0 0
0.395788 6.71153e-07 -3.62008e-08 0 0
0.395788 6.70628e-07 -5.25313e-08 0 0
0.395788 6.70519e-07 -1.08761e-08 0 0
0.395788 6.69935e-07 -5.84272e-08 0 0
0.395788 6.69325e-07 -6.10099e-08 0 0
0.395788 6.68417e-07 -9.07303e-08 0 0
0.395788 6.66915e-07 -1.5025e-07 0 0
0.395788 6.66231e-07 -6.83988e-08 0 0
0.395788 6.65283e-07 -9.48461e-08 0 0
0.395788 6.63826e-07 -1.4569e-07 0 0
0.395788 6.62212e-07 -1.61337e-07 0 0
0.395788 6.60672e-07 -1.53997e-07 0 0
0.395788 6.59017e-07 -1.65521e-07 0 0
0.395789 6.57878e-07 -1.13895e-07 0 0
0.395789 6.5613e-07 -1.7485e-07 0 0
0.395789 6.54339e-07 -1.79059e-07 0 0
0.395789 6.52052e-07 -2.28666e-07 0 0
0.395789 6.49936e-07 -2.11653e-07 0 0
0.395789 6.4726e-07 -2.67586e-07 0 0
0.395789 6.44698e-07 -2.56146e-07 0 0
0.395789 6.4169e-07 -3.00848e-07 0 0
0.395789 6.39302e-07 -2.38849e-07 0 0
0.395789 6.36374e-07 -2.92771e-07 0 0
0.395789 3.68513e-07 -2.67861e-05 0 0
0.395789 6.94487e-07 3.25974e-05 0 0
0.395789 6.95308e-07 8.21454e-08 0 0
0.395789 6.90571e-07 -4.73744e-07 0 0
0.395789 6.86568e-07 -4.00306e-07 0 0
0.395789 6.83129e-07 -3.43887e-07 0 0
0.395789 6.78072e-07 -5.05667e-07 0 0
0.395789 6.73433e-07 -4.63883e-07 0 0
0.395789 6.68533e-07 -4.90083e-07 0 0
0.395789 6.62888e-07 -5.64466e-07 0 0
0.395789 6.58101e-07 -4.78732e-07 0 0
0.395789 6.52619e-07 -5.48179e-07 0 0
0.395789 6.47133e-07 -5.48535e-07 0 0
0.395789 6.41334e-07 -5.79936e-07 0 0
0.395789 6.35694e-07 -5.64053e-07 0 0
0.395789 6.29001e-07 -6.69239e-07 0 0
0.395789 6.22267e-07 -6.7345e-07 0 0
0.395789 6.16756e-07 -5.51068e-07 0 0
0.395789 6.09104e-07 -7.65221e-07 0 0
0.395789 6.02929e-07 -6.17483e-07 0 0
0.395789 5.95309e-07 -7.62038e-07 0 0
0.395789 5.88308e-07 -7.001e-07 0 0
0.395789 5.80319e-07 -7.98868e-07 0 0
0.395789 5.72745e-07 -7.57374e-07 0 0
0.395789 5.64979e-07 -7.76571e-07 0 0
0.395789 5.5728e-07 -7.69953e-07 0 0
0.395789 5.48206e-07 -9.07363e-07 0 0
0.395789 5.38892e-07 -9.31434e-07 0 0
0.395789 5.30197e-07 -8.69499e-07 0 0
0.395789 5.21923e-07 -8.27351e-07 0 0
0.395789 5.13958e-07 -7.96576e-07 0 0
0.395789 5.04142e-07 -9.81604e-07 0 0
0.395789 4.93883e-07 -1.02583e-06 0 0
0.395789 4.84644e-07 -9.23879e-07 0 0
0.395789 4.74917e-07 -9.72725e-07 0 0
0.395789 4.65507e-07 -9.40987e-07 0 0
0.395789 4.56012e-07 -9.49484e-07 0 0
0.395789 4.45048e-07 -1.09644e-06 0 0
0.395789 4.33401e-07 -1.16473e-06 0 0
0.395789 4.25543e-07 -7.85771e-07 0 0
0.395789 4.14308e-07 -1.12349e-06 0 0
0.395789 4.0353e-07 -1.0778e-06 0 0
0.395789 3.91221e-07 -1.23089e-06 0 0
0.395789 3.79929e-07 -1.12921e-06 0 0
0.395789 3.67546e-07 -1.23829e-06 0 0
0.395789 3.5609e-07 -1.14566e-06 0 0
0.395789 3.44704e-07 -1.13855e-06 0 0
0.395789 3.34171e-07 -1.05335e-06 0 0
0.395789 3.21441e-07 -1.27297e-06 0 0
0.395789 3.07246e-07 -1.41953e-06 0 0
0.395789 2.9454e-07 -1.27062e-06 0 0
0.395789 2.81744e-07 -1.27952e-06 0 0
0.395789 2.69831e-07 -1.19131e-06 0 0
0.395789 2.56817e-07 -1.30147e-06 0 0
0.395789 2.43446e-07 -1.33707e-06 0 0
0.395789 2.30062e-07 -1.33836e-06 0 0
0.395789 2.17464e-07 -1.25988e-06 0 0
0.395789 2.04908e-07 -1.25557e-06 0 0
0.395789 1.92278e-07 -1.26303e-06 0 0
0.395789 1.76073e-07 -1.6205e-06 0 0
0.395789 1.62531e-07 -1.35412e-06 0 0
0.395789 1.48814e-07 -1.37172e-06 0 0
0.395789 1.36223e-07 -1.2591e-06 0 0
0.395789 1.20523e-07 -1.57004e-06 0 0
0.395789 1.05622e-07 -1.49012e-06 0 0
0.395789 9.2343e-08 -1.32786e-06 0 0
0.395789 7.8263e-08 -1.40801e-06 0 0
0.395789 6.3614e-08 -1.46489e-06 0 0
0.395789 4.95553e-08 -1.40587e-06 0 0
0.395789 3.46823e-08 -1.4873e-06 0 0
0.395789 1.97064e-08 -1.49759e-06 0 0
0.395789 6.25677e-09 -1.34497e-06 0 0
0.395789 -7.34706e-09 -1.36038e-06 0 0
0.395789 -2.50251e-08 -1.7678e-06 0 0
0.395789 -3.77117e-08 -1.26866e-06 0 0
0.395789 -5.17154e-08 -1.40038e-06 0 0
0.395789 -6.75766e-08 -1.58611e-06 0 0
0.395789 -8.14615e-08 -1.38849e-06 0 0
0.395789 -9.63565e-08 -1.4895e-06 0 0
0.395789 -1.13145e-07 -1.67883e-06 0 0
0.395789 -1.26327e-07 -1.31818e-06 0 0
0.395789 -1.43393e-07 -1.70663e-06 0 0
0.395789 -1.56459e-07 -1.30662e-06 0 0
0.395789 -1.70186e-07 -1.3727e-06 0 0
0.395789 -1.83986e-07 -1.38e-06 0 0
0.395789 -1.98146e-07 -1.41595e-06 0 0
0.395789 -2.16047e-07 -1.79013e-06 0 0
0.395789 -2.28595e-07 -1.25482e-06 0 0
0.395789 -2.447e-07 -1.61046e-06 0 0
0.395789 -2.55537e-07 -1.08369e-06 0 0
0.395789 -2.71087e-07 -1.55507e-06 0 0
0.395789 -2.85287e-07 -1.41995e-06 0 0
0.395789 -3.01124e-07 -1.58368e-06 0 0
0.395789 -3.16521e-07 -1.53978e-06 0 0
0.395789 -3.27201e-07 -1.06796e-06 0 0
0.395789 -3.40558e-07 -1.33567e-06 0 0
0.395789 -3.5676e-07 -1.62027e-06 0 0
0.395789 -3.70429e-07 -1.36692e-06 0 0
0.395789 -3.79635e-07 -9.20528e-07 0 0
0.395789 -3.94837e-07 -1.5202e-06 0 0
0.395789 -4.08788e-07 -1.39515e-06 0 0
0.395789 -4.20808e-07 -1.20194e-06 0 0
0.395789 -4.34039e-07 -1.32314e-06 0 0
0.395789 -4.43151e-07 -9.1122e-07 0 0
0.395789 -4.61625e-07 -1.84733e-06 0 0
0.395789 -4.6936e-07 -7.73564e-07 0 0
0.395789 -4.82943e-07 -1.35823e-06 0 0
0.395789 -4.92155e-07 -9.21256e-07 0 0
0.395789 -5.0449e-07 -1.23352e-06 0 0
0.395789 -5.17284e-07 -1.2794e-06 0 0
0.395789 -5.2699e-07 -9.70559e-07 0 0
0.395789 -5.41759e-07 -1.47689e-06 0 0
0.395789 -5.50087e-07 -8.32858e-07 0 0
0.395789 -5.56708e-07 -6.62093e-07 0 0
0.395789 -5.68937e-07 -1.22286e-06 0 0
0.395789 -5.74279e-07 -5.34165e-07 0 0
0.395789 -5.826e-07 -8.32119e-07 0 0
0.395789 -5.89144e-07 -6.54469e-07 0 0
0.395789 -5.97378e-07 -8.23345e-07 0 0
0.395789 -6.04796e-07 -7.41783e-07 0 0
0.395789 -6.11707e-07 -6.91147e-07 0 0
0.395789 -6.17631e-07 -5.92424e-07 0 0
0.395789 -6.23913e-07 -6.28182e-07 0 0
0.395789 -6.31867e-07 -7.95359e-07 0 0
0.395789 -6.36683e-07 -4.81583e-07 0 0
0.395789 -6.40087e-07 -3.40419e-07 0 0
0.395789 -6.51231e-07 -1.1144e-06 0 0
0.395789 -6.54859e-07 -3.62844e-07 0 0
0.395789 -6.58503e-07 -3.64418e-07 0 0
0.395789 -6.68143e-07 -9.63916e-07 0 0
0.395789 -6.73055e-07 -4.91199e-07 0 0
0.395789 -6.74966e-07 -1.91181e-07 0 0
0.395789 -6.82826e-07 -7.8593e-07 0 0
0.395789 -6.82229e-07 5.96215e-08 0 0
0.395789 -6.90645e-07 -8.41548e-07 0 0
0.395789 -6.9261e-07 -1.96554e-07 0 0
0.395789 -6.97106e-07 -4.49546e-07 0 0
0.395789 -7.01039e-07 -3.93283e-07 0 0
0.395789 -7.05942e-07 -4.90373e-07 0 0
0.395789 -7.1317e-07 -7.22801e-07 0 0
0.395789 -7.13383e-07 -2.12319e-08 0 0
0.395789 -7.15106e-07 -1.72346e-07 0 0
0.395789 -7.2019e-07 -5.08372e-07 0 0
0.395789 -7.20797e-07 -6.07525e-08 0 0
0.395789 -7.26506e-07 -5.70803e-07 0 0
0.395789 -7.24554e-07 1.95186e-07 0 0
0.395789 -7.2878e-07 -4.22651e-07 0 0
0.395789 -7.315e-07 -2.71959e-07 0 0
0.395789 -7.33911e-07 -2.41123e-07 0 0
0.395788 -7.32665e-07 1.24614e-07 0 0
0.395788 -7.34563e-07 -1.89819e-07 0 0
0.395788 -7.38349e-07 -3.78573e-07 0 0
0.395788 -7.38136e-07 2.13217e-08 0 0
0.395788 -7.3527e-07 2.86538e-07 0 0
0.395788 -7.32732e-07 2.53836e-07 0 0
0.395788 -7.38009e-07 -5.27679e-07 0 0
0.395788 -7.38031e-07 -2.28837e-09 0 0
0.395788 -7.39718e-07 -1.68671e-07 0 0
0.395788 -7.3845e-07 1.26855e-07 0 0
0.395788 -7.35045e-07 3.40464e-07 0 0
0.395788 -7.38317e-07 -3.27195e-07 0 0
0.395788 -7.3832e-07 -3.03749e-10 0 0
0.395788 -7.34215e-07 4.10465e-07 0 0
0.395788 -7.36241e-07 -2.02554e-07 0 0
0.395788 -7.33171e-07 3.07004e-07 0 0
0.395788 -7.30873e-07 2.29786e-07 0 0
0.395788 -7.30447e-07 4.26482e-08 0 0
0.395788 -7.27574e-07 2.87205e-07 0 0
0.395788 -7.27447e-07 1.27073e-08 0 0
0.395788 -7.24935e-07 2.5125e-07 0 0
0.395788 -7.23285e-07 1.64944e-07 0 0
0.395788 -7.21305e-07 1.98042e-07 0 0
0.395788 -7.16665e-07 4.64006e-07 0 0
0.395788 -7.11696e-07 4.96926e-07 0 0
0.395788 -7.0895e-07 2.74622e-07 0 0
0.395788 -7.07809e-07 1.14041e-07 0 0
0.395788 -7.04308e-07 3.50079e-07 0 0
0.395788 -7.01298e-07 3.00994e-07 0 0
0.395788 -6.99498e-07 1.80034e-07 0 0
0.395788 -6.95781e-07 3.71679e-07 0 0
0.395788 -6.92241e-07 3.53999e-07 0 0
0.395788 -6.90597e-07 1.64476e-07 0 0
0.395788 -6.85174e-07 5.42217e-07 0 0
0.395788 -6.80174e-07 5.00074e-07 0 0
0.395788 -6.763e-07 3.87338e-07 0 0
0.395788 -6.77151e-07 -8.50904e-08 0 0
0.395788 -6.68489e-07 8.66215e-07 0 0
0.395788 -6.6541e-07 3.07882e-07 0 0
0.395788 -6.58857e-07 6.55271e-07 0 0
0.395788 -6.56097e-07 2.76071e-07 0 0
0.395788 -6.52649e-07 3.44822e-07 0 0
0.395788 -6.46779e-07 5.86949e-07 0 0
0.395788 -6.4399e-07 2.78947e-07 0 0
0.395788 -6.41446e-07 2.54338e-07 0 0
0.395788 -6.35758e-07 5.68845e-07 0 0
0.395788 -6.31649e-07 4.10902e-07 0 0
0.395788 -6.25331e-07 6.31733e-07 0 0
0.395788 -6.2084e-07 4.49158e-07 0 0
0.395788 -6.18597e-07 2.24243e-07 0 0
0.395788 -6.09779e-07 8.81873e-07 0 0
0.395788 -6.04708e-07 5.07088e-07 0 0
0.395788 -6.00249e-07 4.45892e-07 0 0
0.395788 -5.97465e-07 2.78377e-07 0 0
0.395788 -5.9249e-07 4.97511e-07 0 0
0.395788 -5.85053e-07 7.43671e-07 0 0
0.395788 -5.81215e-07 3.838e-07 0 0
0.395788 -5.77078e-07 4.13695e-07 0 0
0.395788 -5.73017e-07 4.06161e-07 0 0
0.395788 -5.6343e-07 9.5864e-07 0 0
0.395788 -5.61725e-07 1.7054e-07 0 0
0.395788 -5.53652e-07 8.07274e-07 0 0
0.395788 -5.52479e-07 1.17327e-07 0 0
0.395788 -5.48409e-07 4.07046e-07 0 0
0.395788 -5.42021e-07 6.38764e-07 0 0
0.395788 -5.37341e-07 4.68036e-07 0 0
0.395788 -5.33723e-07 3.61712e-07 0 0
0.395788 -5.30378e-07 3.34518e-07 0 0
0.395788 -5.22734e-07 7.64419e-07 0 0
0.395788 -5.14824e-07 7.90958e-07 0 0
0.395788 -5.13128e-07 1.69694e-07 0 0
0.395788 -5.07609e-07 5.51842e-07 0 0
0.395788 -5.02376e-07 5.23341e-07 0 0
0.395788 -4.97953e-07 4.4227e-07 0 0
0.395788 -4.96034e-07 1.91914e-07 0 0
0.395788 -4.88776e-07 7.25815e-07 0 0
0.395788 -4.82021e-07 6.7547e-07 0 0
0.395788 -4.77573e-07 4.44823e-07 0 0
0.395788 -4.75593e-07 1.97932e-07 0 0
0.395788 -4.69232e-07 6.36131e-07 0 0
0.395788 -4.66379e-07 2.85289e-07 0 0
0.395788 -4.58871e-07 7.50835e-07 0 0
0.395788 -4.56435e-07 2.43621e-07 0 0
0.395788 -4.5097e-07 5.46472e-07 0 0
0.395788 -4.46851e-07 4.11907e-07 0 0
0.395788 -4.44564e-07 2.28735e-07 0 0
0.395788 -4.38896e-07 5.66732e-07 0 0
0.395788 -4.33052e-07 5.84407e-07 0 0
0.395788 -4.29071e-07 3.98112e-07 0 0
0.395788 -4.26562e-07 2.50942e-07 0 0
0.395788 -4.19793e-07 6.76854e-07 0 0
0.395788 -4.14473e-07 5.32038e-07 0 0
0.395788 -4.12035e-07 2.43788e-07 0 0
0.395788 -4.07088e-07 4.94717e-07 0 0
0.395788 -4.14534e-07 -7.44642e-07 0 0
0.395788 -5.1753e-07 -1.02996e-05 0 0
0.395788 -4.44027e-07 7.35035e-06 0 0
0.395788 -4.44008e-07 1.90101e-09 0 0
0.395788 -4.44624e-07 -6.15914e-08 0 0
0.395788 -4.43821e-07 8.02737e-08 0 0
0.395788 -4.4395e-07 -1.28874e-08 0 0
0.395788 -4.43239e-07 7.11369e-08 0 0
0.395788 -4.42389e-07 8.4961e-08 0 0
0.395788 -4.42551e-07 -1.62569e-08 0 0
0.395788 -4.41582e-07 9.69731e-08 0 0
0.395788 -4.40465e-07 1.11633e-07 0 0
0.395788 -4.4021e-07 2.55393e-08 0 0
0.395788 -4.39174e-07 1.03629e-07 0 0
0.395788 -2.25063e-07 2.14111e-05 0 0
0.395788 -2.25714e-07 -6.51324e-08 0 0
0.395788 -2.26962e-07 -1.24836e-07 0 0
0.395788 -2.27954e-07 -9.91934e-08 0 0
0.395788 -2.29754e-07 -1.79957e-07 0 0
0.395788 -2.31126e-07 -1.37195e-07 0 0
0.395788 -2.32092e-07 -9.66527e-08 0 0
0.395788 -2.33964e-07 -1.87114e-07 0 0
0.395788 -2.35014e-07 -1.05025e-07 0 0
0.395788 -2.35804e-07 -7.90394e-08 0 0
0.395788 -2.37317e-07 -1.51301e-07 0 0
0.395788 -2.37913e-07 -5.95318e-08 0 0
0.395788 -2.39504e-07 -1.59183e-07 0 0
0.395788 -2.40891e-07 -1.38631e-07 0 0
0.395788 -2.41302e-07 -4.113e-08 0 0
0.395788 -2.43121e-07 -1.81852e-07 0 0
0.395788 -2.43942e-07 -8.21851e-08 0 0
0.395788 -2.44838e-07 -8.95763e-08 0 0
0.395788 -2.45597e-07 -7.58644e-08 0 0
0.395788 -2.47051e-07 -1.45372e-07 0 0
0.395788 -2.48442e-07 -1.39155e-07 0 0
0.395788 -2.48969e-07 -5.27128e-08 0 0
0.395788 -2.50034e-07 -1.0652e-07 0 0
0.395788 -2.5033e-07 -2.95662e-08 0 0
0.395788 -2.51822e-07 -1.49149e-07 0 0
0.395788 -2.52259e-07 -4.37201e-08 0 0
0.395788 -2.53276e-07 -1.01751e-07 0 0
0.395788 -2.53497e-07 -2.20839e-08 0 0
0.395788 -2.54846e-07 -1.34908e-07 0 0
0.395788 -2.55961e-07 -1.11466e-07 0 0
0.395788 -2.55902e-07 5.87234e-09 0 0
0.395788 -2.56859e-07 -9.57003e-08 0 0
0.395788 -2.57853e-07 -9.93708e-08 0 0
0.395788 -2.58255e-07 -4.01876e-08 0 0
0.395788 -2.58706e-07 -4.5108e-08 0 0
0.395788 -2.59184e-07 -4.7783e-08 0 0
0.395788 -2.59404e-07 -2.19936e-08 0 0
0.395788 -2.60221e-07 -8.17868e-08 0 0
0.395788 -2.60123e-07 9.82332e-09 0 0
0.395788 -2.61056e-07 -9.32943e-08 0 0
0.395788 -2.61741e-07 -6.84927e-08 0 0
0.395788 -2.61436e-07 3.05355e-08 0 0
0.395788 -2.62429e-07 -9.93693e-08 0 0
0.395788 -2.62059e-07 3.70325e-08 0 0
0.395788 -2.62981e-07 -9.21665e-08 0 0
0.395788 -2.62724e-07 2.56743e-08 0 0
0.395788 -2.62628e-07 9.61644e-09 0 0
0.395788 -2.6886e-07 -6.23187e-07 0 0
0.395788 -2.61502e-07 7.35735e-07 0 0
0.395788 -2.62444e-07 -9.42036e-08 0 0
0.395788 -2.68709e-07 -6.26452e-07 0 0
0.395788 -2.67546e-07 1.16294e-07 0 0
0.395788 -2.60408e-07 7.13798e-07 0 0
0.395788 -2.67716e-07 -7.30794e-07 0 0
0.395788 -2.59435e-07 8.2809e-07 0 0
0.395788 -2.66286e-07 -6.85098e-07 0 0
0.395788 -2.66256e-07 2.98932e-09 0 0
0.395788 -2.57224e-07 9.03163e-07 0 0
0.395788 -2.65759e-07 -8.53401e-07 0 0
0.395788 -2.56947e-07 8.81178e-07 0 0
0.395788 -2.65102e-07 -8.15528e-07 0 0
0.395788 -2.55393e-07 9.70928e-07 0 0
0.395788 -2.64502e-07 -9.10902e-07 0 0
0.395788 -2.54088e-07 1.04137e-06 0 0
0.395788 -2.63445e-07 -9.35711e-07 0 0
0.395788 -2.62649e-07 7.95606e-08 0 0
0.395788 -2.61796e-07 8.53678e-08 0 0
0.395788 -2.5055e-07 1.12457e-06 0 0
0.395788 -2.60838e-07 -1.02882e-06 0 0
0.395788 -3.26151e-07 -6.53126e-06 0 0
0.395788 -3.12052e-07 1.40989e-06 0 0
0.395788 -3.11134e-07 9.17531e-08 0 0
0.395788 -3.22545e-07 -1.14105e-06 0 0
0.395788 -4.21359e-07 -9.88142e-06 0 0
0.395788 -2.82237e-07 1.39122e-05 0 0
0.395788 -2.82542e-07 -3.04713e-08 0 0
0.395788 -2.82257e-07 2.84893e-08 0 0
0.395788 -2.8216e-07 9.70063e-09 0 0
0.395788 -2.81975e-07 1.84661e-08 0 0
0.395788 -2.81796e-07 1.79868e-08 0 0
0.395788 -2.81559e-07 2.36738e-08 0 0
0.395788 -2.81622e-07 -6.30424e-09 0 0
0.395788 -2.81284e-07 3.38112e-08 0 0
0.395788 -2.99016e-07 -1.77327e-06 0 0
0.395788 -2.80107e-07 1.89098e-06 0 0
0.395788 -2.79806e-07 3.00944e-08 0 0
0.395788 -2.7949e-07 3.15286e-08 0 0
0.395788 -2.14975e-07 6.45151e-06 0 0
0.395788 -2.14685e-07 2.90257e-08 0 0
0.395788 -2.33193e-07 -1.85081e-06 0 0
0.395788 -2.13665e-07 1.95277e-06 0 0
0.395788 -2.13738e-07 -7.25546e-09 0 0
0.395788 -2.13635e-07 1.02569e-08 0 0
0.395788 -2.3241e-07 -1.8775e-06 0 0
0.395788 -2.12617e-07 1.97934e-06 0 0
0.395788 -1.33114e-07 7.95026e-06 0 0
0.395788 -1.33761e-07 -6.46694e-08 0 0
0.395788 -1.34232e-07 -4.70756e-08 0 0
0.395788 -1.35043e-07 -8.11478e-08 0 0
0.395788 -1.35511e-07 -4.67978e-08 0 0
0.395788 -1.3607e-07 -5.58444e-08 0 0
0.395788 -1.36532e-07 -4.62721e-08 0 0
0.395788 -1.5622e-07 -1.96873e-06 0 0
0.395788 -1.36876e-07 1.93433e-06 0 0
0.395788 -1.56685e-07 -1.98089e-06 0 0
0.395788 -1.37648e-07 1.9037e-06 0 0
0.395788 -1.57136e-07 -1.94879e-06 0 0
0.395788 -1.38016e-07 1.91202e-06 0 0
0.395788 -1.57663e-07 -1.96467e-06 0 0
0.395788 -1.57455e-07 2.07424e-08 0 0
0.395788 -1.38296e-07 1.91596e-06 0 0
0.395788 -1.58131e-07 -1.98355e-06 0 0
0.395788 -1.38793e-07 1.93386e-06 0 0
0.395788 -1.58444e-07 -1.96514e-06 0 0
0.395788 -1.58435e-07 8.65368e-10 0 0
0.395788 -1.58252e-07 1.83311e-08 0 0
0.395788 -1.39073e-07 1.91786e-06 0 0
0.395788 -1.58828e-07 -1.9755e-06 0 0
0.395788 -1.24449e-07 3.43794e-06 0 0
0.395788 -1.24306e-07 1.43369e-08 0 0
0.395788 -1.04058e-07 2.02481e-06 0 0
0.395788 -1.2518e-07 -2.11229e-06 0 0
0.395788 -1.24855e-07 3.2584e-08 0 0
0.395788 -1.04422e-07 2.04325e-06 0 0
0.395788 -1.25593e-07 -2.11705e-06 0 0
0.395788 -1.25561e-07 3.14525e-09 0 0
0.395788 -1.25541e-07 2.05851e-09 0 0
0.395788 -1.25468e-07 7.26015e-09 0 0
0.395788 -1.25569e-07 -1.01024e-08 0 0
0.395788 -1.25469e-07 9.9519e-09 0 0
0.395788 -1.25538e-07 -6.84583e-09 0 0
0.395788 -1.25569e-07 -3.15229e-09 0 0
0.395788 -1.25633e-07 -6.38183e-09 0 0
0.395788 -1.25763e-07 -1.3021e-08 0 0
0.395788 -1.25701e-07 6.21333e-09 0 0
0.395788 -1.25643e-07 5.8193e-09 0 0
0.395788 -1.2578e-07 -1.37142e-08 0 0
0.395788 -1.25732e-07 4.79438e-09 0 0
0.395788 -1.25862e-07 -1.29246e-08 0 0
0.395788 -1.25985e-07 -1.23052e-08 0 0
0.395788 -1.26117e-07 -1.32478e-08 0 0
0.395788 -1.26023e-07 9.39508e-09 0 0
0.395788 -1.26116e-07 -9.25436e-09 0 0
0.395788 -1.26259e-07 -1.42872e-08 0 0
0.395788 -1.26456e-07 -1.9779e-08 0 0
0.395788 -1.26402e-07 5.48484e-09 0 0
0.395788 -1.26408e-07 -6.14093e-10 0 0
0.395788 -1.26613e-07 -2.05793e-08 0 0
0.395788 -1.26692e-07 -7.87694e-09 0 0
0.395788 -1.26727e-07 -3.44583e-09 0 0
0.395788 -1.26755e-07 -2.80738e-09 0 0
0.395788 -1.26813e-07 -5.81263e-09 0 0
0.395788 -1.26864e-07 -5.06744e-09 0 0
0.395788 -1.27014e-07 -1.50313e-08 0 0
0.395788 -1.27169e-07 -1.55175e-08 0 0
0.395788 -1.27116e-07 5.32264e-09 0 0
0.395788 -1.27175e-07 -5.92442e-09 0 0
0.395788 -1.2724e-07 -6.45914e-09 0 0
0.395788 -1.27463e-07 -2.23581e-08 0 0
0.395788 -1.27477e-07 -1.37656e-09 0 0
0.395788 -1.27486e-07 -8.92785e-10 0 0
0.395788 -1.27545e-07 -5.85656e-09 0 0
0.395788 -1.2768e-07 -1.35684e-08 0 0
0.395788 -1.2755e-07 1.29829e-08 0 0
0.395788 -1.27608e-07 -5.76084e-09 0 0
0.395788 -1.27786e-07 -1.77575e-08 0 0
0.395788 -1.2795e-07 -1.64232e-08 0 0
0.395788 -1.27719e-07 2.30301e-08 0 0
0.395788 -1.2792e-07 -2.00985e-08 0 0
0.395788 -1.28009e-07 -8.84613e-09 0 0
0.395788 -1.28148e-07 -1.3935e-08 0 0
0.395788 -1.27845e-07 3.03335e-08 0 0
0.395788 -1.28049e-07 -2.04078e-08 0 0
0.395788 -1.28059e-07 -9.64035e-10 0 0
0.395788 -1.28257e-07 -1.98257e-08 0 0
0.395788 -1.27998e-07 2.59091e-08 0 0
0.395788 -1.28029e-07 -3.14728e-09 0 0
0.395788 -1.28144e-07 -1.15122e-08 0 0
0.395788 -1.28041e-07 1.03599e-08 0 0
0.395788 -1.27921e-07 1.2026e-08 0 0
0.395788 -1.28023e-07 -1.02096e-08 0 0
0.395788 -1.28116e-07 -9.32235e-09 0 0
0.395788 -1.27977e-07 1.3864e-08 0 0
0.395788 -1.28017e-07 -3.94567e-09 0 0
0.395788 -1.27993e-07 2.36201e-09 0 0
0.395788 -1.27779e-07 2.14457e-08 0 0
0.395788 -1.27822e-07 -4.37535e-09 0 0
0.395788 -1.27855e-07 -3.22523e-09 0 0
0.395787 -1.277e-07 1.54139e-08 0 0
0.395787 -1.27541e-07 1.59213e-08 0 0
0.395787 -1.27622e-07 -8.11896e-09 0 0
0.395787 -1.27518e-07 1.04292e-08 0 0
0.395787 -1.27591e-07 -7.31558e-09 0 0
0.395787 -1.71244e-07 -4.36523e-06 0 0
0.395787 -1.71196e-07 4.77923e-09 0 0
0.395787 -1.71454e-07 -2.58167e-08 0 0
0.395787 -1.71617e-07 -1.62797e-08 0 0
0.395787 -1.71594e-07 2.29809e-09 0 0
0.395787 -1.71651e-07 -5.74526e-09 0 0
0.395787 -1.71565e-07 8.63015e-09 0 0
0.395787 -1.71682e-07 -1.16751e-08 0 0
0.395787 -1.71567e-07 1.15071e-08 0 0
0.395787 -1.71667e-07 -1.00534e-08 0 0
0.395787 -1.71668e-07 -3.49381e-11 0 0
0.395787 -1.71643e-07 2.4195e-09 0 0
0.395787 -1.71618e-07 2.50933e-09 0 0
0.395787 -1.71355e-07 2.63275e-08 0 0
0.395787 -1.71401e-07 -4.59638e-09 0 0
0.395787 -1.71191e-07 2.09413e-08 0 0
0.395787 -1.71163e-07 2.83272e-09 0 0
0.395787 -1.71004e-07 1.59295e-08 0 0
0.395787 -1.70871e-07 1.33326e-08 0 0
0.395787 -1.70805e-07 6.55238e-09 0 0
0.395787 -1.70523e-07 2.81733e-08 0 0
0.395787 -1.70374e-07 1.49489e-08 0 0
0.395787 -1.70174e-07 1.99579e-08 0 0
0.395787 -1.69912e-07 2.62428e-08 0 0
0.395787 -1.69628e-07 2.83715e-08 0 0
0.395787 -1.69421e-07 2.06657e-08 0 0
0.395787 -1.69169e-07 2.52433e-08 0 0
0.395787 -1.69007e-07 1.61845e-08 0 0
0.395787 -1.68686e-07 3.20984e-08 0 0
0.395787 -1.68486e-07 2.00566e-08 0 0
0.395787 -1.68273e-07 2.1233e-08 0 0
0.395787 -2.37121e-07 -6.8848e-06 0 0
0.395787 -1.99309e-07 3.78127e-06 0 0
0.395787 -1.98467e-07 8.42058e-08 0 0
0.395787 -1.97688e-07 7.786e-08 0 0
0.395787 -1.9685e-07 8.38359e-08 0 0
0.395787 -1.96048e-07 8.01349e-08 0 0
0.395787 -1.95212e-07 8.35768e-08 0 0
0.395787 -1.94321e-07 8.91898e-08 0 0
0.395787 -1.93505e-07 8.15698e-08 0 0
0.395787 -1.92591e-07 9.13563e-08 0 0
0.395787 -1.91672e-07 9.19781e-08 0 0
0.395787 -1.90825e-07 8.46188e-08 0 0
0.395787 -1.89934e-07 8.91197e-08 0 0
0.395787 -1.89076e-07 8.58442e-08 0 0
0.395787 -1.88157e-07 9.18856e-08 0 0
0.395787 -1.87229e-07 9.28244e-08 0 0
0.395787 -1.86232e-07 9.96806e-08 0 0
0.395787 -1.85347e-07 8.85187e-08 0 0
0.395787 -1.84443e-07 9.03319e-08 0 0
0.395787 -1.83675e-07 7.68487e-08 0 0
0.395787 -1.82691e-07 9.83485e-08 0 0
0.395787 -1.81643e-07 1.04833e-07 0 0
0.395787 -1.80756e-07 8.86901e-08 0 0
0.395787 -1.79658e-07 1.09856e-07 0 0
0.395787 -1.52897e-07 2.67607e-06 0 0
0.395787 -1.52057e-07 8.39502e-08 0 0
0.395787 -1.51238e-07 8.19124e-08 0 0
0.395787 -1.50473e-07 7.651e-08 0 0
0.395787 -1.49617e-07 8.55742e-08 0 0
0.395787 -1.48813e-07 8.04368e-08 0 0
0.395787 -1.48021e-07 7.91908e-08 0 0
0.395787 -1.47188e-07 8.32842e-08 0 0
0.395787 -1.46343e-07 8.45188e-08 0 0
0.395787 -1.45628e-07 7.15538e-08 0 0
0.395787 -1.4487e-07 7.57193e-08 0 0
0.395787 -1.43977e-07 8.93452e-08 0 0
0.395787 -1.43129e-07 8.48277e-08 0 0
0.395787 -1.4236e-07 7.6864e-08 0 0
0.395787 -1.41638e-07 7.22342e-08 0 0
0.395787 -1.40776e-07 8.61539e-08 0 0
0.395787 -1.39824e-07 9.51773e-08 0 0
0.395787 -1.39088e-07 7.3612e-08 0 0
0.395787 -1.38347e-07 7.41271e-08 0 0
0.395787 -1.37481e-07 8.66343e-08 0 0
0.395787 -1.36713e-07 7.67888e-08 0 0
0.395787 -1.35867e-07 8.46029e-08 0 0
0.395787 -1.35097e-07 7.69397e-08 0 0
0.395787 -1.34242e-07 8.55192e-08 0 0
0.395787 -1.33485e-07 7.5659e-08 0 0
0.395787 -1.3262e-07 8.65454e-08 0 0
0.395787 -1.31838e-07 7.82363e-08 0 0
0.395787 -1.31074e-07 7.63799e-08 0 0
0.395787 -1.30202e-07 8.71593e-08 0 0
0.395787 -1.29431e-07 7.71293e-08 0 0
0.395787 -2.06969e-07 -7.75383e-06 0 0
0.395787 -2.06843e-07 1.26365e-08 0 0
0.395787 -2.0667e-07 1.726e-08 0 0
0.395787 -2.06494e-07 1.75888e-08 0 0
0.395787 -2.06315e-07 1.79186e-08 0 0
0.395787 -2.06133e-07 1.82658e-08 0 0
0.395787 -2.05946e-07 1.86198e-08 0 0
0.395787 -2.05757e-07 1.89648e-08 0 0
0.395787 -2.05563e-07 1.93449e-08 0 0
0.395787 -2.05366e-07 1.97348e-08 0 0
0.395787 -2.05165e-07 2.01035e-08 0 0
0.395787 -2.0496e-07 2.05265e-08 0 0
0.395787 -2.0475e-07 2.09288e-08 0 0
0.395787 -2.04537e-07 2.135e-08 0 0
0.395787 -2.04319e-07 2.17785e-08 0 0
0.395787 -2.04097e-07 2.22122e-08 0 0
0.395787 -2.0387e-07 2.26635e-08 0 0
0.395787 -2.03639e-07 2.3128e-08 0 0
0.395787 -2.03403e-07 2.35813e-08 0 0
0.395787 -2.03163e-07 2.40653e-08 0 0
0.395787 -2.02917e-07 2.4535e-08 0 0
0.395787 -2.02667e-07 2.5038e-08 0 0
0.395787 -2.02412e-07 2.55245e-08 0 0
0.395787 -2.02151e-07 2.60368e-08 0 0
0.395787 -2.01886e-07 2.65603e-08 0 0
0.395787 -2.01615e-07 2.7076e-08 0 0
0.395787 -2.01339e-07 2.76035e-08 0 0
0.395787 -2.01057e-07 2.81426e-08 0 0
0.395787 -1.57661e-07 4.33959e-06 0 0
0.395787 -2.00464e-07 -4.28029e-06 0 0
0.395787 -2.00186e-07 2.78729e-08 0 0
0.395787 -1.99883e-07 3.02207e-08 0 0
0.395787 -1.99575e-07 3.07999e-08 0 0
0.395787 -1.99262e-07 3.13747e-08 0 0
0.395787 -1.98942e-07 3.1972e-08 0 0
0.395787 -1.98616e-07 3.25751e-08 0 0
0.395787 -1.98284e-07 3.31713e-08 0 0
0.395787 -1.97947e-07 3.37735e-08 0 0
0.395787 -1.97603e-07 3.43945e-08 0 0
0.395787 -1.97253e-07 3.50179e-08 0 0
0.395787 -1.96896e-07 3.56529e-08 0 0
0.395787 -1.96533e-07 3.62794e-08 0 0
0.395787 -1.96164e-07 3.69175e-08 0 0
0.395787 -1.95789e-07 3.75618e-08 0 0
0.395787 -1.95406e-07 3.82131e-08 0 0
0.395787 -1.95018e-07 3.88699e-08 0 0
0.395787 -1.94622e-07 3.95309e-08 0 0
0.395787 -1.9422e-07 4.01971e-08 0 0
0.395787 -1.93812e-07 4.08712e-08 0 0
0.395787 -1.93396e-07 4.15373e-08 0 0
0.395787 -1.92974e-07 4.22377e-08 0 0
0.395787 -1.92545e-07 4.29153e-08 0 0
0.395787 -1.92109e-07 4.36069e-08 0 0
0.395787 -1.91666e-07 4.43013e-08 0 0
0.395787 -1.91216e-07 4.5007e-08 0 0
0.395787 -1.90759e-07 4.57067e-08 0 0
0.395787 -1.90294e-07 4.64088e-08 0 0
0.395787 -1.89823e-07 4.7133e-08 0 0
0.395787 -1.89345e-07 4.7858e-08 0 0
0.395787 -1.88859e-07 4.85699e-08 0 0
0.395787 -1.40689e-07 4.81701e-06 0 0
0.395787 -1.40133e-07 5.56286e-08 0 0
0.395787 -1.39329e-07 8.04033e-08 0 0
0.395787 -1.38173e-07 1.15578e-07 0 0
0.395787 -1.37022e-07 1.15121e-07 0 0
0.395787 -5.06192e-08 8.64024e-06 0 0
0.395787 -5.07735e-08 -1.54353e-08 0 0
0.395787 -7.85196e-08 -2.77461e-06 0 0
0.395787 -1.21919e-07 -4.33991e-06 0 0
0.395787 -1.21515e-07 4.04067e-08 0 0
0.395787 -1.21086e-07 4.28615e-08 0 0
0.395787 -1.20652e-07 4.34356e-08 0 0
0.395787 -1.20212e-07 4.39846e-08 0 0
0.395787 -1.19766e-07 4.45589e-08 0 0
0.395787 -1.19315e-07 4.51181e-08 0 0
0.395787 -1.18858e-07 4.56939e-08 0 0
0.395787 -1.18395e-07 4.62584e-08 0 0
0.395787 -1.17927e-07 4.68246e-08 0 0
0.395787 -1.17453e-07 4.73982e-08 0 0
0.395787 -1.16973e-07 4.79781e-08 0 0
0.395787 -1.16488e-07 4.85446e-08 0 0
0.395787 -1.15997e-07 4.91298e-08 0 0
0.395787 -1.155e-07 4.96983e-08 0 0
0.395787 -1.14997e-07 5.02792e-08 0 0
0.395787 -1.14488e-07 5.0865e-08 0 0
0.395787 -1.13974e-07 5.14332e-08 0 0
0.395787 -1.13454e-07 5.20212e-08 0 0
0.395787 -1.12928e-07 5.26003e-08 0 0
0.395787 -1.12396e-07 5.3187e-08 0 0
0.395787 -1.11858e-07 5.37691e-08 0 0
0.395787 -1.11315e-07 5.43452e-08 0 0
0.395787 -1.10765e-07 5.49293e-08 0 0
0.395787 -1.1021e-07 5.55211e-08 0 0
0.395787 -1.09649e-07 5.61031e-08 0 0
0.395787 -1.09082e-07 5.66846e-08 0 0
0.395787 -1.0851e-07 5.72756e-08 0 0
0.395787 -1.07931e-07 5.78546e-08 0 0
0.395787 -1.07347e-07 5.84441e-08 0 0
0.395787 -1.06756e-07 5.90298e-08 0 0
0.395787 -1.0616e-07 5.96172e-08 0 0
0.395787 -1.05558e-07 6.02095e-08 0 0
0.395787 -1.0495e-07 6.07868e-08 0 0
0.395787 -1.04336e-07 6.13769e-08 0 0
0.395787 -1.03717e-07 6.19535e-08 0 0
0.395787 -1.03091e-07 6.25466e-08 0 0
0.395787 -1.0246e-07 6.31277e-08 0 0
0.395787 -1.01823e-07 6.37172e-08 0 0
0.395787 -1.0118e-07 6.43025e-08 0 0
0.395787 -1.00531e-07 6.48801e-08 0 0
0.395787 -9.98765e-08 6.54704e-08 0 0
0.395787 -9.9216e-08 6.60467e-08 0 0
0.395787 -9.85496e-08 6.66365e-08 0 0
0.395787 -9.78775e-08 6.72117e-08 0 0
0.395787 -9.71995e-08 6.78e-08 0 0
0.395787 -9.65158e-08 6.83706e-08 0 0
0.395787 -9.58263e-08 6.89542e-08 0 0
0.395787 -9.51309e-08 6.9533e-08 0 0
0.395787 -9.44298e-08 7.01178e-08 0 0
0.395787 -9.37229e-08 7.06881e-08 0 0
0.395787 -9.30103e-08 7.12573e-08 0 0
0.395787 -4.64041e-08 4.66062e-06 0 0
0.395787 -4.58062e-08 5.97906e-08 0 0
0.395787 -4.52163e-08 5.89846e-08 0 0
0.395787 -4.46233e-08 5.93064e-08 0 0
0.395787 -4.40269e-08 5.96313e-08 0 0
0.395787 -4.34274e-08 5.99557e-08 0 0
0.395787 -4.28246e-08 6.0279e-08 0 0
0.395787 -4.22186e-08 6.06034e-08 0 0
0.395787 -4.16093e-08 6.09255e-08 0 0
0.395787 -8.61396e-08 -4.45303e-06 0 0
0.395787 -8.53874e-08 7.52268e-08 0 0
0.395787 -8.46098e-08 7.77533e-08 0 0
0.395787 -8.38267e-08 7.83125e-08 0 0
0.395787 -8.3038e-08 7.88737e-08 0 0
0.395787 -8.22436e-08 7.94395e-08 0 0
0.395787 -8.14437e-08 7.99921e-08 0 0
0.395787 -8.06381e-08 8.05523e-08 0 0
0.395787 -7.98271e-08 8.11063e-08 0 0
0.395787 -7.90105e-08 8.16543e-08 0 0
0.395787 -7.81884e-08 8.22086e-08 0 0
0.395787 -7.73609e-08 8.27498e-08 0 0
0.395787 -7.65279e-08 8.33049e-08 0 0
0.395787 -7.56894e-08 8.3847e-08 0 0
0.395787 -7.48456e-08 8.43836e-08 0 0
0.395787 -7.39963e-08 8.49281e-08 0 0
0.395787 -7.31417e-08 8.54625e-08 0 0
0.395787 -2.81694e-08 4.49723e-06 0 0
0.395787 -7.14592e-08 -4.32899e-06 0 0
0.395787 -7.06081e-08 8.5112e-08 0 0
0.395787 -6.97326e-08 8.75518e-08 0 0
0.395787 -6.88519e-08 8.80724e-08 0 0
0.395787 -6.79658e-08 8.86034e-08 0 0
0.395787 -6.70746e-08 8.91224e-08 0 0
0.395787 -6.61782e-08 8.96359e-08 0 0
0.395787 -6.52767e-08 9.0156e-08 0 0
0.395787 -6.437e-08 9.0667e-08 0 0
0.395787 -6.34582e-08 9.11813e-08 0 0
0.395787 -6.25414e-08 9.16798e-08 0 0
0.395787 -6.16195e-08 9.2189e-08 0 0
0.395787 -6.06926e-08 9.26897e-08 0 0
0.395787 -5.97607e-08 9.31873e-08 0 0
0.395787 -5.88239e-08 9.36818e-08 0 0
0.395787 -5.78821e-08 9.41822e-08 0 0
0.395787 -5.69354e-08 9.46672e-08 0 0
0.395787 -5.59839e-08 9.51547e-08 0 0
0.395787 -5.50275e-08 9.56342e-08 0 0
0.395787 -5.40663e-08 9.6122e-08 0 0
0.395787 -5.31004e-08 9.65924e-08 0 0
0.395787 -2.24373e-08 3.06631e-06 0 0
0.395787 -5.18046e-08 -2.93673e-06 0 0
0.395787 -2.09868e-08 3.08178e-06 0 0
0.395787 -5.0462e-08 -2.94752e-06 0 0
0.395787 -1.9504e-08 3.0958e-06 0 0
0.395787 -4.90894e-08 -2.95854e-06 0 0
0.395787 -1.79898e-08 3.10996e-06 0 0
0.395787 -1.75652e-08 4.24607e-08 0 0
0.395787 -4.72949e-08 -2.97297e-06 0 0
0.395787 -1.59769e-08 3.1318e-06 0 0
0.395787 -1.55282e-08 4.48758e-08 0 0
0.395787 -1.50483e-08 4.79866e-08 0 0
0.395787 -4.50018e-08 -2.99535e-06 0 0
0.395787 -1.33857e-08 3.16161e-06 0 0
0.395787 -1.29033e-08 4.82401e-08 0 0
0.395787 2.89751e-08 4.18783e-06 0 0
0.395787 -3.02008e-09 -3.19952e-06 0 0
0.395787 3.01939e-08 3.3214e-06 0 0
0.395787 -1.03104e-08 -4.05043e-06 0 0
0.395787 -9.78718e-09 5.23198e-08 0 0
0.395787 3.12779e-08 4.10651e-06 0 0
0.395787 -8.71485e-09 -3.99927e-06 0 0
0.395787 -8.16281e-09 5.52032e-08 0 0
0.395787 -7.58051e-09 5.82304e-08 0 0
0.395787 -6.98893e-09 5.9158e-08 0 0
0.395787 -6.38807e-09 6.00854e-08 0 0
0.395787 -5.77815e-09 6.09924e-08 0 0
0.395787 -5.15926e-09 6.18888e-08 0 0
0.395787 -4.53145e-09 6.27811e-08 0 0
0.395787 -3.89486e-09 6.36589e-08 0 0
0.395787 -3.24961e-09 6.45252e-08 0 0
0.395787 -2.59569e-09 6.5392e-08 0 0
0.395787 -1.93334e-09 6.62347e-08 0 0
0.395787 -1.26257e-09 6.70778e-08 0 0
0.395787 -5.83439e-10 6.79127e-08 0 0
0.395787 1.03823e-10 6.87262e-08 0 0
0.395787 7.99259e-10 6.95436e-08 0 0
0.395787 1.50268e-09 7.03419e-08 0 0
0.395787 2.21402e-09 7.11337e-08 0 0
0.395787 2.93315e-09 7.1913e-08 0 0
0.395787 3.66012e-09 7.26971e-08 0 0
0.395787 4.39457e-09 7.3445e-08 0 0
0.395787 5.13662e-09 7.42053e-08 0 0
0.395787 5.88612e-09 7.49497e-08 0 0
0.395787 6.64302e-09 7.56904e-08 0 0
0.395787 7.40705e-09 7.64032e-08 0 0
0.395787 8.17827e-09 7.7122e-08 0 0
0.395787 8.95668e-09 7.7841e-08 0 0
0.395787 9.74192e-09 7.85233e-08 0 0
0.395787 1.05342e-08 7.9224e-08 0 0
0.395787 1.13331e-08 7.98914e-08 0 0
0.395787 1.21387e-08 8.05636e-08 0 0
0.395787 1.2951e-08 8.12305e-08 0 0
0.395787 1.37698e-08 8.18811e-08 0 0
0.395787 1.4595e-08 8.25175e-08 0 0
0.395787 1.54266e-08 8.31622e-08 0 0
0.395787 1.62643e-08 8.377e-08 0 0
0.395787 1.71084e-08 8.44032e-08 0 0
0.395787 1.79583e-08 8.49909e-08 0 0
0.395787 1.88143e-08 8.56074e-08 0 0
0.395787 1.96761e-08 8.61798e-08 0 0
0.395787 5.48925e-08 3.52164e-06 0 0
0.395787 5.56557e-08 7.63131e-08 0 0
0.395787 5.64097e-08 7.54007e-08 0 0
0.395787 5.71671e-08 7.57442e-08 0 0
0.395787 5.79279e-08 7.60839e-08 0 0
0.395787 5.86922e-08 7.64261e-08 0 0
0.395787 5.94595e-08 7.6733e-08 0 0
0.395787 6.02302e-08 7.70666e-08 0 0
0.395787 2.74277e-08 -3.28025e-06 0 0
0.395787 2.85621e-08 1.1344e-07 0 0
0.395787 2.97206e-08 1.1585e-07 0 0
0.395787 3.08843e-08 1.16364e-07 0 0
0.395787 3.20529e-08 1.16865e-07 0 0
0.395787 3.32265e-08 1.17361e-07 0 0
0.395787 3.4405e-08 1.17842e-07 0 0
0.395787 3.55881e-08 1.18317e-07 0 0
0.395787 3.67759e-08 1.18781e-07 0 0
0.395787 3.79683e-08 1.19236e-07 0 0
0.395787 3.91652e-08 1.1969e-07 0 0
0.395787 4.03663e-08 1.2011e-07 0 0
0.395787 4.15718e-08 1.20546e-07 0 0
0.395787 4.27814e-08 1.20965e-07 0 0
0.395787 4.39951e-08 1.21372e-07 0 0
0.395787 4.52129e-08 1.21775e-07 0 0
0.395787 4.64345e-08 1.22163e-07 0 0
0.395787 4.766e-08 1.22552e-07 0 0
0.395787 4.88891e-08 1.22909e-07 0 0
0.395787 5.01219e-08 1.2328e-07 0 0
0.395787 5.13582e-08 1.23633e-07 0 0
0.395787 5.25981e-08 1.23981e-07 0 0
0.395787 5.38412e-08 1.24316e-07 0 0
0.395787 5.50875e-08 1.24629e-07 0 0
0.395787 5.6337e-08 1.24946e-07 0 0
0.395787 5.759e-08 1.25302e-07 0 0
0.395787 8.35214e-08 2.59314e-06 0 0
0.395787 8.4363e-08 8.41647e-08 0 0
0.395787 6.13472e-08 -2.30158e-06 0 0
0.395787 6.25973e-08 1.25005e-07 0 0
0.395787 6.38637e-08 1.26644e-07 0 0
0.395787 6.51326e-08 1.26882e-07 0 0
0.395787 6.6404e-08 1.27148e-07 0 0
0.395787 6.76778e-08 1.27377e-07 0 0
0.395787 6.89539e-08 1.27614e-07 0 0
0.395787 7.02322e-08 1.27824e-07 0 0
0.395787 7.15126e-08 1.28044e-07 0 0
0.395787 7.27953e-08 1.28267e-07 0 0
0.395787 7.40798e-08 1.28447e-07 0 0
0.395787 7.53663e-08 1.2865e-07 0 0
0.395787 7.66543e-08 1.28801e-07 0 0
0.395787 7.79441e-08 1.28984e-07 0 0
0.395787 7.92356e-08 1.29151e-07 0 0
0.395787 8.05286e-08 1.29295e-07 0 0
0.395787 8.1823e-08 1.29445e-07 0 0
0.395787 8.31246e-08 1.30152e-07 0 0
0.395787 8.44215e-08 1.29699e-07 0 0
0.395787 8.57199e-08 1.29834e-07 0 0
0.395787 8.70193e-08 1.2994e-07 0 0
0.395787 1.03669e-07 1.66493e-06 0 0
0.395787 8.96196e-08 -1.4049e-06 0 0
0.395787 9.09133e-08 1.2937e-07 0 0
0.395787 9.22162e-08 1.30287e-07 0 0
0.395787 9.35198e-08 1.30362e-07 0 0
0.395787 9.4824e-08 1.30426e-07 0 0
0.395787 9.61288e-08 1.30478e-07 0 0
0.395787 9.7434e-08 1.30518e-07 0 0
0.395787 1.10576e-07 1.3142e-06 0 0
0.395787 1.11417e-07 8.41045e-08 0 0
0.395787 1.01343e-07 -1.00743e-06 0 0
0.395787 1.02642e-07 1.29963e-07 0 0
0.395787 1.03948e-07 1.30608e-07 0 0
0.395787 1.05254e-07 1.30596e-07 0 0
0.395787 1.06561e-07 1.30609e-07 0 0
0.395787 1.07866e-07 1.30577e-07 0 0
0.395787 1.0957e-07 1.70353e-07 0 0
0.395787 1.11417e-07 1.8469e-07 0 0
0.395787 1.13266e-07 1.84883e-07 0 0
0.395787 1.15116e-07 1.85035e-07 0 0
0.395787 1.16968e-07 1.85178e-07 0 0
0.395787 1.2514e-07 8.17234e-07 0 0
0.395787 1.26357e-07 1.21718e-07 0 0
0.395787 1.27569e-07 1.212e-07 0 0
0.395787 1.28779e-07 1.21025e-07 0 0
0.395787 1.29988e-07 1.20826e-07 0 0
0.395787 1.31194e-07 1.20643e-07 0 0
0.395787 1.32399e-07 1.20471e-07 0 0
0.395787 1.32409e-07 1.04243e-09 0 0
0.395787 1.34541e-07 2.13214e-07 0 0
0.395787 1.36674e-07 2.13301e-07 0 0
0.395787 1.38807e-07 2.13236e-07 0 0
0.395787 1.40943e-07 2.13653e-07 0 0
0.395787 1.43204e-07 2.26086e-07 0 0
0.395787 1.45198e-07 1.99359e-07 0 0
0.395787 1.47453e-07 2.25507e-07 0 0
0.395787 1.49578e-07 2.12535e-07 0 0
0.395787 1.51711e-07 2.13258e-07 0 0
0.395787 1.53957e-07 2.24627e-07 0 0
0.395787 1.56066e-07 2.10884e-07 0 0
0.395787 1.58303e-07 2.23723e-07 0 0
0.395787 1.60417e-07 2.11355e-07 0 0
0.395787 1.6241e-07 1.99311e-07 0 0
0.395787 1.64638e-07 2.22856e-07 0 0
0.395787 1.66759e-07 2.12097e-07 0 0
0.395787 1.68965e-07 2.20524e-07 0 0
0.395787 1.71065e-07 2.10045e-07 0 0
0.395787 1.73275e-07 2.20985e-07 0 0
0.395787 1.75368e-07 2.09349e-07 0 0
0.395787 1.77551e-07 2.18304e-07 0 0
0.395787 1.89053e-07 1.1502e-06 0 0
0.395787 1.91039e-07 1.9859e-07 0 0
0.395787 1.92953e-07 1.91405e-07 0 0
0.395787 1.94839e-07 1.8858e-07 0 0
0.395787 1.96881e-07 2.04174e-07 0 0
0.395787 1.98824e-07 1.9432e-07 0 0
0.395787 2.00688e-07 1.86355e-07 0 0
0.395787 2.02555e-07 1.86699e-07 0 0
0.395787 2.04553e-07 1.99854e-07 0 0
0.395787 2.06442e-07 1.88926e-07 0 0
0.395787 2.08371e-07 1.929e-07 0 0
0.395787 2.15068e-07 6.69634e-07 0 0
0.395787 2.16921e-07 1.8536e-07 0 0
0.395787 2.18987e-07 2.06535e-07 0 0
0.395787 2.20857e-07 1.87026e-07 0 0
0.395787 2.23e-07 2.14268e-07 0 0
0.395787 2.24814e-07 1.81443e-07 0 0
0.395787 2.26843e-07 2.02848e-07 0 0
0.395787 2.28799e-07 1.95615e-07 0 0
0.395787 2.30789e-07 1.99053e-07 0 0
0.395787 2.32646e-07 1.85659e-07 0 0
0.395787 2.34682e-07 2.03571e-07 0 0
0.395787 2.36544e-07 1.86212e-07 0 0
0.395787 2.38382e-07 1.83847e-07 0 0
0.395787 2.40322e-07 1.94002e-07 0 0
0.395787 2.42202e-07 1.87944e-07 0 0
0.395787 2.44166e-07 1.96412e-07 0 0
0.395787 2.46094e-07 1.92828e-07 0 0
0.395787 2.47916e-07 1.8222e-07 0 0
0.395787 2.49826e-07 1.90962e-07 0 0
0.395787 2.51627e-07 1.80094e-07 0 0
0.395787 2.53574e-07 1.94711e-07 0 0
0.395787 2.32633e-07 -2.09409e-06 0 0
0.395787 2.76974e-07 4.43407e-06 0 0
0.395787 2.7978e-07 2.80592e-07 0 0
0.395787 2.83174e-07 3.39448e-07 0 0
0.395787 2.86064e-07 2.88947e-07 0 0
0.395787 2.89e-07 2.9364e-07 0 0
0.395787 2.92074e-07 3.07441e-07 0 0
0.395787 2.95007e-07 2.93297e-07 0 0
0.395787 2.98213e-07 3.20581e-07 0 0
0.395787 3.01088e-07 2.87494e-07 0 0
0.395787 3.04151e-07 3.06333e-07 0 0
0.395787 3.06753e-07 2.60173e-07 0 0
0.395787 3.09741e-07 2.98818e-07 0 0
0.395787 3.12687e-07 2.94584e-07 0 0
0.395787 3.15629e-07 2.94197e-07 0 0
0.395787 3.18115e-07 2.48603e-07 0 0
0.395787 3.21061e-07 2.94626e-07 0 0
0.395787 3.24138e-07 3.07687e-07 0 0
0.395787 3.40418e-07 1.62798e-06 0 0
0.395787 3.43504e-07 3.08621e-07 0 0
0.395787 3.19838e-07 -2.36659e-06 0 0
0.395787 3.24183e-07 4.34498e-07 0 0
0.395787 3.28151e-07 3.96766e-07 0 0
0.395787 3.32774e-07 4.62323e-07 0 0
0.395787 3.36875e-07 4.1003e-07 0 0
0.395787 3.41093e-07 4.21825e-07 0 0
0.395787 3.44954e-07 3.86088e-07 0 0
0.395787 3.49198e-07 4.24386e-07 0 0
0.395787 3.53016e-07 3.81881e-07 0 0
0.395787 3.57175e-07 4.1581e-07 0 0
0.395787 3.60926e-07 3.75128e-07 0 0
0.395787 3.65459e-07 4.53329e-07 0 0
0.395787 3.69994e-07 4.53491e-07 0 0
0.395787 3.74598e-07 4.60389e-07 0 0
0.395787 3.78927e-07 4.32933e-07 0 0
0.395787 3.83553e-07 4.62601e-07 0 0
0.395787 3.87715e-07 4.16203e-07 0 0
0.395787 3.92173e-07 4.45759e-07 0 0
0.395787 3.96612e-07 4.43885e-07 0 0
0.395787 4.01011e-07 4.39915e-07 0 0
0.395787 4.05119e-07 4.1082e-07 0 0
0.395787 3.57449e-07 -4.76703e-06 0 0
0.395787 3.86703e-07 2.92546e-06 0 0
0.395787 3.54295e-07 -3.24083e-06 0 0
0.395787 3.62259e-07 7.96406e-07 0 0
0.395787 3.7091e-07 8.65081e-07 0 0
0.395787 3.78725e-07 7.81474e-07 0 0
0.395787 3.86745e-07 8.01987e-07 0 0
0.395787 3.95587e-07 8.8422e-07 0 0
0.395787 4.03928e-07 8.3411e-07 0 0
0.395787 4.11714e-07 7.7862e-07 0 0
0.395787 4.1996e-07 8.2461e-07 0 0
0.395787 4.283e-07 8.33991e-07 0 0
0.395787 4.35911e-07 7.61105e-07 0 0
0.395787 4.44099e-07 8.18775e-07 0 0
0.395788 4.522e-07 8.10113e-07 0 0
0.395788 4.60298e-07 8.09841e-07 0 0
0.395788 4.68176e-07 7.8775e-07 0 0
0.395788 4.75875e-07 7.69863e-07 0 0
0.395788 4.83939e-07 8.06437e-07 0 0
0.395788 4.92083e-07 8.14414e-07 0 0
0.395788 4.99798e-07 7.71481e-07 0 0
0.395788 5.07592e-07 7.79427e-07 0 0
0.395788 5.15169e-07 7.57718e-07 0 0
0.395788 5.22898e-07 7.72854e-07 0 0
0.395788 5.30468e-07 7.57037e-07 0 0
0.395788 5.38169e-07 7.70065e-07 0 0
0.395788 5.45904e-07 7.73503e-07 0 0
0.395788 5.53104e-07 7.20011e-07 0 0
0.395788 5.60337e-07 7.2328e-07 0 0
0.395788 5.67983e-07 7.64628e-07 0 0
0.395788 5.75211e-07 7.22803e-07 0 0
0.395788 5.83001e-07 7.7897e-07 0 0
0.395788 5.89978e-07 6.97719e-07 0 0
0.395788 5.97213e-07 7.23515e-07 0 0
0.395788 6.04663e-07 7.44973e-07 0 0
0.395788 6.1137e-07 6.70745e-07 0 0
0.395788 6.18318e-07 6.94722e-07 0 0
0.395788 6.25291e-07 6.97378e-07 0 0
0.395788 6.32277e-07 6.98551e-07 0 0
0.395788 6.39035e-07 6.75804e-07 0 0
0.395788 6.4595e-07 6.91483e-07 0 0
0.395788 6.52683e-07 6.73354e-07 0 0
0.395788 6.59207e-07 6.52401e-07 0 0
0.395788 6.65836e-07 6.6287e-07 0 0
0.395788 6.72356e-07 6.51973e-07 0 0
0.395788 6.78463e-07 6.10684e-07 0 0
0.395788 6.84854e-07 6.39138e-07 0 0
0.395788 6.90946e-07 6.09167e-07 0 0
0.395788 6.97466e-07 6.52e-07 0 0
0.395788 7.0353e-07 6.0641e-07 0 0
0.395788 7.09431e-07 5.90118e-07 0 0
0.395788 7.15568e-07 6.13741e-07 0 0
0.395788 7.21212e-07 5.64371e-07 0 0
0.395788 7.26864e-07 5.6517e-07 0 0
0.395788 7.32551e-07 5.68714e-07 0 0
0.395788 7.38139e-07 5.58788e-07 0 0
0.395788 7.43554e-07 5.4154e-07 0 0
0.395788 7.48975e-07 5.42032e-07 0 0
0.395788 7.54264e-07 5.28903e-07 0 0
0.395788 7.59319e-07 5.05498e-07 0 0
0.395788 7.64334e-07 5.01535e-07 0 0
0.395788 7.69392e-07 5.05757e-07 0 0
0.395788 7.74407e-07 5.01505e-07 0 0
0.395788 7.78937e-07 4.53009e-07 0 0
0.395788 7.83565e-07 4.62813e-07 0 0
0.395788 7.88402e-07 4.83679e-07 0 0
0.395788 7.92626e-07 4.22444e-07 0 0
0.395788 7.96827e-07 4.20116e-07 0 0
0.395788 8.01282e-07 4.45497e-07 0 0
0.395788 8.05788e-07 4.50571e-07 0 0
0.395788 8.09973e-07 4.18531e-07 0 0
0.395788 8.14123e-07 4.14994e-07 0 0
0.395788 8.18183e-07 4.06005e-07 0 0
0.395788 8.22161e-07 3.97751e-07 0 0
0.395788 8.25986e-07 3.82556e-07 0 0
0.395788 8.29348e-07 3.36132e-07 0 0
0.395788 8.3282e-07 3.47235e-07 0 0
0.395788 8.3599e-07 3.1705e-07 0 0
0.395788 8.39509e-07 3.51831e-07 0 0
0.395788 8.42547e-07 3.0385e-07 0 0
0.395788 8.45226e-07 2.67897e-07 0 0
0.395788 8.48173e-07 2.94665e-07 0 0
0.395788 8.50724e-07 2.55135e-07 0 0
0.395788 8.52926e-07 2.2015e-07 0 0
0.395788 8.55236e-07 2.31008e-07 0 0
0.395788 8.57437e-07 2.20136e-07 0 0
0.395788 8.59334e-07 1.89644e-07 0 0
0.395788 8.61067e-07 1.7335e-07 0 0
0.395788 8.6246e-07 1.39297e-07 0 0
0.395788 8.63955e-07 1.49461e-07 0 0
0.395788 8.6535e-07 1.39567e-07 0 0
0.395788 8.66329e-07 9.79167e-08 0 0
0.395788 8.67204e-07 8.74416e-08 0 0
0.395788 8.67902e-07 6.98355e-08 0 0
0.395788 8.68326e-07 4.2407e-08 0 0
0.395788 8.68517e-07 1.90555e-08 0 0
0.395788 8.68766e-07 2.48924e-08 0 0
0.395788 8.6868e-07 -8.58961e-09 0 0
0.395788 8.68356e-07 -3.23561e-08 0 0
0.395788 8.67829e-07 -5.26894e-08 0 0
0.395788 8.67067e-07 -7.6199e-08 0 0
0.395788 8.66164e-07 -9.03771e-08 0 0
0.395788 8.65071e-07 -1.09284e-07 0 0
0.395788 8.63805e-07 -1.26603e-07 0 0
0.395788 8.6214e-07 -1.66518e-07 0 0
0.395788 8.6043e-07 -1.7092e-07 0 0
0.395788 8.58341e-07 -2.08964e-07 0 0
0.395788 8.56116e-07 -2.22519e-07 0 0
0.395788 8.53781e-07 -2.3348e-07 0 0
0.395788 8.51032e-07 -2.7486e-07 0 0
0.395788 8.48068e-07 -2.9641e-07 0 0
0.395788 8.44858e-07 -3.2101e-07 0 0
0.395788 8.41651e-07 -3.20703e-07 0 0
0.395788 8.38067e-07 -3.5837e-07 0 0
0.395788 8.3407e-07 -3.99696e-07 0 0
0.395788 8.29975e-07 -4.09537e-07 0 0
0.395788 8.25593e-07 -4.38164e-07 0 0
0.395788 8.21141e-07 -4.45186e-07 0 0
0.395788 8.16153e-07 -4.98796e-07 0 0
0.395788 8.11053e-07 -5.10007e-07 0 0
0.395788 8.05831e-07 -5.22248e-07 0 0
0.395788 8.00452e-07 -5.37851e-07 0 0
0.395788 7.9441e-07 -6.0427e-07 0 0
0.395788 7.88514e-07 -5.89561e-07 0 0
0.395788 7.82032e-07 -6.48171e-07 0 0
0.395788 7.755e-07 -6.53269e-07 0 0
0.395788 7.68632e-07 -6.86809e-07 0 0
0.395788 7.61697e-07 -6.93446e-07 0 0
0.395788 7.54352e-07 -7.34506e-07 0 0
0.395788 7.46382e-07 -7.96969e-07 0 0
0.395788 7.38695e-07 -7.68726e-07 0 0
0.395788 7.30419e-07 -8.27622e-07 0 0
0.395788 7.22277e-07 -8.14221e-07 0 0
0.395788 7.13708e-07 -8.56844e-07 0 0
0.395788 7.04784e-07 -8.92444e-07 0 0
0.395788 6.95267e-07 -9.51686e-07 0 0
0.395788 6.85961e-07 -9.30618e-07 0 0
0.395788 6.76659e-07 -9.30138e-07 0 0
0.395788 6.65954e-07 -1.07057e-06 0 0
0.395788 6.56375e-07 -9.57902e-07 0 0
0.395788 6.46055e-07 -1.03196e-06 0 0
0.395788 6.35002e-07 -1.10526e-06 0 0
0.395788 6.23979e-07 -1.10228e-06 0 0
0.395788 6.13132e-07 -1.08475e-06 0 0
0.395788 6.01372e-07 -1.17602e-06 0 0
0.395788 6.00845e-07 -5.2686e-08 0 0
0.395788 5.88732e-07 -1.21129e-06 0 0
0.395788 5.75865e-07 -1.28671e-06 0 0
0.395788 5.63452e-07 -1.24132e-06 0 0
0.395788 5.49127e-07 -1.43247e-06 0 0
0.395788 5.3716e-07 -1.19672e-06 0 0
0.395789 5.23128e-07 -1.40316e-06 0 0
0.395789 5.09467e-07 -1.36613e-06 0 0
0.395789 4.96062e-07 -1.34049e-06 0 0
0.395789 4.81231e-07 -1.48311e-06 0 0
0.395789 4.65993e-07 -1.52374e-06 0 0
0.395789 4.52104e-07 -1.38892e-06 0 0
0.395789 4.36268e-07 -1.58364e-06 0 0
0.395789 4.22025e-07 -1.4243e-06 0 0
0.395789 4.06136e-07 -1.58888e-06 0 0
0.395789 3.90836e-07 -1.53e-06 0 0
0.395789 3.76264e-07 -1.45713e-06 0 0
0.395789 3.59503e-07 -1.67619e-06 0 0
0.395789 3.44404e-07 -1.50983e-06 0 0
0.395789 3.28012e-07 -1.63919e-06 0 0
0.395789 3.12378e-07 -1.56339e-06 0 0
0.395789 2.96148e-07 -1.62306e-06 0 0
0.395789 2.81692e-07 -1.44562e-06 0 0
0.395789 2.66166e-07 -1.55259e-06 0 0
0.395789 2.52846e-07 -1.33193e-06 0 0
0.395789 2.37092e-07 -1.5754e-06 0 0
0.395789 2.22859e-07 -1.42335e-06 0 0
0.395789 2.06318e-07 -1.65409e-06 0 0
0.395789 1.9155e-07 -1.47683e-06 0 0
0.395789 1.75553e-07 -1.59963e-06 0 0
0.395789 1.6241e-07 -1.31438e-06 0 0
0.395789 1.46027e-07 -1.63826e-06 0 0
0.395789 1.30435e-07 -1.55921e-06 0 0
0.395789 1.14828e-07 -1.56071e-06 0 0
0.395789 9.96095e-08 -1.52184e-06 0 0
0.395789 8.3692e-08 -1.59175e-06 0 0
0.395789 6.682e-08 -1.6872e-06 0 0
0.395789 5.12102e-08 -1.56098e-06 0 0
0.395789 3.57578e-08 -1.54524e-06 0 0
0.395789 1.92907e-08 -1.64671e-06 0 0
0.395789 3.60202e-09 -1.56887e-06 0 0
0.395789 -1.12699e-08 -1.48719e-06 0 0
0.395789 -2.79929e-08 -1.6723e-06 0 0
0.395789 -4.38045e-08 -1.58116e-06 0 0
0.395789 -5.92488e-08 -1.54443e-06 0 0
0.395789 -7.50851e-08 -1.58363e-06 0 0
0.395789 -9.1483e-08 -1.63979e-06 0 0
0.395789 -1.07706e-07 -1.62231e-06 0 0
0.395789 -1.23134e-07 -1.54277e-06 0 0
0.395789 -1.38149e-07 -1.50157e-06 0 0
0.395789 -1.54311e-07 -1.61619e-06 0 0
0.395789 -1.70923e-07 -1.66116e-06 0 0
0.395789 -1.8541e-07 -1.44874e-06 0 0
0.395789 -2.01611e-07 -1.62004e-06 0 0
0.395789 -2.17166e-07 -1.55555e-06 0 0
0.395789 -2.31051e-07 -1.38846e-06 0 0
0.395789 -2.47867e-07 -1.6816e-06 0 0
0.395789 -2.5959e-07 -1.17232e-06 0 0
0.395789 -2.75203e-07 -1.56129e-06 0 0
0.395789 -2.88435e-07 -1.32322e-06 0 0
0.395789 -3.0657e-07 -1.81351e-06 0 0
0.395789 -3.19998e-07 -1.34275e-06 0 0
0.395789 -3.33891e-07 -1.38934e-06 0 0
0.395789 -3.46961e-07 -1.30702e-06 0 0
0.395789 -3.60395e-07 -1.34333e-06 0 0
0.395789 -3.74139e-07 -1.37442e-06 0 0
0.395789 -3.87419e-07 -1.328e-06 0 0
0.395789 -3.99425e-07 -1.20066e-06 0 0
0.395789 -4.13592e-07 -1.41667e-06 0 0
0.395789 -4.25584e-07 -1.1992e-06 0 0
0.395789 -4.38942e-07 -1.3358e-06 0 0
0.395789 -4.50758e-07 -1.18163e-06 0 0
0.395789 -4.66346e-07 -1.55874e-06 0 0
0.395789 -4.77702e-07 -1.13565e-06 0 0
0.395788 -4.86728e-07 -9.02541e-07 0 0
0.395788 -4.99178e-07 -1.24507e-06 0 0
0.395788 -5.09567e-07 -1.03886e-06 0 0
0.395788 -5.17731e-07 -8.16408e-07 0 0
0.395788 -5.30747e-07 -1.3016e-06 0 0
0.395788 -5.38212e-07 -7.46511e-07 0 0
0.395788 -5.47915e-07 -9.7025e-07 0 0
0.395788 -5.58801e-07 -1.08864e-06 0 0
0.395788 -5.6612e-07 -7.31866e-07 0 0
0.395788 -5.7482e-07 -8.70003e-07 0 0
0.395788 -5.83453e-07 -8.6332e-07 0 0
0.395788 -5.92941e-07 -9.48824e-07 0 0
0.395788 -6.00522e-07 -7.5804e-07 0 0
0.395788 -6.0749e-07 -6.969e-07 0 0
0.395788 -6.15055e-07 -7.56445e-07 0 0
0.395788 -6.23665e-07 -8.61003e-07 0 0
0.395788 -6.28739e-07 -5.07414e-07 0 0
0.395788 -6.35595e-07 -6.85621e-07 0 0
0.395788 -6.41339e-07 -5.74336e-07 0 0
0.395788 -6.43936e-07 -2.59721e-07 0 0
0.395788 -6.50978e-07 -7.04234e-07 0 0
0.395788 -6.5556e-07 -4.58209e-07 0 0
0.395788 -6.59778e-07 -4.21797e-07 0 0
0.395788 -6.66369e-07 -6.59068e-07 0 0
0.395788 -6.68383e-07 -2.01448e-07 0 0
0.395788 -6.74064e-07 -5.68057e-07 0 0
0.395788 -6.74925e-07 -8.61347e-08 0 0
0.395788 -6.78305e-07 -3.37938e-07 0 0
0.395788 -6.80786e-07 -2.48113e-07 0 0
0.395788 -6.84209e-07 -3.42296e-07 0 0
0.395788 -6.87375e-07 -3.16667e-07 0 0
0.395788 -6.88204e-07 -8.28252e-08 0 0
0.395788 -6.90087e-07 -1.88301e-07 0 0
0.395788 -6.92591e-07 -2.50403e-07 0 0
0.395788 -6.92042e-07 5.49208e-08 0 0
0.395788 -6.95653e-07 -3.61154e-07 0 0
0.395788 -6.92347e-07 3.30659e-07 0 0
0.395788 -6.95617e-07 -3.27078e-07 0 0
0.395788 -6.93769e-07 1.84854e-07 0 0
0.395788 -6.96412e-07 -2.64287e-07 0 0
0.395788 -6.91125e-07 5.28655e-07 0 0
0.395788 -6.93395e-07 -2.26991e-07 0 0
0.395788 -6.92193e-07 1.20221e-07 0 0
0.395788 -6.89699e-07 2.49343e-07 0 0
0.395788 -6.89437e-07 2.6274e-08 0 0
0.395788 -6.8423e-07 5.20626e-07 0 0
0.395788 -6.8474e-07 -5.09574e-08 0 0
0.395788 -6.84904e-07 -1.63949e-08 0 0
0.395788 -6.80777e-07 4.12727e-07 0 0
0.395788 -6.79353e-07 1.42347e-07 0 0
0.395788 -6.77048e-07 2.3056e-07 0 0
0.395788 -6.73901e-07 3.14643e-07 0 0
0.395788 -6.69521e-07 4.38042e-07 0 0
0.395788 -6.65684e-07 3.83666e-07 0 0
0.395788 -6.64135e-07 1.54885e-07 0 0
0.395788 -6.5767e-07 6.46519e-07 0 0
0.395788 -6.55922e-07 1.74795e-07 0 0
0.395788 -6.54128e-07 1.79359e-07 0 0
0.395788 -6.49138e-07 4.99036e-07 0 0
0.395788 -6.45891e-07 3.24758e-07 0 0
0.395788 -6.40502e-07 5.38842e-07 0 0
0.395788 -6.3774e-07 2.7624e-07 0 0
0.395788 -6.34047e-07 3.69246e-07 0 0
0.395788 -6.26426e-07 7.62136e-07 0 0
0.395788 -6.2626e-07 1.66115e-08 0 0
0.395788 -6.17298e-07 8.962e-07 0 0
0.395788 -6.14045e-07 3.25309e-07 0 0
0.395788 -6.07537e-07 6.50793e-07 0 0
0.395788 -6.01329e-07 6.20752e-07 0 0
0.395788 -6.00317e-07 1.01258e-07 0 0
0.395788 -5.9235e-07 7.96708e-07 0 0
0.395788 -5.85838e-07 6.51209e-07 0 0
0.395788 -5.81839e-07 3.99818e-07 0 0
0.395788 -5.79277e-07 2.56232e-07 0 0
0.395788 -5.75449e-07 3.82772e-07 0 0
0.395788 -5.68765e-07 6.68453e-07 0 0
0.395788 -5.64379e-07 4.38557e-07 0 0
0.395788 -5.57e-07 7.37928e-07 0 0
0.395788 -5.52659e-07 4.34074e-07 0 0
0.395788 -5.48623e-07 4.03644e-07 0 0
0.395788 -5.40979e-07 7.64362e-07 0 0
0.395788 -5.3622e-07 4.75903e-07 0 0
0.395788 -5.30611e-07 5.60927e-07 0 0
0.395788 -5.2637e-07 4.24121e-07 0 0
0.395788 -5.18359e-07 8.01036e-07 0 0
0.395788 -5.14371e-07 3.98857e-07 0 0
0.395788 -5.07288e-07 7.08277e-07 0 0
0.395788 -5.03592e-07 3.69627e-07 0 0
0.395788 -4.98041e-07 5.55126e-07 0 0
0.395788 -4.90886e-07 7.15411e-07 0 0
0.395788 -4.87753e-07 3.13348e-07 0 0
0.395788 -4.81957e-07 5.79612e-07 0 0
0.395788 -4.75784e-07 6.17299e-07 0 0
0.395788 -5.83259e-07 -1.07475e-05 0 0
0.395788 -5.82649e-07 6.10475e-08 0 0
0.395788 -5.76009e-07 6.63975e-07 0 0
0.395788 -5.66318e-07 9.69064e-07 0 0
0.395788 -4.96721e-07 6.95971e-06 0 0
0.395788 -4.95241e-07 1.48008e-07 0 0
0.395788 -4.95091e-07 1.50524e-08 0 0
0.395788 -4.94444e-07 6.46496e-08 0 0
0.395788 -4.93482e-07 9.61738e-08 0 0
0.395788 -4.91961e-07 1.52144e-07 0 0
0.395788 -4.91381e-07 5.79896e-08 0 0
0.395788 -4.91409e-07 -2.81914e-09 0 0
0.395788 -4.89175e-07 2.23383e-07 0 0
0.395788 -4.88532e-07 6.43411e-08 0 0
0.395788 -2.57307e-07 2.31225e-05 0 0
0.395788 -2.57463e-07 -1.55528e-08 0 0
0.395788 -2.59847e-07 -2.38359e-07 0 0
0.395788 -2.61116e-07 -1.26918e-07 0 0
0.395788 -2.6243e-07 -1.31437e-07 0 0
0.395788 -2.63802e-07 -1.37238e-07 0 0
0.395788 -2.65122e-07 -1.31995e-07 0 0
0.395788 -2.66275e-07 -1.15277e-07 0 0
0.395788 -2.67881e-07 -1.60627e-07 0 0
0.395788 -2.69105e-07 -1.22393e-07 0 0
0.395788 -2.70283e-07 -1.17714e-07 0 0
0.395788 -2.70781e-07 -4.98418e-08 0 0
0.395788 -2.71985e-07 -1.20375e-07 0 0
0.395788 -2.7354e-07 -1.55527e-07 0 0
0.395788 -2.74954e-07 -1.41366e-07 0 0
0.395788 -2.75742e-07 -7.88295e-08 0 0
0.395788 -2.76381e-07 -6.38689e-08 0 0
0.395788 -2.77088e-07 -7.07219e-08 0 0
0.395788 -2.78434e-07 -1.34585e-07 0 0
0.395788 -2.79461e-07 -1.02707e-07 0 0
0.395788 -2.80082e-07 -6.20945e-08 0 0
0.395788 -2.80556e-07 -4.74635e-08 0 0
0.395788 -2.8194e-07 -1.38339e-07 0 0
0.395788 -2.82219e-07 -2.79311e-08 0 0
0.395788 -2.82588e-07 -3.69225e-08 0 0
0.395788 -2.82958e-07 -3.70119e-08 0 0
0.395788 -2.8426e-07 -1.30188e-07 0 0
0.395788 -2.85103e-07 -8.42424e-08 0 0
0.395788 -2.84892e-07 2.10885e-08 0 0
0.395788 -2.85099e-07 -2.06876e-08 0 0
0.395788 -2.8611e-07 -1.011e-07 0 0
0.395788 -2.86556e-07 -4.4628e-08 0 0
0.395788 -2.86452e-07 1.03631e-08 0 0
0.395788 -2.86948e-07 -4.95567e-08 0 0
0.395788 -2.87109e-07 -1.60796e-08 0 0
0.395788 -2.87029e-07 7.93904e-09 0 0
0.395788 -2.86752e-07 2.77345e-08 0 0
0.395788 -2.87485e-07 -7.32632e-08 0 0
0.395788 -2.87366e-07 1.18093e-08 0 0
0.395788 -2.87553e-07 -1.86485e-08 0 0
0.395788 -2.87431e-07 1.22269e-08 0 0
0.395788 -2.87365e-07 6.53044e-09 0 0
0.395788 -2.87423e-07 -5.75125e-09 0 0
0.395788 -2.87636e-07 -2.13282e-08 0 0
0.395788 -2.86809e-07 8.26809e-08 0 0
0.395788 -2.86649e-07 1.60684e-08 0 0
0.395788 -2.86544e-07 1.04613e-08 0 0
0.395788 -2.8619e-07 3.53623e-08 0 0
0.395788 -2.86189e-07 1.33218e-10 0 0
0.395788 -2.85103e-07 1.08613e-07 0 0
0.395788 -2.85266e-07 -1.63468e-08 0 0
0.395788 -2.92231e-07 -6.96462e-07 0 0
0.395788 -2.91457e-07 7.74268e-08 0 0
0.395788 -2.81822e-07 9.63474e-07 0 0
0.395788 -2.90138e-07 -8.31595e-07 0 0
0.395788 -2.88281e-07 1.85661e-07 0 0
0.395788 -3.55406e-07 -6.71245e-06 0 0
0.395788 -3.42758e-07 1.26481e-06 0 0
0.395788 -3.52182e-07 -9.42384e-07 0 0
0.395788 -3.50598e-07 1.58356e-07 0 0
0.395788 -3.36386e-07 1.42125e-06 0 0
0.395788 -3.35031e-07 1.35441e-07 0 0
0.395788 -2.55735e-07 7.9296e-06 0 0
0.395788 -2.44191e-07 1.15441e-06 0 0
0.395788 -2.55034e-07 -1.08432e-06 0 0
0.395788 -2.54615e-07 4.19e-08 0 0
0.395788 -2.5365e-07 9.64818e-08 0 0
0.395788 -4.39874e-07 -1.86224e-05 0 0
0.395788 -2.97848e-07 1.42026e-05 0 0
0.395788 -2.97436e-07 4.11918e-08 0 0
0.395788 -2.9717e-07 2.6629e-08 0 0
0.395788 -2.96958e-07 2.12348e-08 0 0
0.395788 -2.96169e-07 7.88151e-08 0 0
0.395788 -3.1322e-07 -1.7051e-06 0 0
0.395788 -2.94746e-07 1.8474e-06 0 0
0.395788 -2.94384e-07 3.62428e-08 0 0
0.395788 -2.93796e-07 5.88093e-08 0 0
0.395788 -2.93642e-07 1.5346e-08 0 0
0.395788 -3.11309e-07 -1.76662e-06 0 0
0.395788 -2.9151e-07 1.97981e-06 0 0
0.395788 -2.91281e-07 2.29412e-08 0 0
0.395788 -2.25681e-07 6.56001e-06 0 0
0.395788 -2.25482e-07 1.99293e-08 0 0
0.395788 -2.44041e-07 -1.8559e-06 0 0
0.395788 -2.23994e-07 2.00462e-06 0 0
0.395788 -1.43512e-07 8.04819e-06 0 0
0.395788 -1.62815e-07 -1.93027e-06 0 0
0.395788 -1.43635e-07 1.91803e-06 0 0
0.395788 -1.44052e-07 -4.17518e-08 0 0
0.395788 -1.63723e-07 -1.96712e-06 0 0
0.395788 -1.44204e-07 1.95191e-06 0 0
0.395788 -1.44969e-07 -7.64763e-08 0 0
0.395788 -1.64497e-07 -1.95277e-06 0 0
0.395788 -1.44999e-07 1.94977e-06 0 0
0.395788 -1.64778e-07 -1.97792e-06 0 0
0.395788 -1.45303e-07 1.94755e-06 0 0
0.395788 -1.45949e-07 -6.45868e-08 0 0
0.395788 -1.6553e-07 -1.95813e-06 0 0
0.395788 -1.65476e-07 5.35154e-09 0 0
0.395788 -1.45853e-07 1.96236e-06 0 0
0.395788 -1.65768e-07 -1.99155e-06 0 0
0.395788 -1.65576e-07 1.92208e-08 0 0
0.395788 -1.45957e-07 1.96192e-06 0 0
0.395788 -1.65934e-07 -1.99771e-06 0 0
0.395788 -1.46117e-07 1.98169e-06 0 0
0.395788 -1.66133e-07 -2.00156e-06 0 0
0.395788 -1.46549e-07 1.95838e-06 0 0
0.395788 -1.47153e-07 -6.04536e-08 0 0
0.395788 -1.47535e-07 -3.81173e-08 0 0
0.395788 -1.67658e-07 -2.01229e-06 0 0
0.395788 -1.33097e-07 3.4561e-06 0 0
0.395788 -1.32885e-07 2.11289e-08 0 0
0.395788 -1.32798e-07 8.73023e-09 0 0
0.395788 -1.11942e-07 2.08557e-06 0 0
0.395788 -1.12374e-07 -4.31515e-08 0 0
0.395788 -1.33778e-07 -2.14045e-06 0 0
0.395788 -1.33633e-07 1.44792e-08 0 0
0.395788 -1.33387e-07 2.46765e-08 0 0
0.395788 -1.33383e-07 4.15647e-10 0 0
