-0.00185191 0 -1.12615e-05 0
-0.00185189 1.82525e-06 7.19646e-05 0
-0.00185188 1.83138e-06 0.000172833 0
-0.00185186 1.85188e-06 0.000318305 0
-0.00185184 1.87259e-06 0.00054018 0
-0.00185182 1.89347e-06 0.000872664 0
-0.0018518 1.91454e-06 0.00134971 0
-0.00185178 1.93579e-06 0.00200214 0
-0.00185176 1.95722e-06 0.00285494 0
-0.00185174 1.97883e-06 0.00392469 0
-0.00185172 2.00063e-06 0.00521767 0
-0.0018517 2.02262e-06 0.00672863 0
-0.00185168 2.0448e-06 0.00844032 0
-0.00185166 2.06717e-06 0.010324 0
-0.00185164 2.08974e-06 0.0123409 0
-0.00185162 2.11249e-06 0.014444 0
-0.0018516 2.13546e-06 0.0165813 0
-0.00185158 2.15862e-06 0.0186985 0
-0.00185155 2.18198e-06 0.0207426 0
-0.00185153 2.20555e-06 0.0226652 0
-0.00185151 2.22932e-06 0.024425 0
-0.00185149 2.2533e-06 0.0259905 0
-0.00185146 2.2775e-06 0.0273414 0
-0.00185144 2.3019e-06 0.0284694 0
-0.00185142 2.32651e-06 0.0293778 0
-0.00185139 2.35137e-06 0.0300806 0
-0.00185137 2.37642e-06 0.0306009 0
-0.00185135 2.40169e-06 0.0309683 0
-0.00185132 2.42719e-06 0.0312161 0
-0.0018513 2.45291e-06 0.0313788 0
-0.00185127 2.47888e-06 0.0314889 0
-0.00185125 2.50506e-06 0.0315864 0
-0.00185122 2.53148e-06 0.0315865 0
-0.0018512 2.55813e-06 0.0315865 0
-0.00185117 2.58502e-06 0.0315865 0
-0.00185115 2.61217e-06 0.0315866 0
-0.00185112 2.63954e-06 0.0315866 0
-0.00185109 2.66716e-06 0.0315866 0
-0.00185107 2.69502e-06 0.0315866 0
-0.00185104 2.72316e-06 0.0315866 0
-0.00185101 2.75153e-06 0.0315866 0
-0.00185098 2.78015e-06 0.0315867 0
-0.00185095 2.80903e-06 0.0315867 0
-0.00185093 2.8382e-06 0.0315867 0
-0.0018509 2.8676e-06 0.0315867 0
-0.00185087 2.89728e-06 0.0315867 0
-0.00185084 2.92723e-06 0.0315867 0
-0.00185081 2.95745e-06 0.0315868 0
-0.00185078 2.98796e-06 0.0315868 0
-0.00185075 3.01873e-06 0.0315868 0
-0.00185072 3.04978e-06 0.0315868 0
-0.00185069 3.08111e-06 0.0315868 0
-0.00185066 3.11274e-06 0.0315868 0
-0.00185063 3.14467e-06 0.0315869 0
-0.00185059 3.17687e-06 0.0315869 0
-0.00185056 3.20938e-06 0.0315869 0
-0.00185053 3.24218e-06 0.0315869 0
-0.0018505 3.2753e-06 0.0315869 0
-0.00185046 3.30871e-06 0.031587 0
-0.00185043 3.34244e-06 0.031587 0
-0.0018504 3.37646e-06 0.031587 0
-0.00185036 3.41081e-06 0.031587 0
-0.00185033 3.44548e-06 0.031587 0
-0.00185029 3.48049e-06 0.0315871 0
-0.00185026 3.5158e-06 0.0315871 0
-0.00185022 3.55146e-06 0.0315871 0
-0.00185019 3.58743e-06 0.0315871 0
-0.00185015 3.62377e-06 0.0315871 0
-0.00185011 3.66043e-06 0.0315872 0
-0.00185008 3.69743e-06 0.0315872 0
-0.00185004 3.73478e-06 0.0315872 0
-0.00185 3.77248e-06 0.0315872 0
-0.00184996 3.81055e-06 0.0315873 0
-0.00184993 3.84897e-06 0.0315873 0
-0.00184989 3.88775e-06 0.0315873 0
-0.00184985 3.9269e-06 0.0315873 0
-0.00184981 3.96643e-06 0.0315873 0
-0.00184977 4.00633e-06 0.0315874 0
-0.00184973 4.04661e-06 0.0315874 0
-0.00184969 4.08727e-06 0.0315874 0
-0.00184964 4.12832e-06 0.0315874 0
-0.0018496 4.16977e-06 0.0315875 0
-0.00184956 4.21161e-06 0.0315875 0
-0.00184952 4.25385e-06 0.0315875 0
-0.00184948 4.2965e-06 0.0315875 0
-0.00184943 4.33954e-06 0.0315876 0
-0.00184939 4.38303e-06 0.0315876 0
-0.00184934 4.42693e-06 0.0315876 0
-0.0018493 4.45904e-06 0.0315876 0
-0.00184925 4.50633e-06 0.0315877 0
-0.00184921 4.55414e-06 0.0315877 0
-0.00184916 4.60425e-06 0.0315877 0
-0.00184912 4.65679e-06 0.0315878 0
-0.00184907 4.71606e-06 0.0315878 0
-0.00184902 4.78576e-06 0.0315878 0
-0.00184897 4.88051e-06 0.0315878 0
-0.00184892 5.01749e-06 0.0315878 0
-0.00184887 5.1925e-06 0.0315879 0
-0.00184882 5.37076e-06 0.0315879 0
-0.00184876 5.55181e-06 0.0315879 0
-0.0018487 5.73559e-06 0.0315878 0
-0.00184864 5.92228e-06 0.0315878 0
-0.00184858 6.11171e-06 0.0315877 0
-0.00184852 6.30398e-06 0.0315877 0
-0.00184846 6.49921e-06 0.0315876 0
-0.00184839 6.69747e-06 0.0315874 0
-0.00184832 6.89872e-06 0.0315873 0
-0.00184825 7.103e-06 0.0315871 0
-0.00184818 7.31037e-06 0.0315869 0
-0.0018481 7.52085e-06 0.0315867 0
-0.00184802 7.73474e-06 0.0315865 0
-0.00184794 7.95169e-06 0.0315862 0
-0.00184786 8.17199e-06 0.031586 0
-0.00184778 8.39561e-06 0.0315858 0
-0.00184769 8.62271e-06 0.0315856 0
-0.0018476 8.85317e-06 0.0315854 0
-0.00184751 9.08711e-06 0.0315853 0
-0.00184742 9.32466e-06 0.0315851 0
-0.00184732 9.56588e-06 0.031585 0
-0.00184722 9.81064e-06 0.0315849 0
-0.00184712 1.00853e-05 0.0315848 0
-0.00184702 1.0443e-05 0.0315847 0
-0.00184691 1.08102e-05 0.0315846 0
-0.0018468 1.1332e-05 0.0315846 0
-0.00184666 1.38263e-05 0.0315844 0
-0.00184648 1.78908e-05 0.031584 0
-0.00184625 2.26629e-05 0.0315834 0
-0.00184598 2.78962e-05 0.0315825 0
-0.00184564 3.35349e-05 0.0315813 0
-0.00184521 4.34065e-05 0.0315791 0
-0.00184457 6.36095e-05 0.0315755 0
-0.00184363 9.41632e-05 0.0315699 0
-0.00184228 0.000135075 0.0315616 0
-0.00184041 0.000186356 0.0315498 0
-0.00183793 0.000248025 0.0315333 0
-0.00183473 0.000320112 0.0315107 0
-0.00183071 0.000402644 0.0314803 0
-0.00182575 0.000495654 0.0314403 0
-0.00181976 0.000599175 0.0313891 0
-0.00181263 0.000713245 0.0313247 0
-0.00180425 0.00083792 0.0312456 0
-0.00179452 0.000973238 0.0311503 0
-0.00178332 0.00111927 0.0310376 0
-0.00177056 0.00127605 0.0309069 0
-0.00175613 0.00144367 0.0307578 0
-0.00173991 0.00162218 0.0305902 0
-0.00172179 0.00181167 0.0304049 0
-0.00170167 0.0020122 0.0302026 0
-0.00167943 0.00222388 0.0299846 0
-0.00165496 0.00244679 0.0297525 0
-0.00162815 0.00268101 0.0295081 0
-0.00159889 0.00292668 0.0292531 0
-0.00156705 0.00318387 0.0289893 0
-0.00153252 0.00345273 0.0287186 0
-0.00149519 0.00373336 0.0284425 0
-0.00145493 0.00402589 0.0281625 0
-0.00141163 0.00433047 0.0278797 0
-0.00136516 0.00464723 0.0275948 0
-0.0013154 0.00497632 0.0273085 0
-0.00126222 0.0053179 0.027021 0
-0.0012055 0.00567213 0.0267327 0
-0.00114511 0.00603918 0.0264439 0
-0.00108092 0.00641925 0.0261547 0
-0.0010128 0.00681251 0.025865 0
-0.000940611 0.00721916 0.0255748 0
-0.00086422 0.00763942 0.0252839 0
-0.000783488 0.0080735 0.0249924 0
-0.000698275 0.00852162 0.0247001 0
-0.000608438 0.00898402 0.0244071 0
-0.000513833 0.00946095 0.0241131 0
-0.00041431 0.00995266 0.0238183 0
-0.00030972 0.0104594 0.0235224 0
-0.000199909 0.0109815 0.0232254 0
-8.47214e-05 0.0115193 0.0229272 0
3.60031e-05 0.012073 0.0226277 0
0.000162427 0.0126429 0.0223269 0
0.000294716 0.0132295 0.0220245 0
0.000433039 0.013833 0.0217206 0
0.000577571 0.0144538 0.0214149 0
0.000728488 0.0150923 0.0211074 0
0.000885971 0.015749 0.0207979 0
0.00105021 0.0164242 0.0204863 0
0.00122138 0.0171184 0.0201724 0
0.0013997 0.0178321 0.019856 0
0.00158535 0.0185657 0.019537 0
0.00177854 0.0193198 0.0192153 0
0.00197948 0.020095 0.0188905 0
0.00218839 0.0208918 0.0185624 0
0.00240548 0.0217108 0.0182309 0
0.002631 0.0225527 0.0178957 0
0.00286518 0.0234182 0.0175565 0
0.00310825 0.0243081 0.017213 0
0.00336047 0.0252232 0.0168648 0
0.0036221 0.0261642 0.0165117 0
0.00389341 0.0271322 0.0161533 0
0.00417468 0.0281282 0.015789 0
0.00446621 0.0291532 0.0154184 0
0.00476828 0.0302085 0.0150411 0
0.00508123 0.0312955 0.0146564 0
0.00540537 0.0324152 0.0142636 0
0.00574105 0.0335687 0.0138621 0
0.00608861 0.0347569 0.0134511 0
0.0064484 0.0359799 0.0130299 0
0.00682078 0.0372381 0.0125977 0
0.00720609 0.0385321 0.0121537 0
0.00760472 0.0398622 0.011697 0
0.00801701 0.0412291 0.0112271 0
0.00844335 0.0426334 0.0107432 0
0.00888411 0.044076 0.010245 0
0.0093397 0.0455582 0.00973211 0
0.00981053 0.0470816 0.00920434 0
0.010297 0.0486491 0.00866158 0
0.0107997 0.0502672 0.00810351 0
0.0113194 0.0519636 0.00752805 0
0.0118218 0.0502516 0.00718492 0
0.0123092 0.0487503 0.0068888 0
0.0127817 0.0472643 0.00671891 0
0.0132395 0.0457932 0.0067677 0
0.0136828 0.0443365 0.00713436 0
0.0141116 0.0428939 0.00791722 0
0.0145262 0.0414648 0.00920573 0
0.0149266 0.0400488 0.0110726 0
0.0153129 0.0386455 0.0135667 0
0.0156854 0.0372545 0.016708 0
0.0160441 0.0358753 0.0204833 0
0.0163891 0.0345076 0.0248459 0
0.0167206 0.0331509 0.0297166 0
0.0170386 0.0318047 0.0349874 0
0.0173432 0.0304687 0.0405276 0
0.0176346 0.0291425 0.0461917 0
0.0179128 0.0278256 0.0518279 0
0.0181779 0.0265176 0.0572879 0
0.0184301 0.0252181 0.0624356 0
0.0186693 0.0239267 0.0671552 0
0.0188957 0.022643 0.0713576 0
0.0191094 0.0213666 0.0749851 0
0.0193103 0.0200971 0.078013 0
0.0194986 0.018834 0.0804493 0
0.0196744 0.017577 0.0823318 0
0.0198376 0.0163257 0.0837229 0
0.0199884 0.0150797 0.0847033 0
0.0201268 0.0138385 0.0853646 0
0.0202528 0.0126018 0.085801 0
0.0203665 0.0113692 0.086102 0
0.0204679 0.0101402 0.0863475 0
0.020557 0.00891457 0.0863477 0
0.020634 0.00769179 0.0863478 0
0.0206987 0.0064715 0.086348 0
0.0207512 0.00525332 0.0863481 0
0.0207916 0.00403683 0.0863482 0
0.0208198 0.00282166 0.0863483 -6.55387e-07
0.0208359 0.0016074 0.0863484 -0.175929
0.0208398 0.000392955 0.0863481 -0.35185
0.020832 -0.000783932 0.0863444 -0.527757
0.0208123 -0.00196765 0.0863397 -0.703643
0.0207807 -0.00315853 0.0863328 -0.879502
0.0207371 -0.00435697 0.0863223 -1.05533
0.0206815 -0.00556335 0.086307 -1.23111
0.0206137 -0.00677806 0.0862852 -1.40684
0.0205337 -0.00800148 0.086256 -1.58252
0.0204413 -0.009234 0.0862184 -1.75814
0.0203366 -0.010476 0.0861719 -1.93368
0.0202193 -0.0117279 0.0861165 -2.10915
0.0200894 -0.0129901 0.0860525 -2.28454
0.0199467 -0.014263 0.085981 -2.45983
0.0197913 -0.015547 0.0859033 -2.63503
0.0196228 -0.0168425 0.0858213 -2.81013
0.0194413 -0.0181499 0.085737 -2.98511
0.0192466 -0.0194696 0.0856528 -3.15998
0.0190385 -0.0208021 0.0855709 -3.33472
0.018817 -0.0221478 0.0854935 -3.50933
0.018582 -0.023507 0.0854226 -3.6838
0.0183331 -0.0248803 0.0853598 -3.85813
0.0180704 -0.0262681 0.0853062 -4.0323
0.0177937 -0.0276707 0.0852625 -4.20632
0.0175027 -0.0290887 0.0852289 -4.38017
0.0171975 -0.0305225 0.0852049 -4.55384
0.0168777 -0.0319726 0.0851899 -4.72734
0.0165432 -0.0334394 0.0851827 -4.90065
0.0161939 -0.0349234 0.085182 -5.07376
0.0158296 -0.0364251 0.0851863 -5.24668
0.0154501 -0.0379449 0.0851941 -5.41939
0.0150552 -0.0394835 0.0852041 -5.59188
0.0146447 -0.0410414 0.0852156 -5.76415
0.0142184 -0.042619 0.0852306 -5.9362
0.0137761 -0.0442171 0.085246 -6.10801
0.0133177 -0.0458362 0.0852618 -6.27958
0.0128428 -0.0474772 0.0852781 -6.4509
0.0123512 -0.049141 0.085295 -6.62197
0.0118428 -0.050829 0.0853128 -6.79278
0.0113172 -0.0525438 0.0853318 -6.96332
0.0107719 -0.0543759 0.0853519 -7.13358
0.0103198 -0.0452195 0.084993 -7.30356
0.00989976 -0.0420163 0.0845423 -7.47326
0.00951153 -0.0388312 0.0838778 -7.64265
0.00915497 -0.0356632 0.0828579 -7.81175
0.00882991 -0.0325112 0.0813322 -7.98054
0.00853621 -0.0293745 0.0791525 -8.14901
0.00827373 -0.0262521 0.0761863 -8.31717
0.00804233 -0.023143 0.0723279 -8.48499
0.00784189 -0.0200464 0.0675099 -8.65248
0.00767229 -0.0169614 0.0617108 -8.81962
0.00753343 -0.0138873 0.0549602 -8.98642
0.00742521 -0.0108229 0.0473402 -9.15287
0.00734754 -0.00776735 0.0389828 -9.31895
0.00730035 -0.00471964 0.0300635 -9.48466
0.00728356 -0.00167888 0.0207917 -9.65
0.00728355 -1.46786e-06 0.0115018 -9.81496
0.00728363 8.64171e-06 0.00247953 -9.97953
0.00728372 9.22824e-06 -0.00610535 -10.1437
0.00728382 9.69026e-06 -0.0139647 -10.3075
0.00728392 1.02761e-05 -0.0208343 -10.4709
0.00728403 1.09583e-05 -0.0264914 -10.6338
0.00728415 1.16661e-05 -0.0307682 -10.7964
0.00728427 1.23942e-05 -0.0335619 -10.9585
0.00728441 1.32004e-05 -0.0348406 -11.1201
0.00728457 1.61928e-05 -0.0346442 -11.2814
0.00728484 2.74221e-05 -0.03308 -11.4422
0.00728532 4.75013e-05 -0.0303144 -11.6025
0.00728624 9.18297e-05 -0.0265611 -11.7624
0.00728784 0.000160144 -0.0220646 -11.9218
0.00729036 0.000252197 -0.0170849 -12.0808
0.00729404 0.000367752 -0.0118793 -12.2392
0.0072991 0.000506577 -0.0063062 -12.3972
0.00730579 0.000668464 -0.000891981 -12.5547
0.00731432 0.000853208 0.00422539 -12.7117
0.00732492 0.00106063 0.00892414 -12.8682
0.00733783 0.00129053 0.0131057 -13.0242
0.00735326 0.00154278 0.0167001 -13.1797
0.00737143 0.0018172 0.0196684 -13.3347
0.00739257 0.00211366 0.0220041 -13.4891
0.00741688 0.00243202 0.0237313 -13.643
0.00744461 0.00277217 0.0249006 -13.7964
0.00747595 0.00313401 0.0255837 -13.9492
0.00751112 0.00351743 0.0258667 -14.1015
0.00755034 0.00392234 0.0258427 -14.2532
0.00759383 0.00434869 0.0256036 -14.4043
0.00764179 0.00479641 0.0252342 -14.5549
0.00769444 0.00526545 0.0247015 -14.7049
0.007752 0.00575577 0.0240193 -14.8543
0.00781467 0.00626736 0.0233181 -15.0032
0.00788267 0.00680019 0.0226035 -15.1514
0.00795622 0.00735427 0.0218798 -15.299
0.00803551 0.00792962 0.0211511 -15.4461
0.00812077 0.00852627 0.0204206 -15.5925
0.00821221 0.00914426 0.0196908 -15.7383
0.00831005 0.00978364 0.0189638 -15.8835
0.00841449 0.0104445 0.0182407 -16.0281
0.00852576 0.0111269 0.0175226 -16.172
0.00864407 0.011831 0.0168099 -16.3153
0.00876964 0.0125569 0.0161034 -16.458
0.00890269 0.0133048 0.0154031 -16.6
0.00904343 0.0140749 0.0147089 -16.7413
0.00919211 0.0148673 0.0140206 -16.882
0.00934893 0.0156824 0.0133379 -17.022
0.00951413 0.0165204 0.0126609 -17.1614
0.00968795 0.0173818 0.0119892 -17.3001
0.00987062 0.018267 0.0113226 -17.4381
0.0100624 0.0191768 0.0106609 -17.5754
0.0102635 0.0201118 0.0100037 -17.712
0.0104743 0.0210736 0.00935076 -17.8479
0.0106949 0.0220643 0.00870143 -17.9831
0.0109258 0.0230889 0.00805489 -18.1176
0.0111675 0.0241677 0.00740887 -18.2513
0.0113866 0.021919 0.00701071 -18.3844
0.0115843 0.0197637 0.0066747 -18.5167
0.0117603 0.0176097 0.0064788 -18.6483
0.0119149 0.0154566 0.00651412 -18.7792
0.0120479 0.0133037 0.00687839 -18.9093
0.0121594 0.0111503 0.00766843 -19.0387
0.0122494 0.00899592 0.00897213 -19.1673
0.0123178 0.00683983 0.0108606 -19.2952
0.0123646 0.00468144 0.0133814 -19.4223
0.0123898 0.00252013 0.0165527 -19.5486
0.0123933 0.000355264 0.0203603 -19.6742
0.0123773 -0.00160543 0.0247403 -19.799
0.0123415 -0.00357288 0.0296246 -19.923
0.0122861 -0.00554762 0.034899 -20.0462
0.0122108 -0.00753024 0.0404265 -20.1687
0.0121155 -0.00952138 0.0460547 -20.2903
0.0120003 -0.0115217 0.0516257 -20.4111
0.011865 -0.0135318 0.0569855 -20.5312
0.0117095 -0.0155526 0.0619938 -20.6504
0.0115336 -0.0175848 0.0665325 -20.7688
0.0113373 -0.0196296 0.0705125 -20.8864
0.0111204 -0.021689 0.073878 -21.0031
0.0108825 -0.0237789 0.0766098 -21.119
0.0106755 -0.0207039 0.0783522 -21.2341
0.0104961 -0.0179493 0.0794298 -21.3484
0.010344 -0.015204 0.0797964 -21.4618
0.0102194 -0.0124673 0.0794061 -21.5744
0.010122 -0.00973812 0.0782147 -21.6861
0.0100518 -0.00701576 0.076183 -21.7969
0.0100088 -0.00429932 0.0732806 -21.9069
0.00999295 -0.00158789 0.0694918 -22.0161
0.00999635 0.000340068 0.0646271 -22.1243
0.0100191 0.0022746 0.0588679 -22.2317
0.0100612 0.00421381 0.0522626 -22.3382
0.0101228 0.00615844 0.0449109 -22.4439
0.0102039 0.00810928 0.0369603 -22.5486
0.0103046 0.0100671 0.0285979 -22.6525
0.0104249 0.0120329 0.02004 -22.7554
0.010565 0.0140076 0.0115186 -22.8575
0.0107249 0.0159927 0.00326674 -22.9587
0.0109049 0.0179902 -0.00449657 -23.0589
0.0111049 0.0200062 -0.0115802 -23.1583
0.0112807 0.0175762 -0.0174865 -23.2567
0.0114332 0.0152496 -0.0223729 -23.3542
0.0115624 0.0129244 -0.0260822 -23.4508
0.0116684 0.0105996 -0.0284955 -23.5464
0.0117511 0.00827481 -0.0295386 -23.6412
0.0118106 0.00594922 -0.0291847 -23.735
0.0118468 0.00362222 -0.0274554 -23.8278
0.0118598 0.00129314 -0.0244183 -23.9198
0.0118511 -0.000868632 -0.020196 -24.0107
0.0118207 -0.00303543 -0.0149241 -24.1008
0.0117687 -0.00520768 -0.00877923 -24.1899
0.0116948 -0.00738606 -0.0019586 -24.278
0.0115991 -0.0095713 0.00570468 -24.3651
0.0114814 -0.0117642 0.013698 -24.4513
0.0113418 -0.0139656 0.021855 -24.5366
0.01118 -0.0161769 0.0299952 -24.6209
0.0109959 -0.0184015 0.0379354 -24.7042
0.0108408 -0.0155137 0.0451295 -24.7865
0.0107121 -0.0128735 0.051699 -24.8678
0.0106097 -0.0102399 0.0573944 -24.9482
0.0105336 -0.00761226 0.0619221 -25.0276
0.0104837 -0.00498964 0.0651291 -25.1059
0.01046 -0.00237118 0.0668508 -25.1833
0.0104599 -4.67995e-06 0.0670016 -25.2598
0.0104805 0.00205417 0.0655525 -25.3352
0.0105216 0.00411644 0.0625229 -25.4096
0.0105835 0.00618298 0.0580268 -25.483
0.010666 0.00825473 0.0522417 -25.5554
0.0107693 0.0103328 0.0453974 -25.6268
0.0108935 0.0124186 0.0377622 -25.6971
0.0110387 0.0145149 0.0296257 -25.7665
0.0112051 0.0166441 0.0209486 -25.8348
0.0113465 0.014138 0.0126316 -25.9022
0.0114637 0.0117228 0.00464103 -25.9685
0.0115568 0.00930887 -0.00270034 -26.0337
0.0116258 0.00689544 -0.0090789 -26.098
0.0116706 0.00448187 -0.0142105 -26.1612
0.0116913 0.00206749 -0.0178593 -26.2234
0.0116913 5.32012e-06 -0.0198804 -26.2845
0.0116764 -0.00149507 -0.0201876 -26.3447
0.0116463 -0.00300704 -0.0187542 -26.4037
0.011601 -0.00453119 -0.0156729 -26.4618
0.0115403 -0.00606822 -0.0111186 -26.5188
0.0114641 -0.00761887 -0.00533635 -26.5747
0.0113723 -0.00918406 0.00137596 -26.6296
0.0112646 -0.0107651 0.00868806 -26.6834
0.011141 -0.0123647 0.0162598 -26.7362
0.011001 -0.0139936 0.0237639 -26.7879
0.0108884 -0.0112583 0.0309568 -26.8386
0.0108016 -0.00868574 0.0375266 -26.8882
0.0107404 -0.00611754 0.0432182 -26.9368
0.0107049 -0.00355289 0.0477997 -26.9843
0.0106949 -0.000992762 0.0510765 -27.0307
0.0107032 0.000826616 0.0529604 -27.076
0.0107297 0.00265335 0.0533042 -27.1203
0.0107746 0.00448668 0.0520981 -27.1635
0.0108379 0.00632767 0.0494282 -27.2057
0.0109197 0.00817767 0.0454253 -27.2468
0.0110201 0.0100391 0.0402801 -27.2868
0.0111393 0.0119218 0.0342294 -27.3257
0.0112332 0.00938985 0.0278722 -27.3635
0.0113024 0.00692034 0.0212418 -27.4003
0.0113469 0.00445165 0.014723 -27.4359
0.0113667 0.00198307 0.00834642 -27.4705
0.0113667 -2.0902e-07 0.00271324 -27.504
0.0113516 -0.00151363 -0.00190976 -27.5365
0.0113212 -0.00303797 -0.00527043 -27.5678
0.0112755 -0.00457418 -0.00721266 -27.598
0.0112142 -0.00612353 -0.00765166 -27.6272
0.0111373 -0.007688 -0.0065537 -27.6553
0.0110446 -0.00927386 -0.00397005 -27.6822
0.0109784 -0.00662226 -0.000395998 -27.7081
0.0109376 -0.00407616 0.00419756 -27.7329
0.0109223 -0.00153298 0.00944741 -27.7566
0.0109253 0.000300479 0.0149925 -27.7792
0.0109467 0.00214132 0.0203547 -27.8007
0.0109866 0.00398862 0.0251239 -27.8211
0.011045 0.00584458 0.0289338 -27.8404
0.0111222 0.00771805 0.0314868 -27.8586
0.0111741 0.00518828 0.0332303 -27.8757
0.0112011 0.00269909 0.0335474 -27.8917
0.0112032 0.000210182 0.032576 -27.9066
0.0111969 -0.000632676 0.030425 -27.9204
0.011182 -0.00149199 0.0275003 -27.9332
0.0111583 -0.00236877 0.0240715 -27.9447
0.0111256 -0.00326493 0.020533 -27.9552
0.0110838 -0.00418459 0.0172216 -27.9646
0.0110322 -0.00515904 0.0144483 -27.9729
0.0110065 -0.00257191 0.0122014 -27.9801
0.0110061 -3.55551e-05 0.0108701 -27.9862
0.0110105 0.00044194 0.0106305 -27.9912
0.0110199 0.000937649 0.0109467 -27.995
0.0110344 0.00145325 0.011964 -27.9978
0.0110543 0.00199096 0.0134584 -27.9994
0.0110799 0.00255864 0.0151826 -28
0.0110805 5.29184e-05 0.017158 -27.9994
0.0110804 -5.49867e-06 0.0188005 -27.9978
0.0110803 -5.8527e-06 0.0200958 -27.995
0.0110803 -5.90736e-06 0.0209319 -27.9912
0.0110802 -5.95339e-06 0.0212432 -27.9862
0.0110802 -6.00254e-06 0.0210181 -27.9801
0.0110801 -6.04925e-06 0.0202979 -27.9729
0.01108 -6.08814e-06 0.0194877 -27.9646
0.01108 -6.13476e-06 0.0184517 -27.9552
0.0110799 -6.17234e-06 0.0173642 -27.9447
0.0110799 -6.21017e-06 0.0163275 -27.9332
0.0110798 -6.25086e-06 0.0155147 -27.9204
0.0110797 -6.2848e-06 0.0150114 -27.9066
0.0110797 -6.31798e-06 0.0148647 -27.8917
0.0110796 -6.35408e-06 0.0150821 -27.8757
0.0110795 -6.38843e-06 0.0152994 -27.8586
0.0110795 -6.41201e-06 0.0157268 -27.8404
0.0110794 -6.44286e-06 0.0162482 -27.8211
0.0110794 -6.47142e-06 0.0168849 -27.8007
0.0110793 -6.49169e-06 0.0174481 -27.7792
0.0110792 -6.5195e-06 0.0178877 -27.7566
0.0110792 -6.53911e-06 0.0181704 -27.7329
0.0110791 -6.5612e-06 0.0182813 -27.7081
0.011079 -6.58058e-06 0.018222 -27.6822
0.011079 -6.59379e-06 0.0182846 -27.6553
0.0110789 -6.61052e-06 0.0182818 -27.6272
0.0110788 -6.62199e-06 0.0181218 -27.598
0.0110788 -6.62926e-06 0.017985 -27.5678
0.0110787 -6.64083e-06 0.0178884 -27.5365
0.0110786 -6.65391e-06 0.0178425 -27.504
0.0110786 -6.65128e-06 0.0178515 -27.4705
0.0110785 -6.65815e-06 0.0176781 -27.4359
0.0110784 -6.66392e-06 0.0176906 -27.4003
0.0110784 -6.65648e-06 0.0177086 -27.3635
0.0110783 -6.66309e-06 0.0177276 -27.3257
0.0110782 -6.65773e-06 0.0177477 -27.2868
0.0110782 -6.64604e-06 0.0177687 -27.2468
0.0110781 -6.64695e-06 0.0177908 -27.2057
0.011078 -6.62617e-06 0.0178139 -27.1635
0.011078 -6.62061e-06 0.0178381 -27.1203
0.0110779 -6.60856e-06 0.0178632 -27.076
0.0110778 -6.59403e-06 0.0178894 -27.0307
0.0110778 -6.57884e-06 0.0179166 -26.9843
0.0110777 -6.55467e-06 0.0179448 -26.9368
0.0110776 -6.53369e-06 0.0179741 -26.8882
0.0110776 -6.51497e-06 0.0180043 -26.8386
0.0110775 -6.48478e-06 0.0180356 -26.7879
0.0110774 -6.46425e-06 0.0180679 -26.7362
0.0110774 -6.43574e-06 0.0181012 -26.6834
0.0110773 -6.40764e-06 0.0181356 -26.6296
0.0110772 -6.37528e-06 0.0181709 -26.5747
0.0110772 -6.34569e-06 0.0182072 -26.5188
0.0110771 -6.31628e-06 0.0182446 -26.4618
0.0110771 -6.27415e-06 0.018283 -26.4037
0.011077 -6.24488e-06 0.0183223 -26.3447
0.0110769 -6.19381e-06 0.0183627 -26.2845
0.0110769 -6.16406e-06 0.0184041 -26.2234
0.0110768 -6.12056e-06 0.0184465 -26.1612
0.0110768 -6.08104e-06 0.0184898 -26.098
0.0110767 -6.03223e-06 0.0185342 -26.0337
0.0110766 -5.9825e-06 0.0185796 -25.9685
0.0110766 -5.94331e-06 0.018626 -25.9022
0.0110765 -5.8914e-06 0.0186733 -25.8348
0.0110765 -5.84628e-06 0.0187217 -25.7665
0.0110764 -5.79096e-06 0.0187711 -25.6971
0.0110763 -5.74497e-06 0.0188214 -25.6268
0.0110763 -5.6926e-06 0.0188727 -25.5554
0.0110762 -5.6352e-06 0.018925 -25.483
0.0110762 -5.58217e-06 0.0189783 -25.4096
0.0110761 -5.52239e-06 0.0190326 -25.3352
0.0110761 -5.4588e-06 0.0190878 -25.2598
0.011076 -5.41774e-06 0.019144 -25.1833
0.011076 -5.35213e-06 0.0192012 -25.1059
0.0110759 -5.29856e-06 0.0192594 -25.0276
0.0110758 -5.22984e-06 0.0193185 -24.9482
0.0110758 -5.17535e-06 0.0193786 -24.8678
0.0110757 -5.11061e-06 0.0194397 -24.7865
0.0110757 -5.04939e-06 0.0195017 -24.7042
0.0110756 -4.9808e-06 0.0195647 -24.6209
0.0110756 -4.93223e-06 0.0196287 -24.5366
0.0110755 -4.86184e-06 0.0196936 -24.4513
0.0110755 -4.79354e-06 0.0197594 -24.3651
0.0110755 -4.73878e-06 0.0198262 -24.278
0.0110754 -4.66219e-06 0.0198939 -24.1899
0.0110754 -4.6044e-06 0.0199626 -24.1008
0.0110753 -4.54117e-06 0.0200323 -24.0107
0.0110753 -4.47059e-06 0.0201028 -23.9198
0.0110752 -4.40494e-06 0.0201743 -23.8278
0.0110752 -4.34485e-06 0.0202468 -23.735
0.0110751 -4.26846e-06 0.0203202 -23.6412
0.0110751 -4.20626e-06 0.0203945 -23.5464
0.0110751 -4.14248e-06 0.0204697 -23.4508
0.011075 -4.07591e-06 0.0205458 -23.3542
0.011075 -4.0184e-06 0.0206229 -23.2567
0.0110749 -3.9479e-06 0.0207009 -23.1583
0.0110749 -3.88327e-06 0.0207798 -23.0589
0.0110749 -3.80994e-06 0.0208596 -22.9587
0.0110748 -3.74699e-06 0.0209403 -22.8575
0.0110748 -3.67435e-06 0.0210219 -22.7554
0.0110747 -3.61333e-06 0.0211044 -22.6525
0.0110747 -3.55064e-06 0.0211878 -22.5486
0.0110747 -3.48674e-06 0.0212721 -22.4439
0.0110746 -3.4155e-06 0.0213573 -22.3382
0.0110746 -3.36352e-06 0.0214433 -22.2317
0.0110746 -3.29706e-06 0.0215303 -22.1243
0.0110745 -3.22929e-06 0.0216181 -22.0161
0.0110745 -3.16529e-06 0.0217068 -21.9069
0.0110745 -3.10493e-06 0.0217964 -21.7969
0.0110745 -3.03649e-06 0.0218869 -21.6861
0.0110744 -2.98217e-06 0.0219782 -21.5744
0.0110744 -2.91254e-06 0.0220704 -21.4618
0.0110744 -2.86003e-06 0.0221634 -21.3484
0.0110743 -2.79645e-06 0.0222573 -21.2341
0.0110743 -2.73603e-06 0.0223521 -21.119
0.0110743 -2.67562e-06 0.0224476 -21.0031
0.0110743 -2.61821e-06 0.0225441 -20.8864
0.0110742 -2.55709e-06 0.0226413 -20.7688
0.0110742 -2.50006e-06 0.0227395 -20.6504
0.0110742 -2.45104e-06 0.0228384 -20.5311
0.0110742 -2.39871e-06 0.0229382 -20.4111
0.0110741 -2.33736e-06 0.0230388 -20.2903
0.0110741 -2.27856e-06 0.0231402 -20.1687
0.0110741 -2.22228e-06 0.0232424 -20.0462
0.0110741 -2.16818e-06 0.0233454 -19.923
0.011074 -2.12326e-06 0.0234493 -19.799
0.011074 -2.07052e-06 0.0235539 -19.6742
0.011074 -2.01224e-06 0.0236594 -19.5486
0.011074 -1.95627e-06 0.0237656 -19.4223
0.011074 -1.91103e-06 0.0238726 -19.2952
0.0110739 -1.85819e-06 0.0239805 -19.1673
0.0110739 -1.81211e-06 0.0240891 -19.0387
0.0110739 -1.7625e-06 0.0241984 -18.9093
0.0110739 -1.71599e-06 0.0243086 -18.7792
0.0110739 -1.66743e-06 0.0244195 -18.6483
0.0110739 -1.6235e-06 0.0245312 -18.5167
0.0110738 -1.57509e-06 0.0246436 -18.3844
0.0110738 -1.52489e-06 0.0247568 -18.2513
0.0110738 -1.48584e-06 0.0248708 -18.1176
0.0110738 -1.44026e-06 0.0249855 -17.9831
0.0110738 -1.39617e-06 0.0251009 -17.8479
0.0110738 -1.3541e-06 0.0252171 -17.712
0.0110738 -1.31408e-06 0.025334 -17.5754
0.0110737 -1.26595e-06 0.0254516 -17.4381
0.0110737 -1.22958e-06 0.02557 -17.3001
0.0110737 -1.18979e-06 0.0256891 -17.1614
0.0110737 -1.14667e-06 0.0258089 -17.022
0.0110737 -1.10895e-06 0.0259294 -16.882
0.0110737 -1.06971e-06 0.0260506 -16.7413
0.0110737 -1.03176e-06 0.0261725 -16.6
0.0110737 -9.90617e-07 0.0262951 -16.458
0.0110737 -9.55115e-07 0.0264184 -16.3153
0.0110737 -9.2087e-07 0.0265424 -16.172
0.0110736 -8.82007e-07 0.0266671 -16.0281
0.0110736 -8.4943e-07 0.0267924 -15.8835
0.0110736 -8.14203e-07 0.0269184 -15.7383
0.0110736 -7.7949e-07 0.0270451 -15.5925
0.0110736 -7.42281e-07 0.0271724 -15.4461
0.0110736 -7.12108e-07 0.0273004 -15.299
0.0110736 -6.76228e-07 0.027429 -15.1514
0.0110736 -6.48237e-07 0.0275583 -15.0031
0.0110736 -6.15318e-07 0.0276882 -14.8543
0.0110736 -5.81683e-07 0.0278188 -14.7049
0.0110736 -5.48737e-07 0.02795 -14.5549
0.0110736 -5.20169e-07 0.0280818 -14.4043
0.0110736 -4.87631e-07 0.0282142 -14.2532
0.0110736 -4.61301e-07 0.0283473 -14.1014
0.0110736 -4.26385e-07 0.0284809 -13.9492
0.0110735 -4.03515e-07 0.0286152 -13.7964
0.0110735 -3.71154e-07 0.02875 -13.643
0.0110735 -3.47527e-07 0.0288855 -13.4891
0.0110735 -3.15322e-07 0.0290215 -13.3347
0.0110735 -2.93246e-07 0.0291581 -13.1797
0.0110735 -2.6863e-07 0.0292953 -13.0242
0.0110735 -2.36233e-07 0.0294331 -12.8682
0.0110735 -2.08826e-07 0.0295714 -12.7117
0.0110735 -1.86995e-07 0.0297103 -12.5547
0.0110735 -1.59429e-07 0.0298498 -12.3972
0.0110735 -1.32941e-07 0.0299898 -12.2392
0.0110735 -1.09583e-07 0.0301303 -12.0808
0.0110735 -8.66316e-08 0.0302714 -11.9218
0.0110735 -6.38363e-08 0.030413 -11.7624
0.0110735 -4.18418e-08 0.0305551 -11.6025
0.0110735 -1.5051e-08 0.0306978 -11.4422
0.0110735 7.8982e-09 0.030841 -11.2814
0.0110735 2.98897e-08 0.0309847 -11.1201
0.0110735 5.2813e-08 0.0311289 -10.9585
0.0110735 7.76438e-08 0.0312736 -10.7964
0.0110735 9.87632e-08 0.0314187 -10.6338
0.0110735 1.22147e-07 0.0315644 -10.4709
0.0110735 1.46125e-07 0.0317106 -10.3075
0.0110735 1.65722e-07 0.0318572 -10.1437
0.0110735 1.85203e-07 0.0320043 -9.97953
0.0110735 2.11749e-07 0.0321519 -9.81496
0.0110735 2.285e-07 0.0322999 -9.65
0.0110735 2.46991e-07 0.0324484 -9.48466
0.0110735 2.66747e-07 0.0325973 -9.31895
0.0110735 2.85443e-07 0.0327467 -9.15286
0.0110735 3.05207e-07 0.0328965 -8.98642
0.0110735 3.23195e-07 0.0330467 -8.81962
0.0110736 3.47582e-07 0.0331973 -8.65247
0.0110736 3.6604e-07 0.0333484 -8.48499
0.0110736 3.85579e-07 0.0334999 -8.31716
0.0110736 4.04083e-07 0.0336518 -8.14901
0.0110736 4.21131e-07 0.0338041 -7.98054
0.0110736 4.37115e-07 0.0339567 -7.81175
0.0110736 4.56504e-07 0.0341098 -7.64265
0.0110736 4.72798e-07 0.0342632 -7.47325
0.0110736 4.92692e-07 0.0344171 -7.30356
0.0110736 5.11479e-07 0.0345713 -7.13358
0.0110736 5.26525e-07 0.0347258 -6.96332
0.0110736 5.41928e-07 0.0348807 -6.79278
0.0110736 5.58252e-07 0.035036 -6.62197
0.0110736 5.78886e-07 0.0351916 -6.4509
0.0110736 5.95644e-07 0.0353475 -6.27958
0.0110736 6.1304e-07 0.0355038 -6.10801
0.0110736 6.29905e-07 0.0356604 -5.9362
0.0110736 6.45108e-07 0.0358173 -5.76415
0.0110736 6.60225e-07 0.0359746 -5.59188
0.0110737 6.78261e-07 0.0361321 -5.41938
0.0110737 6.94827e-07 0.03629 -5.24667
0.0110737 7.09673e-07 0.0364481 -5.07376
0.0110737 7.26667e-07 0.0366066 -4.90064
0.0110737 7.40543e-07 0.0367653 -4.72733
0.0110737 7.5696e-07 0.0369243 -4.55384
0.0110737 7.71683e-07 0.0370835 -4.38016
0.0110737 7.89339e-07 0.037243 -4.20631
0.0110737 8.05655e-07 0.0374028 -4.0323
0.0110737 8.17193e-07 0.0375629 -3.85813
0.0110737 8.33887e-07 0.0377231 -3.6838
0.0110737 8.50862e-07 0.0378836 -3.50933
0.0110737 8.64632e-07 0.0380444 -3.33472
0.0110738 8.79656e-07 0.0382054 -3.15998
0.0110738 8.97675e-07 0.0383666 -2.98511
0.0110738 9.09529e-07 0.038528 -2.81013
0.0110738 9.26201e-07 0.0386896 -2.63503
0.0110738 9.37797e-07 0.0388514 -2.45983
0.0110738 9.53116e-07 0.0390134 -2.28454
0.0110738 9.67726e-07 0.0391756 -2.10915
0.0110738 9.83632e-07 0.039338 -1.93368
0.0110738 9.96824e-07 0.0395005 -1.75813
0.0110738 1.01009e-06 0.0396633 -1.58252
0.0110738 1.02739e-06 0.0398261 -1.40684
0.0110739 1.03972e-06 0.0399892 -1.23111
0.0110739 1.05131e-06 0.0401524 -1.05532
0.0110739 1.0691e-06 0.0403157 -0.879499
0.0110739 1.08405e-06 0.0404792 -0.703641
0.0110739 1.09678e-06 0.0406428 -0.527754
0.0110739 1.10967e-06 0.0408065 -0.351847
0.0110739 1.12151e-06 0.0409703 -0.175926
0.0110739 1.13775e-06 0.0411343 1.96616e-06
0.0110739 1.15413e-06 0.0412983 0.17593
0.011074 1.16685e-06 0.0414625 0.351851
0.011074 1.18291e-06 0.0416267 0.527758
0.011074 1.19311e-06 0.0417911 0.703645
0.011074 1.20769e-06 0.0419555 0.879503
0.011074 1.22324e-06 0.0421199 1.05533
0.011074 1.23763e-06 0.0422845 1.23111
0.011074 1.25222e-06 0.0424491 1.40684
0.011074 1.26014e-06 0.0426137 1.58252
0.0110741 1.27598e-06 0.0427784 1.75814
0.0110741 1.29041e-06 0.0429432 1.93368
0.0110741 1.30693e-06 0.0431079 2.10915
0.0110741 1.3187e-06 0.0432727 2.28454
0.0110741 1.33027e-06 0.0434375 2.45984
0.0110741 1.34534e-06 0.0436024 2.63503
0.0110741 1.35857e-06 0.0437672 2.81013
0.0110742 1.37088e-06 0.043932 2.98511
0.0110742 1.38668e-06 0.0440969 3.15998
0.0110742 1.39711e-06 0.0442617 3.33472
0.0110742 1.41308e-06 0.0444265 3.50933
0.0110742 1.4255e-06 0.0445912 3.6838
0.0110742 1.43972e-06 0.044756 3.85813
0.0110742 1.45286e-06 0.0449207 4.0323
0.0110743 1.4683e-06 0.0450853 4.20632
0.0110743 1.47952e-06 0.0452499 4.38017
0.0110743 1.49626e-06 0.0454145 4.55384
0.0110743 1.50974e-06 0.0455789 4.72734
0.0110743 1.52093e-06 0.0457434 4.90065
0.0110743 1.53468e-06 0.0459077 5.07376
0.0110743 1.55166e-06 0.0460719 5.24668
0.0110744 1.56119e-06 0.0462361 5.41939
0.0110744 1.57652e-06 0.0464001 5.59188
0.0110744 1.58801e-06 0.0465641 5.76416
0.0110744 1.60218e-06 0.0467279 5.9362
0.0110744 1.61492e-06 0.0468916 6.10801
0.0110744 1.629e-06 0.0470552 6.27958
0.0110745 1.6415e-06 0.0472187 6.45091
0.0110745 1.65663e-06 0.0473821 6.62197
0.0110745 1.6717e-06 0.0475452 6.79278
0.0110745 1.68461e-06 0.0477083 6.96332
0.0110745 1.69997e-06 0.0478712 7.13358
0.0110745 1.71199e-06 0.0480339 7.30356
0.0110746 1.7272e-06 0.0481965 7.47326
0.0110746 1.73926e-06 0.0483588 7.64266
0.0110746 1.75405e-06 0.048521 7.81175
0.0110746 1.76681e-06 0.0486831 7.98054
0.0110746 1.7834e-06 0.0488449 8.14901
0.0110746 1.79374e-06 0.0490065 8.31717
0.0110747 1.80971e-06 0.0491679 8.48499
0.0110747 1.82256e-06 0.0493291 8.65248
0.0110747 1.83737e-06 0.0494901 8.81962
0.0110747 1.84945e-06 0.0496509 8.98642
0.0110747 1.86653e-06 0.0498114 9.15287
0.0110748 1.87787e-06 0.0499717 9.31895
0.0110748 1.89193e-06 0.0501317 9.48466
0.0110748 1.9062e-06 0.0502915 9.65
0.0110748 1.91968e-06 0.050451 9.81496
0.0110748 1.93537e-06 0.0506103 9.97953
0.0110749 1.94917e-06 0.0507693 10.1437
0.0110749 1.96295e-06 0.050928 10.3075
0.0110749 1.97718e-06 0.0510864 10.4709
0.0110749 1.99275e-06 0.0512446 10.6338
0.0110749 2.00694e-06 0.0514024 10.7964
0.011075 2.02118e-06 0.05156 10.9585
0.011075 2.03461e-06 0.0517172 11.1201
0.011075 2.05042e-06 0.0518742 11.2814
0.011075 2.06323e-06 0.0520308 11.4422
0.011075 2.07694e-06 0.0521871 11.6025
0.0110751 2.09195e-06 0.052343 11.7624
0.0110751 2.10676e-06 0.0524986 11.9218
0.0110751 2.11956e-06 0.0526539 12.0808
0.0110751 2.13401e-06 0.0528088 12.2392
0.0110751 2.15044e-06 0.0529634 12.3972
0.0110752 2.16399e-06 0.0531176 12.5547
0.0110752 2.17708e-06 0.0532714 12.7117
0.0110752 2.19299e-06 0.0534249 12.8682
0.0110752 2.20905e-06 0.053578 13.0242
0.0110752 2.22314e-06 0.0537306 13.1797
0.0110753 2.23768e-06 0.0538829 13.3347
0.0110753 2.25079e-06 0.0540348 13.4891
0.0110753 2.26741e-06 0.0541863 13.643
0.0110753 2.28071e-06 0.0543374 13.7964
0.0110754 2.29483e-06 0.0544881 13.9492
0.0110754 2.31021e-06 0.0546383 14.1015
0.0110754 2.32579e-06 0.0547881 14.2532
0.0110754 2.34056e-06 0.0549375 14.4043
0.0110755 2.35504e-06 0.0550864 14.5549
0.0110755 2.36985e-06 0.0552349 14.7049
0.0110755 2.38443e-06 0.055383 14.8543
0.0110755 2.39848e-06 0.0555305 15.0032
0.0110756 2.41307e-06 0.0556776 15.1514
0.0110756 2.42811e-06 0.0558243 15.299
0.0110756 2.44371e-06 0.0559705 15.4461
0.0110756 2.45855e-06 0.0561161 15.5925
0.0110756 2.47316e-06 0.0562613 15.7383
0.0110757 2.48898e-06 0.056406 15.8835
0.0110757 2.50328e-06 0.0565503 16.0281
0.0110757 2.51699e-06 0.056694 16.172
0.0110757 2.53139e-06 0.0568371 16.3153
0.0110758 2.54668e-06 0.0569798 16.458
0.0110758 2.56277e-06 0.057122 16.6
0.0110758 2.57708e-06 0.0572636 16.7413
0.0110759 2.59237e-06 0.0574047 16.882
0.0110759 2.6063e-06 0.0575453 17.0221
0.0110759 2.62347e-06 0.0576853 17.1614
0.0110759 2.63655e-06 0.0578247 17.3001
0.011076 2.65261e-06 0.0579636 17.4381
0.011076 2.66598e-06 0.058102 17.5754
0.011076 2.68187e-06 0.0582398 17.712
0.011076 2.69746e-06 0.058377 17.8479
0.0110761 2.71206e-06 0.0585136 17.9831
0.0110761 2.7265e-06 0.0586497 18.1176
0.0110761 2.74057e-06 0.0587851 18.2513
0.0110761 2.75523e-06 0.05892 18.3844
0.0110762 2.76837e-06 0.0590543 18.5167
0.0110762 2.77997e-06 0.059188 18.6483
0.0110762 2.79257e-06 0.059321 18.7792
0.0110763 2.80716e-06 0.0594535 18.9093
0.0110763 2.81916e-06 0.0595853 19.0387
0.0110763 2.83139e-06 0.0597165 19.1673
0.0110763 2.84512e-06 0.0598471 19.2952
0.0110764 2.85673e-06 0.059977 19.4223
0.0110764 2.86869e-06 0.0601063 19.5486
0.0110764 2.88274e-06 0.060235 19.6742
0.0110765 2.89665e-06 0.060363 19.799
0.0110765 2.90447e-06 0.0604904 19.923
0.0110765 2.9201e-06 0.0606171 20.0462
0.0110765 2.93265e-06 0.0607431 20.1687
0.0110766 2.94494e-06 0.0608685 20.2903
0.0110766 2.95914e-06 0.0609932 20.4111
0.0110766 2.96604e-06 0.0611172 20.5312
0.0110767 2.98235e-06 0.0612405 20.6504
0.0110767 2.99455e-06 0.0613631 20.7688
0.0110767 3.00782e-06 0.0614851 20.8864
0.0110768 3.0181e-06 0.0616063 21.0031
0.0110768 3.02977e-06 0.0617268 21.119
0.0110768 3.04198e-06 0.0618467 21.2341
0.0110768 3.05421e-06 0.0619658 21.3484
0.0110769 3.06587e-06 0.0620842 21.4618
0.0110769 3.07727e-06 0.0622018 21.5744
0.0110769 3.09025e-06 0.0623188 21.6861
0.011077 3.1015e-06 0.062435 21.7969
0.011077 3.11158e-06 0.0625505 21.9069
0.011077 3.12325e-06 0.0626652 22.0161
0.0110771 3.13631e-06 0.0627792 22.1243
0.0110771 3.14432e-06 0.0628924 22.2317
0.0110771 3.15634e-06 0.0630049 22.3382
0.0110772 3.16631e-06 0.0631166 22.4439
0.0110772 3.17987e-06 0.0632276 22.5486
0.0110772 3.18811e-06 0.0633378 22.6525
0.0110773 3.19984e-06 0.0634472 22.7554
0.0110773 3.20935e-06 0.0635558 22.8575
0.0110773 3.2204e-06 0.0636637 22.9587
0.0110774 3.23064e-06 0.0637708 23.0589
0.0110774 3.23961e-06 0.063877 23.1583
0.0110774 3.24796e-06 0.0639825 23.2567
0.0110774 3.2596e-06 0.0640872 23.3542
0.0110775 3.2702e-06 0.0641911 23.4508
0.0110775 3.27781e-06 0.0642942 23.5464
0.0110775 3.28867e-06 0.0643965 23.6412
0.0110776 3.29778e-06 0.064498 23.735
0.0110776 3.30678e-06 0.0645986 23.8278
0.0110776 3.31458e-06 0.0646984 23.9198
0.0110777 3.32127e-06 0.0647974 24.0107
0.0110777 3.32982e-06 0.0648956 24.1008
0.0110777 3.33993e-06 0.0649929 24.1899
0.0110778 3.34436e-06 0.0650894 24.278
0.0110778 3.35681e-06 0.0651851 24.3651
0.0110778 3.36484e-06 0.0652799 24.4513
0.0110779 3.37133e-06 0.0653738 24.5366
0.0110779 3.37851e-06 0.0654669 24.6209
0.0110779 3.38631e-06 0.0655592 24.7042
0.011078 3.39008e-06 0.0656506 24.7865
0.011078 3.40139e-06 0.0657411 24.8678
0.011078 3.40956e-06 0.0658308 24.9482
0.0110781 3.41817e-06 0.0659196 25.0276
0.0110781 3.42362e-06 0.0660075 25.106
0.0110782 3.43212e-06 0.0660945 25.1833
0.0110782 3.43627e-06 0.0661807 25.2598
0.0110782 3.44307e-06 0.0662659 25.3352
0.0110783 3.45043e-06 0.0663503 25.4096
0.0110783 3.45401e-06 0.0664338 25.483
0.0110783 3.45771e-06 0.0665164 25.5554
0.0110784 3.46345e-06 0.0665981 25.6268
0.0110784 3.46546e-06 0.0666789 25.6971
0.0110784 3.46574e-06 0.0667588 25.7665
0.0110785 3.47e-06 0.0668378 25.8348
0.0110785 3.47546e-06 0.0669159 25.9022
0.0110785 3.48079e-06 0.066993 25.9685
0.0110786 3.48449e-06 0.0670693 26.0337
0.0110786 3.4874e-06 0.0671446 26.098
0.0110786 3.49428e-06 0.067219 26.1612
0.0110787 3.49839e-06 0.0672925 26.2234
0.0110787 3.49978e-06 0.0673651 26.2845
0.0110787 3.50111e-06 0.0674367 26.3447
0.0110788 3.50163e-06 0.0675074 26.4037
0.0110788 3.50665e-06 0.0675771 26.4618
0.0110788 3.5096e-06 0.0676459 26.5188
0.0110789 3.50193e-06 0.0677138 26.5747
0.0110789 3.50192e-06 0.0677807 26.6296
0.011079 3.49567e-06 0.0678467 26.6834
0.011079 3.49354e-06 0.0679117 26.7362
0.011079 3.48934e-06 0.0679758 26.7879
0.0110791 3.48346e-06 0.0680389 26.8386
0.0110791 3.47654e-06 0.0681011 26.8882
0.0110791 3.47968e-06 0.0681623 26.9368
0.0110792 3.48203e-06 0.0682225 26.9843
0.0110792 3.47371e-06 0.0682818 27.0307
0.0110792 3.46922e-06 0.0683401 27.076
0.0110793 3.461e-06 0.0683974 27.1203
0.0110793 3.45291e-06 0.0684538 27.1635
0.0110793 3.44254e-06 0.0685092 27.2057
0.0110794 3.42742e-06 0.0685636 27.2468
0.0110794 3.41966e-06 0.068617 27.2868
0.0110794 3.41002e-06 0.0686695 27.3257
0.0110795 3.39646e-06 0.068721 27.3635
0.0110795 3.38203e-06 0.0687715 27.4003
0.0110795 3.3685e-06 0.068821 27.4359
0.0110796 3.3543e-06 0.0688695 27.4705
0.0110796 3.34465e-06 0.068917 27.504
0.0110796 3.33033e-06 0.0689635 27.5365
0.0110797 3.31601e-06 0.0690091 27.5678
0.0110797 3.29801e-06 0.0690536 27.598
0.0110797 3.28173e-06 0.0690971 27.6272
0.0110798 3.26138e-06 0.0691397 27.6553
0.0110798 3.2423e-06 0.0691812 27.6822
0.0110798 3.22002e-06 0.0692218 27.7081
0.0110799 3.20293e-06 0.0692613 27.7329
0.0110799 3.18202e-06 0.0692998 27.7566
0.0110799 1.85979e-06 0.0693374 27.7792
0.01108 3.45859e-06 0.0693738 27.8007
0.01108 3.46356e-06 0.0694094 27.8211
0.01108 3.43041e-06 0.0694439 27.8404
0.0110801 3.40331e-06 0.0694774 27.8586
0.0110801 3.38078e-06 0.0695098 27.8757
0.0110801 3.34656e-06 0.0695413 27.8917
0.0110802 3.31577e-06 0.0695717 27.9066
0.0110802 3.28365e-06 0.069601 27.9204
0.0110802 3.24632e-06 0.0696294 27.9332
0.0110803 3.21563e-06 0.0696567 27.9447
0.0110803 3.1802e-06 0.0696829 27.9552
0.0110803 3.14525e-06 0.0697082 27.9646
0.0110803 3.10828e-06 0.0697324 27.9729
0.0110804 3.07285e-06 0.0697555 27.9801
0.0110804 3.03021e-06 0.0697777 27.9862
0.0110804 2.98761e-06 0.0697989 27.9912
0.0110805 2.95415e-06 0.069819 27.995
0.0110805 2.90581e-06 0.0698382 27.9978
0.0110805 2.86846e-06 0.0698563 27.9994
0.0110806 2.82121e-06 0.0698734 28
0.0110806 2.7784e-06 0.0698896 27.9994
0.0110806 2.72917e-06 0.0699047 27.9978
0.0110806 2.68327e-06 0.0699188 27.995
0.0110807 2.63627e-06 0.0699319 27.9912
0.0110807 2.59027e-06 0.0699439 27.9862
0.0110807 2.53495e-06 0.0699549 27.9801
0.0110807 2.47836e-06 0.0699649 27.9729
0.0110808 2.42645e-06 0.0699738 27.9646
0.0110808 2.37772e-06 0.0699817 27.9552
0.0110808 2.33144e-06 0.0699885 27.9447
0.0110808 2.27267e-06 0.0699942 27.9331
0.0110809 2.21146e-06 0.0699991 27.9204
0.0110809 2.15735e-06 0.0700027 27.9066
0.0110809 2.10021e-06 0.0700054 27.8917
0.0110809 2.04565e-06 0.070007 27.8757
0.0110809 1.99086e-06 0.0700076 27.8586
0.011081 1.9263e-06 0.0700071 27.8404
0.011081 1.85758e-06 0.0700056 27.8211
0.011081 1.81448e-06 0.0700031 27.8007
0.011081 1.74906e-06 0.0699995 27.7792
0.011081 1.68704e-06 0.0699949 27.7566
0.011081 1.61511e-06 0.0699892 27.7329
0.0110811 1.55021e-06 0.0699826 27.7081
0.0110811 1.47841e-06 0.0699748 27.6822
0.0110811 1.41306e-06 0.0699661 27.6553
0.0110811 1.34833e-06 0.0699563 27.6272
0.0110811 1.28934e-06 0.0699455 27.598
0.0110811 1.21636e-06 0.0699336 27.5678
0.0110811 1.13413e-06 0.0699207 27.5365
0.0110811 1.06194e-06 0.0699068 27.504
0.0110812 9.8928e-07 0.0698919 27.4705
0.0110812 9.22626e-07 0.0698759 27.4359
0.0110812 8.49157e-07 0.0698589 27.4003
0.0110812 7.73439e-07 0.0698408 27.3635
0.0110812 6.97866e-07 0.0698218 27.3257
0.0110812 6.27657e-07 0.0698017 27.2868
0.0110812 5.57898e-07 0.0697805 27.2468
0.0110812 4.87662e-07 0.0697584 27.2057
0.0110812 3.95065e-07 0.0697352 27.1635
0.0110812 3.19481e-07 0.069711 27.1203
0.0110812 2.43223e-07 0.0696857 27.076
0.0110812 1.7406e-07 0.0696595 27.0307
0.0110812 8.54364e-08 0.0696322 26.9843
0.0110812 2.12194e-09 0.0696039 26.9368
0.0110812 -7.08843e-08 0.0695746 26.8882
0.0110812 -1.48694e-07 0.0695442 26.8386
0.0110812 -2.30032e-07 0.0695128 26.7879
0.0110812 -3.07333e-07 0.0694805 26.7362
0.0110812 -3.89754e-07 0.0694471 26.6834
0.0110812 -4.72721e-07 0.0694126 26.6296
0.0110812 -5.45916e-07 0.0693772 26.5747
0.0110812 -6.19964e-07 0.0693408 26.5188
0.0110812 -7.19268e-07 0.0693033 26.4618
0.0110812 -7.87279e-07 0.0692649 26.4037
0.0110812 -8.63475e-07 0.0692254 26.3447
0.0110812 -9.5113e-07 0.0691849 26.2845
0.0110811 -1.02636e-06 0.0691435 26.2234
0.0110811 -1.10792e-06 0.069101 26.1612
0.0110811 -1.20091e-06 0.0690575 26.098
0.0110811 -1.27158e-06 0.069013 26.0337
0.0110811 -1.36615e-06 0.0689675 25.9685
0.0110811 -1.43572e-06 0.0689211 25.9022
0.0110811 -1.50939e-06 0.0688736 25.8348
0.0110811 -1.58378e-06 0.0688251 25.7665
0.011081 -1.66005e-06 0.0687757 25.6971
0.011081 -1.75936e-06 0.0687252 25.6268
0.011081 -1.82563e-06 0.0686738 25.5554
0.011081 -1.91367e-06 0.0686214 25.483
0.011081 -1.96944e-06 0.068568 25.4096
0.0110809 -2.05388e-06 0.0685136 25.3352
0.0110809 -2.1303e-06 0.0684583 25.2597
0.0110809 -2.2162e-06 0.0684019 25.1833
0.0110809 -2.29993e-06 0.0683446 25.1059
0.0110809 -2.35463e-06 0.0682864 25.0276
0.0110808 -2.42559e-06 0.0682271 24.9482
0.0110808 -2.51388e-06 0.0681669 24.8678
0.0110808 -2.58688e-06 0.0681057 24.7865
0.0110808 -2.63228e-06 0.0680436 24.7042
0.0110807 -2.71452e-06 0.0679805 24.6209
0.0110807 -2.78933e-06 0.0679164 24.5366
0.0110807 -2.852e-06 0.0678514 24.4513
0.0110806 -2.92214e-06 0.0677855 24.3651
0.0110806 -2.96746e-06 0.0677185 24.278
0.0110806 -3.06948e-06 0.0676507 24.1899
0.0110805 -3.10642e-06 0.0675819 24.1008
0.0110805 -3.17871e-06 0.0675121 24.0107
0.0110805 -3.22459e-06 0.0674415 23.9198
0.0110804 -3.28933e-06 0.0673698 23.8278
0.0110804 -3.35714e-06 0.0672973 23.735
0.0110804 -3.40606e-06 0.0672238 23.6412
0.0110803 -3.48582e-06 0.0671494 23.5464
0.0110803 -3.52665e-06 0.067074 23.4508
0.0110803 -3.56429e-06 0.0669978 23.3542
0.0110802 -3.63599e-06 0.0669206 23.2567
0.0110802 -3.66595e-06 0.0668425 23.1583
0.0110802 -3.71395e-06 0.0667635 23.0589
0.0110801 -3.75106e-06 0.0666836 22.9587
0.0110801 -3.7985e-06 0.0666028 22.8575
0.0110801 -3.84093e-06 0.0665211 22.7554
0.01108 -3.88053e-06 0.0664384 22.6525
0.01108 -3.91367e-06 0.0663549 22.5486
0.0110799 -3.94923e-06 0.0662705 22.4439
0.0110799 -3.99496e-06 0.0661852 22.3382
0.0110799 -4.02137e-06 0.066099 22.2317
0.0110798 -4.03985e-06 0.0660119 22.1243
0.0110798 -4.10482e-06 0.065924 22.0161
0.0110797 -4.12405e-06 0.0658351 21.9069
0.0110797 -4.14394e-06 0.0657454 21.7969
0.0110796 -4.19983e-06 0.0656549 21.6861
0.0110796 -4.22683e-06 0.0655634 21.5744
0.0110796 -4.23619e-06 0.0654711 21.4618
0.0110795 -4.2814e-06 0.065378 21.3484
0.0110795 -4.27496e-06 0.065284 21.2341
0.0110794 -4.32342e-06 0.0651891 21.119
0.0110794 -4.33311e-06 0.0650934 21.0031
0.0110793 -4.35784e-06 0.0649969 20.8864
0.0110793 -4.379e-06 0.0648995 20.7688
0.0110793 -4.40654e-06 0.0648013 20.6504
0.0110792 -4.44774e-06 0.0647023 20.5311
0.0110792 -4.44676e-06 0.0646024 20.4111
0.0110791 -4.45471e-06 0.0645018 20.2903
0.0110791 -4.48311e-06 0.0644003 20.1687
0.011079 -4.48439e-06 0.0642979 20.0462
0.011079 -4.51664e-06 0.0641948 19.923
0.0110789 -4.50214e-06 0.0640909 19.799
0.0110789 -4.52568e-06 0.0639862 19.6742
0.0110789 -4.54002e-06 0.0638806 19.5486
0.0110788 -4.55211e-06 0.0637743 19.4223
0.0110788 -4.54195e-06 0.0636672 19.2952
0.0110787 -4.55139e-06 0.0635593 19.1673
0.0110787 -4.57189e-06 0.0634506 19.0387
0.0110786 -4.56844e-06 0.0633411 18.9093
0.0110786 -4.54807e-06 0.0632309 18.7792
0.0110785 -4.53046e-06 0.0631199 18.6483
0.0110785 -4.56024e-06 0.0630081 18.5167
0.0110784 -4.55825e-06 0.0628956 18.3844
0.0110784 -4.56612e-06 0.0627823 18.2513
0.0110784 -4.55606e-06 0.0626683 18.1176
0.0110783 -4.53324e-06 0.0625535 17.9831
0.0110783 -4.55124e-06 0.062438 17.8479
0.0110782 -4.54845e-06 0.0623217 17.712
0.0110782 -4.52141e-06 0.0622047 17.5754
0.0110781 -4.53172e-06 0.062087 17.4381
0.0110781 -4.51112e-06 0.0619686 17.3001
0.011078 -4.49412e-06 0.0618494 17.1614
0.011078 -4.48995e-06 0.0617296 17.022
0.0110779 -4.47012e-06 0.061609 16.882
0.0110779 -4.4676e-06 0.0614877 16.7413
0.0110779 -4.44956e-06 0.0613657 16.6
0.0110778 -4.43773e-06 0.061243 16.458
0.0110778 -4.42357e-06 0.0611197 16.3153
0.0110777 -4.39342e-06 0.0609956 16.172
0.0110777 -4.35977e-06 0.0608709 16.0281
0.0110776 -4.34119e-06 0.0607455 15.8835
0.0110776 -4.3325e-06 0.0606194 15.7383
0.0110776 -4.30853e-06 0.0604927 15.5925
0.0110775 -4.2883e-06 0.0603653 15.4461
0.0110775 -4.27557e-06 0.0602372 15.299
0.0110774 -4.25025e-06 0.0601085 15.1514
0.0110774 -4.22695e-06 0.0599792 15.0031
0.0110773 -4.21493e-06 0.0598492 14.8543
0.0110773 -4.17984e-06 0.0597186 14.7049
0.0110773 -4.14696e-06 0.0595873 14.5549
0.0110772 -4.12158e-06 0.0594554 14.4043
0.0110772 -4.12581e-06 0.0593229 14.2532
0.0110771 -4.06915e-06 0.0591898 14.1014
0.0110771 -4.04824e-06 0.0590561 13.9492
0.0110771 -4.00642e-06 0.0589218 13.7964
0.011077 -3.98757e-06 0.0587869 13.643
0.011077 -3.96086e-06 0.0586514 13.4891
0.0110769 -3.91964e-06 0.0585153 13.3347
0.0110769 -3.90014e-06 0.0583786 13.1797
0.0110769 -3.88256e-06 0.0582414 13.0242
0.0110768 -3.84561e-06 0.0581036 12.8682
0.0110768 -3.81868e-06 0.0579652 12.7117
0.0110767 -3.77763e-06 0.0578262 12.5547
0.0110767 -3.74965e-06 0.0576867 12.3972
0.0110767 -3.73801e-06 0.0575467 12.2392
0.0110766 -3.68585e-06 0.0574061 12.0808
0.0110766 -3.65325e-06 0.057265 11.9218
0.0110766 -3.62446e-06 0.0571233 11.7624
0.0110765 -3.60772e-06 0.0569811 11.6025
0.0110765 -3.57849e-06 0.0568384 11.4422
0.0110765 -3.53195e-06 0.0566952 11.2814
0.0110764 -3.5065e-06 0.0565515 11.1201
0.0110764 -3.47888e-06 0.0564072 10.9585
0.0110763 -3.45267e-06 0.0562625 10.7963
0.0110763 -3.38924e-06 0.0561173 10.6338
0.0110763 -3.37842e-06 0.0559716 10.4709
0.0110762 -3.32649e-06 0.0558254 10.3075
0.0110762 -3.32077e-06 0.0556787 10.1437
0.0110762 -3.29623e-06 0.0555316 9.97953
0.0110761 -3.25681e-06 0.055384 9.81496
0.0110761 -3.2284e-06 0.0552359 9.65
0.0110761 -3.20657e-06 0.0550874 9.48466
0.0110761 -3.18667e-06 0.0549384 9.31894
0.011076 -3.14104e-06 0.0547891 9.15286
0.011076 -3.0911e-06 0.0546392 8.98642
0.011076 -3.08238e-06 0.054489 8.81962
0.0110759 -3.04857e-06 0.0543383 8.65247
0.0110759 -3.01516e-06 0.0541872 8.48498
0.0110759 -2.98566e-06 0.0540357 8.31716
0.0110758 -2.97318e-06 0.0538838 8.14901
0.0110758 -2.92595e-06 0.0537315 7.98054
0.0110758 -2.88158e-06 0.0535788 7.81175
0.0110758 -2.85248e-06 0.0534257 7.64265
0.0110757 -2.83918e-06 0.0532722 7.47325
0.0110757 -2.79751e-06 0.0531184 7.30356
0.0110757 -2.77957e-06 0.0529642 7.13358
0.0110756 -2.72969e-06 0.0528096 6.96331
0.0110756 -2.71476e-06 0.0526547 6.79278
0.0110756 -2.67915e-06 0.0524994 6.62197
0.0110756 -2.65139e-06 0.0523437 6.4509
0.0110755 -2.63738e-06 0.0521878 6.27958
0.0110755 -2.60059e-06 0.0520315 6.10801
0.0110755 -2.56233e-06 0.0518749 5.9362
0.0110755 -2.53671e-06 0.0517179 5.76415
0.0110754 -2.52018e-06 0.0515607 5.59188
0.0110754 -2.47522e-06 0.0514031 5.41938
0.0110754 -2.44091e-06 0.0512452 5.24667
0.0110754 -2.42499e-06 0.0510871 5.07376
0.0110753 -2.39316e-06 0.0509286 4.90064
0.0110753 -2.30263e-06 0.0507699 4.72733
0.0110753 -2.70682e-06 0.0506109 4.55384
0.0110753 -2.45268e-06 0.0504517 4.38016
0.0110752 -2.45432e-06 0.0502921 4.20631
0.0110752 -2.46046e-06 0.0501324 4.0323
0.0110752 -2.45701e-06 0.0499723 3.85812
0.0110752 -2.45949e-06 0.0498121 3.6838
0.0110751 -2.45624e-06 0.0496516 3.50933
0.0110751 -2.45213e-06 0.0494909 3.33472
0.0110751 -2.45493e-06 0.0493299 3.15998
0.0110751 -2.45035e-06 0.0491688 2.98511
0.011075 -2.44402e-06 0.0490074 2.81012
0.011075 -2.44391e-06 0.0488458 2.63503
0.011075 -2.43839e-06 0.0486841 2.45983
0.011075 -1.19866e-06 0.048522 2.28453
0.011075 -1.20747e-06 0.0483598 2.10915
0.011075 -1.22147e-06 0.0481974 1.93368
0.0110749 -1.23345e-06 0.0480348 1.75813
0.0110749 -1.25159e-06 0.047872 1.58252
0.0110749 -1.26628e-06 0.0477089 1.40684
0.0110749 -1.27759e-06 0.0475457 1.2311
0.0110749 -1.296e-06 0.0473823 1.05532
0.0110749 -1.30784e-06 0.0472188 0.879498
0.0110749 -1.31752e-06 0.0470551 0.703639
0.0110748 -1.33273e-06 0.0468912 0.527753
0.0110748 -1.34039e-06 0.0467273 0.351846
0.0110748 -1.35618e-06 0.0465633 0.175925
0.0110748 -1.37008e-06 0.0463992 -3.27694e-06
0.0110748 -1.37624e-06 0.0462351 -0.175931
0.0110748 -1.39324e-06 0.046071 -0.351852
0.0110748 -1.40232e-06 0.0459068 -0.52776
0.0110748 -1.41197e-06 0.0457426 -0.703646
0.0110747 -1.42042e-06 0.0455783 -0.879505
0.0110747 -1.43434e-06 0.045414 -1.05533
0.0110747 -1.44739e-06 0.0452497 -1.23111
0.0110747 -1.45362e-06 0.0450854 -1.40684
0.0110747 -1.46423e-06 0.044921 -1.58252
0.0110747 -1.46853e-06 0.0447565 -1.75814
0.0110747 -1.48215e-06 0.044592 -1.93368
0.0110746 -1.48736e-06 0.0444275 -2.10915
0.0110746 -1.4973e-06 0.0442628 -2.28454
0.0110746 -1.50054e-06 0.0440981 -2.45984
0.0110746 -1.51304e-06 0.0439334 -2.63504
0.0110746 -1.52302e-06 0.0437686 -2.81013
0.0110746 -1.52406e-06 0.0436038 -2.98512
0.0110745 -1.533e-06 0.043439 -3.15998
0.0110745 -1.54221e-06 0.0432742 -3.33472
0.0110745 -1.54641e-06 0.0431094 -3.50933
0.0110745 -1.55095e-06 0.0429446 -3.68381
0.0110745 -1.55599e-06 0.0427799 -3.85813
0.0110745 -1.55889e-06 0.0426152 -4.03231
0.0110745 -1.5663e-06 0.0424505 -4.20632
0.0110744 -1.56664e-06 0.0422859 -4.38017
0.0110744 -1.57452e-06 0.0421214 -4.55384
0.0110744 -1.58105e-06 0.0419569 -4.72734
0.0110744 -1.57925e-06 0.0417925 -4.90065
0.0110744 -1.58767e-06 0.0416281 -5.07376
0.0110744 -1.58525e-06 0.0414639 -5.24668
0.0110743 -1.59303e-06 0.0412997 -5.41939
0.0110743 -1.59141e-06 0.0411356 -5.59188
0.0110743 -1.59154e-06 0.0409717 -5.76416
0.0110743 -1.22518e-06 0.0408078 -5.9362
0.0110743 -1.58993e-06 0.0406441 -6.10801
0.0110743 -1.59791e-06 0.0404805 -6.27958
0.0110743 -1.23203e-06 0.0403169 -6.45091
0.0110742 -1.22917e-06 0.0401536 -6.62198
0.0110742 -1.59663e-06 0.0399904 -6.79278
0.0110742 -1.23885e-06 0.0398273 -6.96332
0.0110742 -1.59562e-06 0.0396644 -7.13358
0.0110742 -1.23345e-06 0.0395016 -7.30357
0.0110742 -1.24044e-06 0.039339 -7.47326
0.0110742 -1.59199e-06 0.0391766 -7.64266
0.0110741 -1.24287e-06 0.0390143 -7.81175
0.0110741 -1.5956e-06 0.0388523 -7.98054
0.0110741 -1.24387e-06 0.0386904 -8.14902
0.0110741 -1.58893e-06 0.0385288 -8.31717
0.0110741 -1.24446e-06 0.0383673 -8.48499
0.0110741 -1.58453e-06 0.0382061 -8.65248
0.0110741 -1.24083e-06 0.0380451 -8.81963
0.011074 -1.24081e-06 0.0378844 -8.98642
0.011074 -1.23999e-06 0.0377239 -9.15287
0.011074 -1.57368e-06 0.0375637 -9.31895
0.011074 -1.23712e-06 0.0374036 -9.48466
0.011074 -1.43128e-06 0.0372439 -9.65001
0.011074 -1.75976e-06 0.0370844 -9.81496
0.011074 -1.75191e-06 0.0369252 -9.97954
0.0110739 -1.40659e-06 0.0367662 -10.1437
0.0110739 -1.84697e-06 0.0366076 -10.3075
0.0110739 -1.49397e-06 0.0364491 -10.4709
0.0110739 -1.50165e-06 0.0362911 -10.6338
0.0110739 -1.50501e-06 0.0361332 -10.7964
0.0110739 -1.50919e-06 0.0359757 -10.9585
0.0110738 -1.51304e-06 0.0358186 -11.1201
0.0110738 -1.51597e-06 0.0356617 -11.2814
0.0110738 -1.51935e-06 0.0355051 -11.4422
0.0110738 -1.52508e-06 0.0353489 -11.6025
0.0110738 -1.52684e-06 0.0351929 -11.7624
0.0110738 -1.20187e-06 0.0350373 -11.9218
0.0110738 -1.53404e-06 0.034882 -12.0808
0.0110737 -1.53611e-06 0.0347271 -12.2392
0.0110737 -1.53807e-06 0.0345725 -12.3972
0.0110737 -1.1792e-06 0.0344183 -12.5547
0.0110737 -1.18149e-06 0.0342644 -12.7117
0.0110737 -8.63288e-07 0.0341108 -12.8682
0.0110737 -1.18975e-06 0.0339577 -13.0242
0.0110737 -1.19578e-06 0.0338049 -13.1797
0.0110737 -1.19959e-06 0.0336525 -13.3347
0.0110737 -8.8581e-07 0.0335005 -13.4891
0.0110736 -1.20693e-06 0.033349 -13.643
0.0110736 -8.46641e-07 0.0331978 -13.7964
0.0110736 -8.56147e-07 0.0330471 -13.9492
0.0110736 -8.63421e-07 0.0328967 -14.1015
0.0110736 -8.74006e-07 0.0327468 -14.2532
0.0110736 -8.81068e-07 0.0325974 -14.4043
0.0110736 -8.89116e-07 0.0324484 -14.5549
0.0110736 -8.95878e-07 0.0322999 -14.7049
0.0110736 -6.01073e-07 0.0321518 -14.8543
0.0110736 -9.11333e-07 0.0320043 -15.0032
0.0110736 -6.19823e-07 0.0318571 -15.1514
0.0110735 -9.31055e-07 0.0317105 -15.299
0.0110735 -6.3724e-07 0.0315643 -15.4461
0.0110735 -9.4547e-07 0.0314187 -15.5925
0.0110735 -6.55339e-07 0.0312735 -15.7383
0.0110735 -6.62952e-07 0.0311288 -15.8835
0.0110735 -9.67157e-07 0.0309847 -16.0281
0.0110735 -6.8171e-07 0.0308411 -16.172
0.0110735 -9.81311e-07 0.030698 -16.3153
0.0110735 -6.94817e-07 0.0305553 -16.458
0.0110735 -7.04321e-07 0.0304133 -16.6
0.0110735 -7.10926e-07 0.0302717 -16.7413
0.0110735 -1.00846e-06 0.0301307 -16.882
0.0110735 -7.26469e-07 0.0299902 -17.0221
0.0110734 -5.15492e-07 0.0298503 -17.1614
0.0110734 -5.2246e-07 0.0297109 -17.3001
0.0110734 -8.16422e-07 0.0295721 -17.4381
0.0110734 -5.43422e-07 0.0294337 -17.5754
0.0110734 -5.47274e-07 0.029296 -17.712
0.0110734 -8.3518e-07 0.0291588 -17.8479
0.0110734 -5.64796e-07 0.0290222 -17.9831
0.0110734 -5.72275e-07 0.0288861 -18.1176
0.0110734 -5.79804e-07 0.0287507 -18.2513
0.0110734 -5.8658e-07 0.0286158 -18.3844
0.0110734 -5.95571e-07 0.0284815 -18.5167
0.0110734 -6.01027e-07 0.0283479 -18.6483
0.0110734 -6.09011e-07 0.0282148 -18.7792
0.0110734 -6.16383e-07 0.0280823 -18.9093
0.0110734 -6.23841e-07 0.0279505 -19.0387
0.0110734 -6.32137e-07 0.0278193 -19.1673
0.0110734 -6.373e-07 0.0276888 -19.2952
0.0110733 -6.42094e-07 0.0275589 -19.4223
0.0110733 -6.49915e-07 0.0274296 -19.5486
0.0110733 -6.55084e-07 0.027301 -19.6742
0.0110733 -6.62374e-07 0.027173 -19.799
0.0110733 -6.69124e-07 0.0270457 -19.923
0.0110733 -6.76198e-07 0.0269191 -20.0462
0.0110733 -6.79001e-07 0.0267931 -20.1687
0.0110733 -6.84943e-07 0.0266678 -20.2903
0.0110733 -6.91634e-07 0.0265432 -20.4111
0.0110733 -6.98666e-07 0.0264193 -20.5312
0.0110733 -7.01473e-07 0.026296 -20.6504
0.0110733 -7.05579e-07 0.0261734 -20.7688
0.0110733 -7.12233e-07 0.0260515 -20.8864
0.0110733 -7.16622e-07 0.0259303 -21.0031
0.0110732 -7.20528e-07 0.0258098 -21.119
0.0110732 -7.23891e-07 0.02569 -21.2341
0.0110732 -7.28076e-07 0.0255709 -21.3484
0.0110732 -7.31683e-07 0.0254526 -21.4618
0.0110732 -7.36468e-07 0.025335 -21.5744
0.0110732 -7.41607e-07 0.025218 -21.6861
0.0110732 -7.42826e-07 0.0251019 -21.7969
0.0110732 -7.45937e-07 0.0249864 -21.9069
0.0110732 -7.48963e-07 0.0248717 -22.0161
0.0110732 -7.54245e-07 0.0247577 -22.1243
0.0110732 -7.56482e-07 0.0246445 -22.2317
0.0110732 -7.58066e-07 0.024532 -22.3382
0.0110732 -7.60831e-07 0.0244203 -22.4439
0.0110732 -7.64247e-07 0.0243094 -22.5486
0.0110731 -7.63782e-07 0.0241992 -22.6525
0.0110731 -7.65688e-07 0.0240898 -22.7554
0.0110731 -7.69659e-07 0.0239812 -22.8575
0.0110731 -7.72869e-07 0.0238734 -22.9587
0.0110731 -7.70209e-07 0.0237663 -23.0589
0.0110731 -7.7404e-07 0.02366 -23.1583
0.0110731 -7.76136e-07 0.0235546 -23.2567
0.0110731 -7.78564e-07 0.0234499 -23.3542
0.0110731 -7.74598e-07 0.023346 -23.4508
0.0110731 -7.7803e-07 0.023243 -23.5465
0.0110731 -7.78252e-07 0.0231407 -23.6412
0.0110731 -7.81534e-07 0.0230393 -23.735
0.0110731 -7.77527e-07 0.0229386 -23.8278
0.011073 -7.78168e-07 0.0228388 -23.9198
0.011073 -7.79631e-07 0.0227399 -24.0107
0.011073 -7.78291e-07 0.0226417 -24.1008
0.011073 -7.75674e-07 0.0225444 -24.1899
0.011073 -7.77249e-07 0.0224479 -24.278
0.011073 -7.78107e-07 0.0223523 -24.3651
0.011073 -7.75424e-07 0.0222575 -24.4514
0.011073 -7.75509e-07 0.0221636 -24.5366
0.011073 -7.74505e-07 0.0220705 -24.6209
0.011073 -7.70117e-07 0.0219783 -24.7042
0.011073 -7.70512e-07 0.0218869 -24.7865
0.011073 -7.69992e-07 0.0217964 -24.8678
0.011073 -7.66589e-07 0.0217068 -24.9482
0.0110729 -7.63042e-07 0.021618 -25.0276
0.0110729 -7.63599e-07 0.0215301 -25.106
0.0110729 -7.60696e-07 0.0214431 -25.1833
0.0110729 -7.60995e-07 0.021357 -25.2598
0.0110729 -1.04246e-06 0.0212717 -25.3352
0.0110729 -1.04027e-06 0.0211874 -25.4096
0.0110729 -1.04208e-06 0.0211039 -25.483
0.0110729 -1.04214e-06 0.0210214 -25.5554
0.0110729 -1.0395e-06 0.0209397 -25.6268
0.0110729 -1.03824e-06 0.020859 -25.6971
0.0110728 -1.03469e-06 0.0207792 -25.7665
0.0110728 -1.03391e-06 0.0207003 -25.8348
0.0110728 -1.02983e-06 0.0206223 -25.9022
0.0110728 -1.0287e-06 0.0205452 -25.9685
0.0110728 -1.02636e-06 0.020469 -26.0337
0.0110728 -1.02299e-06 0.0203938 -26.098
0.0110728 -1.02019e-06 0.0203194 -26.1612
0.0110728 -1.01389e-06 0.020246 -26.2234
0.0110728 -1.01177e-06 0.0201735 -26.2845
0.0110728 -1.0059e-06 0.0201019 -26.3447
0.0110727 -1.00277e-06 0.0200313 -26.4037
0.0110727 -9.97324e-07 0.0199615 -26.4618
0.0110727 -9.92793e-07 0.0198927 -26.5188
0.0110727 -9.8902e-07 0.0198248 -26.5747
0.0110727 -9.81814e-07 0.0197579 -26.6296
0.0110727 -9.76875e-07 0.0196919 -26.6834
0.0110727 -9.70554e-07 0.0196268 -26.7362
0.0110727 -9.64005e-07 0.0195627 -26.7879
0.0110727 -9.56472e-07 0.0194996 -26.8386
0.0110727 -9.50584e-07 0.0194374 -26.8882
0.0110726 -9.43342e-07 0.0193762 -26.9368
0.0110726 -9.37964e-07 0.019316 -26.9843
0.0110726 -9.30367e-07 0.0192567 -27.0307
0.0110726 -9.24375e-07 0.0191984 -27.076
0.0110726 -9.18174e-07 0.0191411 -27.1203
0.0110726 -1.16531e-06 0.0190848 -27.1635
0.0110726 -9.22851e-07 0.0190294 -27.2057
0.0110726 -9.14926e-07 0.018975 -27.2468
0.0110726 -9.07244e-07 0.0189216 -27.2868
0.0110726 -8.9984e-07 0.0188692 -27.3257
0.0110726 -8.92017e-07 0.0188178 -27.3635
0.0110725 -8.83716e-07 0.0187673 -27.4003
0.0110725 -8.75508e-07 0.0187179 -27.4359
0.0110725 -8.67307e-07 0.0186694 -27.4705
0.0110725 -8.58699e-07 0.0186219 -27.504
0.0110725 -8.4881e-07 0.0185754 -27.5365
0.0110725 -8.41216e-07 0.0185299 -27.5678
0.0110725 -8.31851e-07 0.0184854 -27.598
0.0110725 -8.23132e-07 0.0184419 -27.6272
0.0110725 -8.14171e-07 0.0183994 -27.6553
0.0110725 -8.04163e-07 0.0183579 -27.6822
0.0110725 -7.94076e-07 0.0183174 -27.7081
0.0110725 -7.84555e-07 0.0182779 -27.7329
0.0110724 -7.75899e-07 0.0182394 -27.7566
0.0110724 -7.67589e-07 0.0182019 -27.7792
0.0110724 -7.56603e-07 0.0181654 -27.8007
0.0110724 -7.45539e-07 0.0181299 -27.8211
0.0110724 -7.36123e-07 0.0180955 -27.8404
0.0110724 -7.23968e-07 0.018062 -27.8586
0.0110724 -5.56808e-07 0.0180296 -27.8757
0.0110724 -5.47374e-07 0.0179982 -27.8917
0.0110724 -5.39407e-07 0.0179678 -27.9066
0.0110724 -5.32106e-07 0.0179384 -27.9204
0.0110724 -5.22413e-07 0.0179101 -27.9332
0.0110724 -5.15159e-07 0.0178827 -27.9447
0.0110724 -5.06609e-07 0.0178564 -27.9552
0.0110724 -4.98072e-07 0.0178311 -27.9646
0.0110724 -4.8897e-07 0.0178068 -27.9729
0.0110724 -4.82143e-07 0.0177835 -27.9801
0.0110724 -4.74978e-07 0.0177613 -27.9862
0.0110723 -4.6417e-07 0.0177401 -27.9912
0.0110723 -4.55056e-07 0.0177199 -27.995
0.0110723 -4.47367e-07 0.0177008 -27.9978
0.0110723 -4.40566e-07 0.0176827 -27.9994
0.0110723 -4.30574e-07 0.0176656 -28
0.0110723 -4.18802e-07 0.0176496 -27.9994
0.0110723 -4.11748e-07 0.0176346 -27.9978
0.0110723 -4.04373e-07 0.0176207 -27.995
0.0110723 -3.94383e-07 0.0176078 -27.9912
0.0110723 -3.86771e-07 0.0175959 -27.9862
0.0110723 -3.76995e-07 0.017585 -27.9801
0.0110723 -3.69312e-07 0.0175752 -27.9729
0.0110723 -3.59193e-07 0.0175665 -27.9646
0.0110723 -3.5168e-07 0.0175587 -27.9552
0.0110723 -3.41297e-07 0.017552 -27.9447
0.0110723 -3.33547e-07 0.0175463 -27.9331
0.0110723 -3.25804e-07 0.0175417 -27.9204
0.0110723 -3.15377e-07 0.0175381 -27.9066
0.0110723 -3.0759e-07 0.0175355 -27.8917
0.0110723 -7.47828e-07 0.017534 -27.8757
0.0110723 -7.46042e-07 0.0175335 -27.8586
0.0110723 -7.43239e-07 0.017534 -27.8404
0.0110722 -7.40365e-07 0.0175356 -27.8211
0.0110722 -7.37419e-07 0.0175382 -27.8007
0.0110722 -7.34407e-07 0.0175419 -27.7792
0.0110722 -7.31325e-07 0.0175466 -27.7566
0.0110722 -7.28168e-07 0.0175524 -27.7329
0.0110722 -7.24945e-07 0.0175592 -27.7081
0.0110722 -7.21655e-07 0.017567 -27.6822
0.0110722 -7.18289e-07 0.0175759 -27.6553
0.0110722 -7.14861e-07 0.0175858 -27.6272
0.0110722 -7.11364e-07 0.0175968 -27.598
0.0110722 -7.07798e-07 0.0176087 -27.5678
0.0110722 -7.04164e-07 0.0176217 -27.5365
0.0110722 -7.00461e-07 0.0176357 -27.504
0.0110722 -6.96692e-07 0.0176507 -27.4705
0.0110721 -6.9286e-07 0.0176667 -27.4359
0.0110721 -6.88955e-07 0.0176837 -27.4003
0.0110721 -6.8499e-07 0.0177017 -27.3635
0.0110721 -6.80952e-07 0.0177207 -27.3257
0.0110721 -6.76855e-07 0.0177408 -27.2868
0.0110721 -6.72686e-07 0.0177619 -27.2468
0.0110721 -6.68454e-07 0.017784 -27.2057
0.0110721 -6.64161e-07 0.0178071 -27.1635
0.0110721 -6.59799e-07 0.0178313 -27.1203
0.0110721 -6.55374e-07 0.0178565 -27.076
0.0110721 -6.50884e-07 0.0178828 -27.0307
0.0110721 -4.01914e-07 0.01791 -26.9843
0.0110721 -6.42071e-07 0.0179384 -26.9368
0.0110721 -6.37871e-07 0.0179677 -26.8882
0.0110721 -6.33125e-07 0.017998 -26.8386
0.0110721 -6.28315e-07 0.0180294 -26.7879
0.011072 -6.2344e-07 0.0180618 -26.7362
0.011072 -6.18506e-07 0.0180952 -26.6834
0.011072 -6.13513e-07 0.0181296 -26.6296
0.011072 -6.08455e-07 0.0181651 -26.5747
0.011072 -6.03333e-07 0.0182015 -26.5188
0.011072 -5.98154e-07 0.018239 -26.4618
0.011072 -5.92913e-07 0.0182775 -26.4037
0.011072 -5.87616e-07 0.0183169 -26.3447
0.011072 -5.82255e-07 0.0183574 -26.2845
0.011072 -5.76834e-07 0.0183989 -26.2234
0.011072 -5.71355e-07 0.0184414 -26.1612
0.011072 -5.65816e-07 0.0184849 -26.098
0.011072 -5.60218e-07 0.0185294 -26.0337
0.011072 -5.54563e-07 0.0185749 -25.9685
0.011072 -5.48849e-07 0.0186214 -25.9022
0.011072 -5.43077e-07 0.0186688 -25.8348
0.011072 -5.37246e-07 0.0187173 -25.7665
0.0110719 -5.31363e-07 0.0187668 -25.6971
0.0110719 -5.2542e-07 0.0188172 -25.6268
0.0110719 -5.19421e-07 0.0188686 -25.5554
0.0110719 -5.13366e-07 0.018921 -25.483
0.0110719 -5.07254e-07 0.0189744 -25.4096
0.0110719 -5.01089e-07 0.0190287 -25.3352
0.0110719 -4.94866e-07 0.0190841 -25.2597
0.0110719 -4.8859e-07 0.0191404 -25.1833
0.0110719 -4.82263e-07 0.0191976 -25.1059
0.0110719 -4.75879e-07 0.0192559 -25.0276
0.0110719 -2.00043e-07 0.0193151 -24.9482
0.0110719 -1.93735e-07 0.0193753 -24.8678
0.0110719 -1.88435e-07 0.0194364 -24.7865
0.0110719 -1.84139e-07 0.0194985 -24.7042
0.0110719 -1.79804e-07 0.0195615 -24.6209
0.0110719 -6.19963e-07 0.0196256 -24.5366
0.0110719 -6.15359e-07 0.0196905 -24.4513
0.0110719 -4.101e-07 0.0197564 -24.3651
0.0110719 -6.66623e-07 0.0198233 -24.278
0.0110719 -6.62094e-07 0.0198911 -24.1899
0.0110719 -6.56993e-07 0.0199599 -24.1008
0.0110719 -6.51832e-07 0.0200296 -24.0107
0.0110718 -6.46617e-07 0.0201003 -23.9198
0.0110718 -6.41344e-07 0.0201719 -23.8278
0.0110718 -6.36018e-07 0.0202445 -23.735
0.0110718 -6.30633e-07 0.020318 -23.6412
0.0110718 -6.25194e-07 0.0203925 -23.5464
0.0110718 -6.19703e-07 0.0204679 -23.4508
0.0110718 -6.14156e-07 0.0205442 -23.3542
0.0110718 -6.08551e-07 0.0206214 -23.2567
0.0110718 -6.02896e-07 0.0206995 -23.1583
0.0110718 -5.97183e-07 0.0207785 -23.0589
0.0110718 -5.91421e-07 0.0208584 -22.9587
0.0110718 -5.85603e-07 0.0209391 -22.8575
0.0110718 -5.7973e-07 0.0210208 -22.7554
0.0110718 -5.73811e-07 0.0211033 -22.6525
0.0110718 -5.67833e-07 0.0211867 -22.5486
0.0110718 -5.61807e-07 0.021271 -22.4439
0.0110717 -5.55726e-07 0.0213561 -22.3382
0.0110717 -5.49592e-07 0.0214422 -22.2317
0.0110717 -5.43413e-07 0.0215291 -22.1243
0.0110717 -5.37184e-07 0.0216169 -22.0161
0.0110717 -5.30899e-07 0.0217056 -21.9069
0.0110717 -5.24567e-07 0.0217952 -21.7969
0.0110717 -5.18187e-07 0.0218856 -21.6861
0.0110717 -5.11754e-07 0.0219769 -21.5744
0.0110717 -5.05276e-07 0.0220691 -21.4618
0.0110717 -4.98747e-07 0.0221622 -21.3484
0.0110717 -4.9217e-07 0.0222561 -21.2341
0.0110717 -4.85545e-07 0.0223508 -21.119
0.0110717 -4.78868e-07 0.0224464 -21.0031
0.0110717 -4.7215e-07 0.0225429 -20.8863
0.0110717 -4.65381e-07 0.0226402 -20.7688
0.0110717 -4.58572e-07 0.0227383 -20.6504
0.0110717 -4.51713e-07 0.0228373 -20.5311
0.0110717 -4.44807e-07 0.0229371 -20.4111
0.0110717 -4.37856e-07 0.0230377 -20.2903
0.0110717 -4.30857e-07 0.0231391 -20.1686
0.0110717 -4.23819e-07 0.0232413 -20.0462
0.0110716 -4.16731e-07 0.0233444 -19.923
0.0110716 -4.09604e-07 0.0234482 -19.799
0.0110716 -4.02428e-07 0.0235529 -19.6742
0.0110716 -3.95214e-07 0.0236583 -19.5486
0.0110716 -3.8795e-07 0.0237646 -19.4223
0.0110716 -3.80652e-07 0.0238716 -19.2952
0.0110716 -3.73307e-07 0.0239794 -19.1673
0.0110716 -3.65921e-07 0.0240881 -19.0387
0.0110716 -3.58488e-07 0.0241974 -18.9093
0.0110716 -3.51018e-07 0.0243076 -18.7792
0.0110716 -3.43513e-07 0.0244185 -18.6483
0.0110716 -6.31947e-08 0.0245302 -18.5167
0.0110716 -5.62955e-08 0.0246426 -18.3844
0.0110716 -4.98604e-08 0.0247558 -18.2513
0.0110716 -4.3394e-08 0.0248697 -18.1176
0.0110716 -3.68987e-08 0.0249844 -17.9831
0.0110716 -3.03743e-08 0.0250998 -17.8479
0.0110716 -2.38187e-08 0.0252159 -17.712
0.0110716 -1.72402e-08 0.0253328 -17.5754
0.0110716 -1.06311e-08 0.0254504 -17.4381
0.0110716 -2.72188e-07 0.0255687 -17.3001
0.0110716 -2.64765e-07 0.0256878 -17.1614
0.0110716 -2.56776e-07 0.0258075 -17.022
0.0110716 -2.48751e-07 0.025928 -16.882
0.0110716 -2.40694e-07 0.0260492 -16.7413
0.0110716 -2.32596e-07 0.0261711 -16.6
0.0110716 -2.24469e-07 0.0262938 -16.458
0.0110716 -2.16303e-07 0.0264171 -16.3153
0.0110716 -2.08105e-07 0.0265411 -16.172
0.0110716 -1.99877e-07 0.0266659 -16.0281
0.0110716 -1.9161e-07 0.0267913 -15.8835
0.0110716 -1.83319e-07 0.0269174 -15.7383
0.0110716 -1.74985e-07 0.0270442 -15.5925
0.0110716 -1.66624e-07 0.0271716 -15.4461
0.0110716 -1.58234e-07 0.0272996 -15.299
0.0110716 -1.49808e-07 0.0274283 -15.1514
0.0110716 -1.41357e-07 0.0275576 -15.0031
0.0110716 1.28879e-07 0.0276875 -14.8543
0.0110716 -1.24546e-07 0.0278181 -14.7049
0.0110716 -1.16519e-07 0.0279492 -14.5549
0.0110716 -1.0794e-07 0.028081 -14.4043
0.0110716 -9.93418e-08 0.0282134 -14.2532
0.0110716 -9.07055e-08 0.0283463 -14.1014
0.0110716 -8.20458e-08 0.0284799 -13.9492
0.0110716 -7.33621e-08 0.0286141 -13.7964
0.0110716 -6.4646e-08 0.0287489 -13.643
0.0110716 -5.59059e-08 0.0288843 -13.4891
0.0110716 -4.71404e-08 0.0290203 -13.3347
0.0110716 -3.83475e-08 0.0291569 -13.1797
0.0110716 -2.95301e-08 0.0292941 -13.0242
0.0110716 -2.06881e-08 0.0294319 -12.8682
0.0110716 -1.18236e-08 0.0295702 -12.7117
0.0110716 -2.9357e-09 0.0297091 -12.5547
0.0110716 5.98464e-09 0.0298485 -12.3972
0.0110716 1.49222e-08 0.0299885 -12.2392
0.0110716 2.3883e-08 0.0301291 -12.0808
0.0110716 3.28606e-08 0.0302702 -11.9218
0.0110716 4.18709e-08 0.0304118 -11.7624
0.0110716 5.08922e-08 0.0305539 -11.6025
0.0110716 -1.69941e-07 0.0306966 -11.4422
0.0110716 6.91856e-08 0.0308397 -11.2814
0.0110716 -1.52158e-07 0.0309834 -11.1201
0.0110716 8.80124e-08 0.0311276 -10.9585
0.0110716 -1.34301e-07 0.0312723 -10.7963
0.0110716 1.06916e-07 0.0314175 -10.6338
0.0110716 -1.16388e-07 0.0315632 -10.4709
0.0110716 -1.07519e-07 0.0317093 -10.3075
0.0110716 1.35727e-07 0.031856 -10.1437
0.0110716 -8.90868e-08 0.0320031 -9.97953
0.0110716 -8.01836e-08 0.0321507 -9.81496
0.0110716 -7.08216e-08 0.0322987 -9.65
0.0110716 1.7459e-07 0.0324472 -9.48466
0.0110716 -5.2286e-08 0.0325961 -9.31894
0.0110716 -4.33316e-08 0.0327455 -9.15286
0.0110716 2.03246e-07 0.0328953 -8.98642
0.0110716 4.47837e-07 0.0330455 -8.81962
0.0110716 2.1861e-07 0.0331961 -8.65247
0.0110716 -7.79378e-09 0.0333472 -8.48498
0.0110716 1.21958e-09 0.0334986 -8.31716
0.0110716 2.42864e-07 0.0336505 -8.14901
0.0110716 1.99522e-08 0.0338027 -7.98054
0.0110716 2.90022e-08 0.0339553 -7.81175
0.0110716 3.84907e-08 0.0341084 -7.64265
0.0110716 4.79843e-08 0.0342618 -7.47325
0.0110716 5.74902e-08 0.0344156 -7.30356
0.0110716 6.69973e-08 0.0345697 -7.13358
0.0110716 7.65163e-08 0.0347243 -6.96331
0.0110716 8.60353e-08 0.0348792 -6.79277
0.0110716 9.55657e-08 0.0350345 -6.62197
0.0110716 1.05095e-07 0.0351901 -6.4509
0.0110716 1.14635e-07 0.035346 -6.27958
0.0110716 1.24173e-07 0.0355024 -6.10801
0.0110716 1.33718e-07 0.035659 -5.93619
0.0110716 1.43269e-07 0.0358159 -5.76415
0.0110716 1.52817e-07 0.0359732 -5.59188
0.0110716 1.62374e-07 0.0361308 -5.41938
0.0110716 1.7193e-07 0.0362886 -5.24667
0.0110716 1.81487e-07 0.0364467 -5.07376
0.0110716 1.91044e-07 0.0366052 -4.90064
0.0110716 2.00606e-07 0.0367638 -4.72733
0.0110716 2.10167e-07 0.0369228 -4.55384
0.0110716 2.19728e-07 0.037082 -4.38016
0.0110716 2.29288e-07 0.0372415 -4.20631
0.0110716 2.38848e-07 0.0374013 -4.0323
0.0110716 2.48407e-07 0.0375612 -3.85812
0.0110716 2.57962e-07 0.0377215 -3.6838
0.0110716 2.6752e-07 0.037882 -3.50933
0.0110716 2.77074e-07 0.0380427 -3.33472
0.0110716 2.86624e-07 0.0382037 -3.15997
0.0110716 2.96172e-07 0.0383648 -2.98511
0.0110716 3.05714e-07 0.0385263 -2.81012
0.0110716 3.15257e-07 0.0386878 -2.63503
0.0110716 3.24791e-07 0.0388497 -2.45983
0.0110716 3.34325e-07 0.0390117 -2.28453
0.0110716 3.43851e-07 0.0391738 -2.10915
0.0110716 3.5337e-07 0.0393362 -1.93368
0.0110716 3.62888e-07 0.0394988 -1.75813
0.0110716 3.72395e-07 0.0396615 -1.58251
0.0110716 3.819e-07 0.0398243 -1.40684
0.0110717 3.91395e-07 0.0399874 -1.2311
0.0110717 5.94965e-07 0.0401505 -1.05532
0.0110717 6.03601e-07 0.0403139 -0.879497
0.0110717 6.11892e-07 0.0404773 -0.703638
0.0110717 6.20167e-07 0.0406409 -0.527752
0.0110717 6.28426e-07 0.0408046 -0.351845
0.0110717 6.3667e-07 0.0409684 -0.175923
0.0110717 6.44897e-07 0.0411323 4.58771e-06
0.0110717 6.53107e-07 0.0412963 0.175933
0.0110717 4.73625e-07 0.0414604 0.351854
0.0110717 4.83797e-07 0.0416246 0.527761
0.0110717 4.94313e-07 0.0417889 0.703647
0.0110717 5.04819e-07 0.0419533 0.879506
0.0110717 5.15314e-07 0.0421178 1.05533
0.0110717 5.25799e-07 0.0422823 1.23111
0.0110717 5.36271e-07 0.0424469 1.40685
0.0110717 5.46732e-07 0.0426116 1.58252
0.0110717 5.5718e-07 0.0427763 1.75814
0.0110718 5.67616e-07 0.0429411 1.93369
0.0110718 5.78038e-07 0.0431059 2.10916
0.0110718 5.88447e-07 0.0432708 2.28454
0.0110718 5.98841e-07 0.0434356 2.45984
0.0110718 6.09221e-07 0.0436005 2.63504
0.0110718 6.19586e-07 0.0437654 2.81013
0.0110718 6.29936e-07 0.0439303 2.98512
0.0110718 6.4027e-07 0.0440951 3.15998
0.0110718 6.50587e-07 0.0442599 3.33473
0.0110718 6.60888e-07 0.0444247 3.50934
0.0110718 6.71171e-07 0.0445895 3.68381
0.0110718 6.81437e-07 0.0447542 3.85813
0.0110718 6.91685e-07 0.0449188 4.03231
0.0110718 7.01915e-07 0.0450834 4.20632
0.0110718 7.12123e-07 0.045248 4.38017
0.0110719 7.22311e-07 0.0454125 4.55385
0.0110719 7.32488e-07 0.045577 4.72734
0.0110719 8.79878e-07 0.0457413 4.90065
0.0110719 8.87675e-07 0.0459056 5.07377
0.0110719 7.62646e-07 0.0460698 5.24668
0.0110719 7.72483e-07 0.046234 5.41939
0.0110719 7.82548e-07 0.046398 5.59188
0.0110719 7.92595e-07 0.0465619 5.76416
0.0110719 8.02619e-07 0.0467258 5.9362
0.0110719 8.12619e-07 0.0468895 6.10802
0.0110719 8.22595e-07 0.0470531 6.27959
0.0110719 8.32548e-07 0.0472165 6.45091
0.0110719 8.42476e-07 0.0473798 6.62198
0.011072 8.52383e-07 0.047543 6.79278
0.011072 8.62264e-07 0.0477061 6.96332
0.011072 8.72118e-07 0.047869 7.13358
0.011072 8.81947e-07 0.0480317 7.30357
0.011072 8.91747e-07 0.0481943 7.47326
0.011072 9.01523e-07 0.0483567 7.64266
0.011072 9.1127e-07 0.0485189 7.81176
0.011072 9.20991e-07 0.0486809 7.98054
0.011072 9.31041e-07 0.0488427 8.14902
0.011072 9.40733e-07 0.0490043 8.31717
0.011072 9.50393e-07 0.0491657 8.48499
0.0110721 9.60021e-07 0.0493269 8.65248
0.0110721 1.05423e-06 0.0494879 8.81963
0.0110721 9.79205e-07 0.0496487 8.98643
0.0110721 9.8859e-07 0.0498092 9.15287
0.0110721 9.98104e-07 0.0499694 9.31895
0.0110721 1.00759e-06 0.0501295 9.48467
0.0110721 1.01703e-06 0.0502892 9.65001
0.0110721 1.02645e-06 0.0504487 9.81497
0.0110721 1.03584e-06 0.050608 9.97954
0.0110721 1.10993e-06 0.050767 10.1437
0.0110722 1.11664e-06 0.0509257 10.3075
0.0110722 1.06369e-06 0.0510841 10.4709
0.0110722 1.07282e-06 0.0512423 10.6338
0.0110722 1.08204e-06 0.0514001 10.7964
0.0110722 1.09122e-06 0.0515576 10.9585
0.0110722 1.10037e-06 0.0517149 11.1201
0.0110722 1.10949e-06 0.0518718 11.2814
0.0110722 1.12056e-06 0.0520284 11.4422
0.0110722 1.13232e-06 0.0521847 11.6025
0.0110723 1.14405e-06 0.0523406 11.7624
0.0110723 1.15575e-06 0.0524963 11.9218
0.0110723 1.16742e-06 0.0526515 12.0808
0.0110723 1.21201e-06 0.0528064 12.2392
0.0110723 1.2201e-06 0.052961 12.3972
0.0110723 1.22808e-06 0.0531152 12.5547
0.0110723 1.23603e-06 0.053269 12.7117
0.0110723 1.24393e-06 0.0534225 12.8682
0.0110724 1.25179e-06 0.0535755 13.0242
0.0110724 1.25961e-06 0.0537282 13.1797
0.0110724 1.26004e-06 0.0538805 13.3347
0.0110724 1.2721e-06 0.0540324 13.4891
0.0110724 1.28415e-06 0.0541838 13.643
0.0110724 1.29617e-06 0.0543349 13.7964
0.0110724 1.30818e-06 0.0544856 13.9492
0.0110724 1.31831e-06 0.0546358 14.1015
0.0110725 1.32992e-06 0.0547856 14.2532
0.0110725 1.34208e-06 0.0549349 14.4043
0.0110725 1.35609e-06 0.0550839 14.5549
0.0110725 1.36792e-06 0.0552323 14.7049
0.0110725 1.37996e-06 0.0553804 14.8543
0.0110725 1.39169e-06 0.0555279 15.0032
0.0110725 1.40363e-06 0.0556751 15.1514
0.0110726 1.41529e-06 0.0558217 15.299
0.0110726 1.42668e-06 0.0559679 15.4461
0.0110726 1.4385e-06 0.0561135 15.5925
0.0110726 1.45006e-06 0.0562587 15.7383
0.0110726 1.46175e-06 0.0564034 15.8835
0.0110726 1.4732e-06 0.0565476 16.0281
0.0110726 1.4848e-06 0.0566913 16.172
0.0110727 1.49616e-06 0.0568345 16.3153
0.0110727 1.50685e-06 0.0569772 16.458
0.0110727 1.56662e-06 0.0571193 16.6
0.0110727 1.57714e-06 0.0572609 16.7413
0.0110727 1.58748e-06 0.057402 16.882
0.0110727 1.59771e-06 0.0575425 17.0221
0.0110728 1.60798e-06 0.0576825 17.1614
0.0110728 1.61815e-06 0.057822 17.3001
0.0110728 1.62816e-06 0.0579609 17.4381
0.0110728 1.63815e-06 0.0580992 17.5754
0.0110728 1.64805e-06 0.058237 17.712
0.0110728 1.65781e-06 0.0583742 17.8479
0.0110729 1.66976e-06 0.0585108 17.9831
0.0110729 1.70223e-06 0.0586468 18.1176
0.0110729 1.71195e-06 0.0587823 18.2513
0.0110729 1.72189e-06 0.0589171 18.3844
0.0110729 1.73157e-06 0.0590514 18.5167
0.0110729 1.74186e-06 0.0591851 18.6483
0.011073 1.75122e-06 0.0593181 18.7792
0.011073 1.7608e-06 0.0594505 18.9093
0.011073 1.7707e-06 0.0595824 19.0387
0.011073 1.78013e-06 0.0597136 19.1673
0.011073 1.7892e-06 0.0598441 19.2952
0.011073 1.79897e-06 0.0599741 19.4223
0.0110731 1.80794e-06 0.0601034 19.5486
0.0110731 1.8168e-06 0.060232 19.6742
0.0110731 1.82579e-06 0.0603601 19.799
0.0110731 1.83503e-06 0.0604874 19.923
0.0110731 1.84395e-06 0.0606141 20.0462
0.0110732 1.85264e-06 0.0607401 20.1687
0.0110732 1.86169e-06 0.0608655 20.2903
0.0110732 1.87022e-06 0.0609902 20.4111
0.0110732 1.87827e-06 0.0611142 20.5312
0.0110732 1.88751e-06 0.0612375 20.6504
0.0110732 1.77041e-06 0.0613601 20.7688
0.0110733 2.01418e-06 0.061482 20.8864
0.0110733 2.02631e-06 0.0616033 21.0031
0.0110733 2.04051e-06 0.0617238 21.119
0.0110733 2.05238e-06 0.0618436 21.2341
0.0110733 2.06454e-06 0.0619627 21.3484
0.0110734 2.07741e-06 0.0620811 21.4618
0.0110734 2.08902e-06 0.0621987 21.5744
0.0110734 2.10177e-06 0.0623156 21.6861
0.0110734 2.11335e-06 0.0624318 21.7969
0.0110735 2.12582e-06 0.0625472 21.9069
0.0110735 2.13647e-06 0.0626619 22.0161
0.0110735 2.14807e-06 0.0627759 22.1243
0.0110735 2.15978e-06 0.0628891 22.2317
0.0110735 2.17108e-06 0.0630015 22.3382
0.0110736 2.1813e-06 0.0631132 22.4439
0.0110736 2.19282e-06 0.0632242 22.5486
0.0110736 2.20426e-06 0.0633343 22.6525
0.0110736 2.29462e-06 0.0634437 22.7554
0.0110737 2.30597e-06 0.0635523 22.8575
0.0110737 2.7532e-06 0.0636602 22.9587
0.0110737 2.76575e-06 0.0637672 23.0589
0.0110737 2.77657e-06 0.0638735 23.1583
0.0110738 2.78873e-06 0.063979 23.2567
0.0110738 2.79897e-06 0.0640836 23.3542
0.0110738 2.80992e-06 0.0641874 23.4508
0.0110738 2.81943e-06 0.0642904 23.5465
0.0110739 2.83028e-06 0.0643926 23.6412
0.0110739 2.83939e-06 0.064494 23.735
0.0110739 2.84915e-06 0.0645946 23.8278
0.011074 2.85806e-06 0.0646943 23.9198
0.011074 2.86979e-06 0.0647932 24.0107
0.011074 2.88372e-06 0.0648913 24.1008
0.011074 2.89748e-06 0.0649886 24.1899
0.0110741 2.90971e-06 0.065085 24.278
0.0110741 2.92331e-06 0.0651807 24.3651
0.0110741 2.93594e-06 0.0652755 24.4514
0.0110742 2.94856e-06 0.0653695 24.5366
0.0110742 2.9614e-06 0.0654626 24.6209
0.0110742 2.97359e-06 0.0655549 24.7042
0.0110743 2.98523e-06 0.0656464 24.7865
0.0110743 3.63039e-06 0.065737 24.8678
0.0110743 3.7825e-06 0.0658267 24.9482
0.0110744 3.62001e-06 0.0659156 25.0276
0.0110744 3.63969e-06 0.0660035 25.106
0.0110744 3.66144e-06 0.0660905 25.1833
0.0110745 3.68124e-06 0.0661767 25.2598
0.0110745 3.70131e-06 0.0662619 25.3352
0.0110745 3.72433e-06 0.0663462 25.4096
0.0110746 3.7461e-06 0.0664295 25.483
0.0110746 3.76575e-06 0.066512 25.5554
0.0110747 3.78724e-06 0.0665936 25.6268
0.0110747 3.80853e-06 0.0666743 25.6971
0.0110747 3.82797e-06 0.0667541 25.7665
0.0110748 3.84994e-06 0.066833 25.8348
0.0110748 3.87066e-06 0.066911 25.9022
0.0110749 3.89166e-06 0.0669882 25.9685
0.0110749 3.91269e-06 0.0670644 26.0337
0.0110749 3.93246e-06 0.0671398 26.098
0.011075 3.95305e-06 0.0672142 26.1612
0.011075 3.97499e-06 0.0672878 26.2234
0.0110751 3.99482e-06 0.0673604 26.2845
0.0110751 4.01526e-06 0.0674321 26.3447
0.0110751 4.03496e-06 0.0675029 26.4037
0.0110752 4.05463e-06 0.0675728 26.4618
0.0110752 4.07498e-06 0.0676417 26.5188
0.0110753 4.09478e-06 0.0677096 26.5747
0.0110753 4.11511e-06 0.0677766 26.6296
0.0110753 4.13314e-06 0.0678426 26.6834
0.0110754 4.15218e-06 0.0679077 26.7362
0.0110754 4.17132e-06 0.0679717 26.7879
0.0110755 4.19041e-06 0.0680349 26.8386
0.0110755 4.21089e-06 0.0680971 26.8882
0.0110755 4.22822e-06 0.0681583 26.9368
0.0110756 4.24677e-06 0.0682185 26.9843
0.0110756 4.26599e-06 0.0682778 27.0307
0.0110757 4.28257e-06 0.0683361 27.076
0.0110757 4.30017e-06 0.0683934 27.1203
0.0110758 4.31704e-06 0.0684497 27.1635
0.0110758 4.33473e-06 0.0685051 27.2057
0.0110758 4.35112e-06 0.0685595 27.2468
0.0110759 4.36832e-06 0.068613 27.2868
0.0110759 4.38427e-06 0.0686654 27.3257
0.011076 4.40022e-06 0.0687169 27.3635
0.011076 4.41605e-06 0.0687674 27.4003
0.0110761 4.43182e-06 0.0688169 27.4359
0.0110761 4.44549e-06 0.0688654 27.4705
0.0110762 4.45971e-06 0.0689129 27.504
0.0110762 4.47421e-06 0.0689594 27.5365
0.0110762 4.48889e-06 0.069005 27.5678
0.0110763 4.50219e-06 0.0690495 27.598
0.0110763 4.51459e-06 0.069093 27.6272
0.0110764 4.52819e-06 0.0691356 27.6553
0.0110764 4.53983e-06 0.0691771 27.6822
0.0110765 4.55207e-06 0.0692177 27.7081
0.0110765 4.5631e-06 0.0692572 27.7329
0.0110766 4.57462e-06 0.0692957 27.7566
0.0110766 4.58479e-06 0.0693332 27.7792
0.0110767 4.59518e-06 0.0693697 27.8007
0.0110767 4.60428e-06 0.0694052 27.8211
0.0110767 4.61354e-06 0.0694397 27.8404
0.0110768 4.6222e-06 0.0694732 27.8586
0.0110768 4.63052e-06 0.0695057 27.8757
0.0110769 4.63832e-06 0.0695371 27.8917
0.0110769 4.64496e-06 0.0695675 27.9066
0.011077 4.65107e-06 0.069597 27.9204
0.011077 4.65749e-06 0.0696253 27.9332
0.0110771 4.66318e-06 0.0696527 27.9447
0.0110771 4.6672e-06 0.0696791 27.9552
0.0110772 4.6724e-06 0.0697044 27.9646
0.0110772 4.67618e-06 0.0697287 27.9729
0.0110773 4.67943e-06 0.069752 27.9801
0.0110773 4.68169e-06 0.0697742 27.9862
0.0110774 4.68434e-06 0.0697955 27.9912
0.0110774 4.68585e-06 0.0698157 27.995
0.0110774 4.687e-06 0.0698348 27.9978
0.0110775 4.68681e-06 0.069853 27.9994
0.0110775 4.68707e-06 0.0698701 28
0.0110776 4.68511e-06 0.0698862 27.9994
0.0110776 4.68369e-06 0.0699012 27.9978
0.0110777 4.68212e-06 0.0699153 27.995
0.0110777 4.67782e-06 0.0699282 27.9912
0.0110778 4.67374e-06 0.0699402 27.9862
0.0110778 4.66977e-06 0.0699511 27.9801
0.0110779 4.66404e-06 0.069961 27.9729
0.0110779 4.65719e-06 0.0699699 27.9646
0.011078 4.65134e-06 0.0699777 27.9552
0.011078 4.64344e-06 0.0699845 27.9447
0.0110781 4.63414e-06 0.0699903 27.9331
0.0110781 4.62559e-06 0.069995 27.9204
0.0110781 4.61457e-06 0.0699987 27.9066
0.0110782 4.60337e-06 0.0700013 27.8917
0.0110782 4.59075e-06 0.0700029 27.8757
0.0110783 4.57894e-06 0.0700035 27.8586
0.0110783 4.56452e-06 0.0700031 27.8404
0.0110784 4.54918e-06 0.0700016 27.8211
0.0110784 4.53284e-06 0.069999 27.8007
0.0110785 4.51667e-06 0.0699955 27.7792
0.0110785 4.49915e-06 0.0699909 27.7566
0.0110786 4.47929e-06 0.0699853 27.7329
0.0110786 4.46036e-06 0.0699786 27.7081
0.0110786 4.43968e-06 0.0699709 27.6822
0.0110787 4.41757e-06 0.0699622 27.6553
0.0110787 4.39407e-06 0.0699524 27.6272
0.0110788 4.3724e-06 0.0699416 27.598
0.0110788 4.34639e-06 0.0699298 27.5678
0.0110789 4.31978e-06 0.0699169 27.5365
0.0110789 4.29188e-06 0.069903 27.504
0.0110789 4.26431e-06 0.0698881 27.4705
0.011079 4.23723e-06 0.0698721 27.4359
0.011079 4.20408e-06 0.0698551 27.4003
0.0110791 4.17175e-06 0.0698371 27.3635
0.0110791 4.13817e-06 0.0698181 27.3257
0.0110792 4.10753e-06 0.069798 27.2868
0.0110792 4.0711e-06 0.0697769 27.2468
0.0110792 4.03364e-06 0.0697548 27.2057
0.0110793 3.99647e-06 0.0697316 27.1635
0.0110793 3.95658e-06 0.0697074 27.1203
0.0110794 3.91863e-06 0.0696822 27.076
0.0110794 3.87543e-06 0.069656 27.0307
0.0110794 3.83275e-06 0.0696288 26.9843
0.0110795 3.79029e-06 0.0696005 26.9368
0.0110795 3.74787e-06 0.0695712 26.8882
0.0110795 3.69907e-06 0.0695409 26.8386
0.0110796 3.65423e-06 0.0695096 26.7879
0.0110796 3.6037e-06 0.0694772 26.7362
0.0110797 3.55438e-06 0.0694439 26.6834
0.0110797 3.50307e-06 0.0694095 26.6296
0.0110797 3.45263e-06 0.0693741 26.5747
0.0110798 3.39875e-06 0.0693378 26.5188
0.0110798 3.34098e-06 0.0693004 26.4618
0.0110798 3.28652e-06 0.0692619 26.4037
0.0110799 3.22768e-06 0.0692225 26.3447
0.0110799 3.17123e-06 0.0691821 26.2845
0.0110799 3.11237e-06 0.0691407 26.2234
0.01108 3.05207e-06 0.0690983 26.1612
0.01108 2.98836e-06 0.0690549 26.098
0.01108 2.92746e-06 0.0690104 26.0337
0.01108 2.8688e-06 0.068965 25.9685
0.0110801 2.80093e-06 0.0689186 25.9022
0.0110801 2.74155e-06 0.0688712 25.8348
0.0110801 2.67786e-06 0.0688228 25.7665
0.0110801 2.60999e-06 0.0687734 25.6971
0.0110802 2.54282e-06 0.068723 25.6268
0.0110802 2.47727e-06 0.0686717 25.5554
0.0110802 2.40915e-06 0.0686193 25.483
0.0110802 2.39797e-06 0.068566 25.4096
0.0110803 2.32925e-06 0.0685117 25.3352
0.0110803 2.25598e-06 0.0684564 25.2597
0.0110803 2.18557e-06 0.0684002 25.1833
0.0110803 2.09943e-06 0.0683429 25.1059
0.0110804 2.02713e-06 0.0682847 25.0276
0.0110804 1.93995e-06 0.0682256 24.9482
0.0110804 1.85631e-06 0.0681654 24.8678
0.0110804 1.77516e-06 0.0681043 24.7865
0.0110804 1.68405e-06 0.0680422 24.7042
0.0110804 1.59065e-06 0.0679792 24.6209
0.0110805 1.50747e-06 0.0679152 24.5366
0.0110805 1.41104e-06 0.0678503 24.4513
0.0110805 1.32659e-06 0.0677844 24.3651
0.0110805 1.23084e-06 0.0677176 24.278
0.0110805 1.13978e-06 0.0676498 24.1899
0.0110805 1.05411e-06 0.0675811 24.1008
0.0110805 9.53783e-07 0.0675115 24.0107
0.0110805 8.65613e-07 0.0674409 23.9198
0.0110805 7.68613e-07 0.0673694 23.8278
0.0110806 6.77442e-07 0.0672969 23.735
0.0110806 5.81722e-07 0.0672235 23.6412
0.0110806 4.91383e-07 0.0671492 23.5464
0.0110806 3.93769e-07 0.067074 23.4508
0.0110806 3.11484e-07 0.0669978 23.3542
0.0110806 2.13312e-07 0.0669208 23.2567
0.0110806 1.25774e-07 0.0668428 23.1583
0.0110806 2.29253e-08 0.0667639 23.0589
0.0110806 -6.74872e-08 0.066684 22.9587
0.0110806 -1.65738e-07 0.0666033 22.8575
0.0110806 -2.44693e-07 0.0665217 22.7554
0.0110806 -3.44869e-07 0.0664391 22.6525
0.0110806 -4.39327e-07 0.0663557 22.5486
0.0110806 -5.33749e-07 0.0662714 22.4439
0.0110805 -6.25139e-07 0.0661862 22.3382
0.0110805 -7.20994e-07 0.0661001 22.2317
0.0110805 -8.22537e-07 0.0660131 22.1243
0.0110805 -9.15759e-07 0.0659252 22.0161
0.0110805 -1.00749e-06 0.0658365 21.9069
0.0110805 -1.1057e-06 0.0657468 21.7969
0.0110805 -1.19831e-06 0.0656564 21.6861
0.0110805 -1.28568e-06 0.065565 21.5744
0.0110805 -1.38468e-06 0.0654728 21.4618
0.0110804 -1.47745e-06 0.0653797 21.3484
0.0110804 -1.56747e-06 0.0652858 21.2341
0.0110804 -1.66016e-06 0.065191 21.119
0.0110804 -1.75598e-06 0.0650954 21.0031
0.0110804 -1.85076e-06 0.0649989 20.8863
0.0110804 -1.94007e-06 0.0649016 20.7688
0.0110803 -2.02645e-06 0.0648035 20.6504
0.0110803 -2.11984e-06 0.0647045 20.5311
0.0110803 -2.21599e-06 0.0646047 20.4111
0.0110803 -2.29872e-06 0.0645041 20.2903
0.0110803 -2.39175e-06 0.0644027 20.1686
0.0110802 -2.48072e-06 0.0643004 20.0462
0.0110802 -2.55882e-06 0.0641974 19.923
0.0110802 -2.65557e-06 0.0640935 19.799
0.0110801 -2.72005e-06 0.0639888 19.6742
0.0110801 -2.8085e-06 0.0638833 19.5486
0.0110801 -2.88214e-06 0.063777 19.4223
0.0110801 -2.9866e-06 0.06367 19.2952
0.01108 -3.0612e-06 0.0635621 19.1673
0.01108 -3.13876e-06 0.0634535 19.0387
0.01108 -3.2107e-06 0.063344 18.9093
0.0110799 -3.285e-06 0.0632338 18.7792
0.0110799 -3.36105e-06 0.0631229 18.6483
0.0110799 -3.43425e-06 0.0630112 18.5167
0.0110798 -3.49895e-06 0.0628987 18.3844
0.0110798 -3.57773e-06 0.0627854 18.2513
0.0110798 -3.64253e-06 0.0626714 18.1176
0.0110797 -3.71566e-06 0.0625567 17.9831
0.0110797 -3.77929e-06 0.0624412 17.8479
0.0110796 -3.86683e-06 0.0623249 17.712
0.0110796 -3.92694e-06 0.062208 17.5754
0.0110796 -3.97319e-06 0.0620903 17.4381
0.0110795 -4.04006e-06 0.0619718 17.3001
0.0110795 -4.09496e-06 0.0618527 17.1614
0.0110794 -4.13541e-06 0.0617328 17.022
0.0110794 -4.206e-06 0.0616123 16.882
0.0110794 -4.24198e-06 0.061491 16.7413
0.0110793 -4.29257e-06 0.061369 16.6
0.0110793 -4.34989e-06 0.0612464 16.458
0.0110792 -4.38519e-06 0.061123 16.3153
0.0110792 -4.42881e-06 0.0609989 16.172
0.0110791 -4.47241e-06 0.0608742 16.0281
0.0110791 -4.52054e-06 0.0607488 15.8835
0.011079 -4.55743e-06 0.0606227 15.7383
0.011079 -4.59076e-06 0.060496 15.5925
0.011079 -4.62704e-06 0.0603686 15.4461
0.0110789 -4.67077e-06 0.0602405 15.299
0.0110789 -4.69199e-06 0.0601118 15.1514
0.0110788 -4.72454e-06 0.0599824 15.0031
0.0110788 -4.7499e-06 0.0598524 14.8543
0.0110787 -4.75566e-06 0.0597217 14.7049
0.0110787 -4.7895e-06 0.0595905 14.5549
0.0110786 -4.80779e-06 0.0594586 14.4043
0.0110786 -4.82415e-06 0.0593261 14.2532
0.0110785 -4.85532e-06 0.0591929 14.1014
0.0110785 -4.85736e-06 0.0590592 13.9492
0.0110784 -4.88246e-06 0.0589248 13.7964
0.0110784 -4.87784e-06 0.0587899 13.643
0.0110783 -4.88884e-06 0.0586544 13.4891
0.0110783 -4.89517e-06 0.0585182 13.3347
0.0110782 -4.9058e-06 0.0583815 13.1797
0.0110782 -4.91651e-06 0.0582442 13.0242
0.0110781 -4.91114e-06 0.0581064 12.8682
0.0110781 -4.91348e-06 0.0579679 12.7117
0.011078 -4.9197e-06 0.057829 12.5547
0.011078 -4.90599e-06 0.0576894 12.3972
0.0110779 -4.91923e-06 0.0575493 12.2392
0.0110779 -4.88866e-06 0.0574087 12.0808
0.0110778 -4.89706e-06 0.0572675 11.9218
0.0110778 -4.87184e-06 0.0571258 11.7624
0.0110777 -4.87693e-06 0.0569836 11.6025
0.0110777 -4.83388e-06 0.0568408 11.4422
0.0110776 -4.8388e-06 0.0566976 11.2814
0.0110776 -4.82113e-06 0.0565538 11.1201
0.0110776 -4.79644e-06 0.0564095 10.9585
0.0110775 -4.78547e-06 0.0562647 10.7963
0.0110775 -4.74402e-06 0.0561195 10.6338
0.0110774 -4.73955e-06 0.0559737 10.4709
0.0110774 -4.73564e-06 0.0558275 10.3075
0.0110773 -4.70484e-06 0.0556808 10.1437
0.0110773 -4.68756e-06 0.0555336 9.97953
0.0110772 -4.66379e-06 0.0553859 9.81496
0.0110772 -4.63561e-06 0.0552378 9.65
0.0110771 -4.59829e-06 0.0550893 9.48466
0.0110771 -4.5683e-06 0.0549402 9.31894
0.011077 -4.55199e-06 0.0547908 9.15286
0.011077 -4.50329e-06 0.0546409 8.98642
0.0110769 -4.48388e-06 0.0544906 8.81962
0.0110769 -4.46394e-06 0.0543399 8.65247
0.0110769 -4.42527e-06 0.0541887 8.48498
0.0110768 -4.39528e-06 0.0540372 8.31716
0.0110768 -4.35254e-06 0.0538852 8.14901
0.0110767 -4.32822e-06 0.0537329 7.98053
0.0110767 -4.29839e-06 0.0535801 7.81175
0.0110766 -4.2448e-06 0.053427 7.64265
0.0110766 -4.23749e-06 0.0532735 7.47325
0.0110766 -4.1758e-06 0.0531196 7.30356
0.0110765 -4.14902e-06 0.0529653 7.13357
0.0110765 -4.10284e-06 0.0528107 6.96331
0.0110764 -4.05849e-06 0.0526558 6.79277
0.0110764 -4.04626e-06 0.0525004 6.62197
0.0110764 -3.99012e-06 0.0523448 6.4509
0.0110763 -3.94279e-06 0.0521888 6.27958
0.0110763 -3.90961e-06 0.0520324 6.10801
0.0110762 -3.88683e-06 0.0518758 5.93619
0.0110762 -3.85561e-06 0.0517188 5.76415
0.0110762 -3.80516e-06 0.0515615 5.59187
0.0110761 -3.76986e-06 0.0514039 5.41938
0.0110761 -3.71531e-06 0.051246 5.24667
0.011076 -3.68099e-06 0.0510878 5.07376
0.011076 -3.64798e-06 0.0509293 4.90064
0.011076 -3.59313e-06 0.0507706 4.72733
0.0110759 -3.55547e-06 0.0506115 4.55383
0.0110759 -3.51157e-06 0.0504522 4.38016
0.0110759 -3.4788e-06 0.0502927 4.20631
0.0110758 -3.42141e-06 0.0501329 4.0323
0.0110758 -3.38889e-06 0.0499728 3.85812
0.0110758 -3.33665e-06 0.0498125 3.6838
0.0110757 -3.30723e-06 0.0496519 3.50932
0.0110757 -3.26477e-06 0.0494911 3.33471
0.0110757 -3.21373e-06 0.0493301 3.15997
0.0110756 -3.18769e-06 0.0491689 2.98511
0.0110756 -3.14497e-06 0.0490075 2.81012
0.0110756 -3.09943e-06 0.0488458 2.63503
0.0110755 -3.52681e-06 0.048684 2.45983
0.0110755 -3.3661e-06 0.048522 2.28453
0.0110755 -3.31995e-06 0.0483597 2.10914
0.0110754 -3.25221e-06 0.0481974 1.93367
0.0110754 -2.99955e-06 0.0480348 1.75813
0.0110754 -2.98729e-06 0.0478721 1.58251
0.0110754 -2.98446e-06 0.0477093 1.40684
0.0110753 -2.97829e-06 0.0475462 1.2311
0.0110753 -2.96965e-06 0.0473831 1.05532
0.0110753 -2.95722e-06 0.0472198 0.879495
0.0110752 -2.95182e-06 0.0470563 0.703637
0.0110752 -2.94997e-06 0.0468927 0.52775
0.0110752 -2.93294e-06 0.046729 0.351843
0.0110751 -2.92738e-06 0.0465652 0.175922
0.0110751 -1.58372e-06 0.0464011 -5.89849e-06
0.0110751 -1.58524e-06 0.046237 -0.175934
0.0110751 -1.60463e-06 0.0460728 -0.351855
0.0110751 -1.61533e-06 0.0459085 -0.527762
0.0110751 -1.6262e-06 0.045744 -0.703649
0.011075 -1.63777e-06 0.0455794 -0.879507
0.011075 -1.64865e-06 0.0454147 -1.05533
0.011075 -1.65817e-06 0.0452499 -1.23111
0.011075 -1.67077e-06 0.0450851 -1.40685
0.011075 -1.68078e-06 0.0449202 -1.58252
0.011075 -1.6903e-06 0.0447553 -1.75814
0.0110749 -1.69426e-06 0.0445904 -1.93369
0.0110749 -1.70387e-06 0.0444255 -2.10916
0.0110749 -1.71639e-06 0.0442606 -2.28454
0.0110749 -1.72736e-06 0.0440958 -2.45984
0.0110749 -1.73349e-06 0.043931 -2.63504
0.0110749 -1.73819e-06 0.0437662 -2.81013
0.0110748 -1.74374e-06 0.0436015 -2.98512
0.0110748 -1.75378e-06 0.0434369 -3.15998
0.0110748 -1.76148e-06 0.0432723 -3.33473
0.0110748 -1.76598e-06 0.0431078 -3.50934
0.0110748 -1.76945e-06 0.0429433 -3.68381
0.0110748 -1.7798e-06 0.0427788 -3.85813
0.0110747 -1.78169e-06 0.0426144 -4.03231
0.0110747 -1.78356e-06 0.04245 -4.20632
0.0110747 -1.78598e-06 0.0422856 -4.38017
0.0110747 -1.79598e-06 0.0421212 -4.55385
0.0110747 -1.80175e-06 0.0419569 -4.72734
0.0110746 -1.7993e-06 0.0417926 -4.90065
0.0110746 -1.80018e-06 0.0416283 -5.07377
0.0110746 -1.80746e-06 0.0414641 -5.24668
0.0110746 -1.81024e-06 0.0413 -5.41939
0.0110746 -1.80864e-06 0.0411359 -5.59189
0.0110746 -1.81184e-06 0.040972 -5.76416
0.0110745 -1.81208e-06 0.0408081 -5.9362
0.0110745 -1.81053e-06 0.0406444 -6.10802
0.0110745 -1.80752e-06 0.0404808 -6.27959
0.0110745 -1.81228e-06 0.0403173 -6.45091
0.0110745 -1.81061e-06 0.0401539 -6.62198
0.0110745 -1.8105e-06 0.0399907 -6.79278
0.0110744 -1.80843e-06 0.0398277 -6.96332
0.0110744 -1.80694e-06 0.0396648 -7.13359
0.0110744 -1.80687e-06 0.039502 -7.30357
0.0110744 -1.80752e-06 0.0393394 -7.47326
0.0110744 -1.79939e-06 0.039177 -7.64266
0.0110743 -1.79686e-06 0.0390148 -7.81176
0.0110743 -1.79501e-06 0.0388528 -7.98055
0.0110743 -1.79146e-06 0.038691 -8.14902
0.0110743 -1.79038e-06 0.0385293 -8.31717
0.0110743 -1.78052e-06 0.0383679 -8.48499
0.0110743 -1.78015e-06 0.0382067 -8.65248
0.0110742 -1.42579e-06 0.0380457 -8.81963
0.0110742 -1.42521e-06 0.0378849 -8.98643
0.0110742 -1.76309e-06 0.0377244 -9.15287
0.0110742 -1.41851e-06 0.0375641 -9.31895
0.0110742 -1.40812e-06 0.037404 -9.48467
0.0110742 -1.61237e-06 0.0372442 -9.65001
0.0110741 -1.94437e-06 0.0370846 -9.81497
0.0110741 -1.59144e-06 0.0369253 -9.97954
0.0110741 -1.58488e-06 0.0367662 -10.1437
0.0110741 -1.9069e-06 0.0366075 -10.3075
0.0110741 -1.89611e-06 0.036449 -10.4709
0.0110741 -1.19909e-06 0.0362908 -10.6338
0.011074 -1.53116e-06 0.036133 -10.7964
0.011074 -1.19592e-06 0.0359754 -10.9585
0.011074 -1.19802e-06 0.0358182 -11.1201
0.011074 -1.19444e-06 0.0356612 -11.2814
0.011074 -1.96808e-06 0.0355047 -11.4422
0.011074 -1.59468e-06 0.0353484 -11.6025
0.011074 -1.59593e-06 0.0351924 -11.7624
0.0110739 -1.59912e-06 0.0350368 -11.9218
0.0110739 -1.60246e-06 0.0348816 -12.0808
0.0110739 -1.60048e-06 0.0347267 -12.2392
0.0110739 -1.2694e-06 0.0345721 -12.3972
0.0110739 -1.60566e-06 0.0344179 -12.5547
0.0110739 -1.60723e-06 0.0342641 -12.7117
0.0110738 -1.60695e-06 0.0341107 -12.8682
0.0110738 -1.61008e-06 0.0339577 -13.0242
0.0110738 -1.28448e-06 0.033805 -13.1797
0.0110738 -1.60814e-06 0.0336527 -13.3347
0.0110738 -1.61093e-06 0.0335009 -13.4891
0.0110738 -1.2443e-06 0.0333494 -13.643
0.0110738 -1.2474e-06 0.0331984 -13.7964
0.0110738 -9.28843e-07 0.0330477 -13.9492
0.0110737 -1.25078e-06 0.0328975 -14.1015
0.0110737 -8.86773e-07 0.0327476 -14.2532
0.0110737 -5.77848e-07 0.0325982 -14.4043
0.0110737 -9.02044e-07 0.0324492 -14.5549
0.0110737 -9.09313e-07 0.0323006 -14.7049
0.0110737 -6.07551e-07 0.0321525 -14.8543
0.0110737 -9.23976e-07 0.0320048 -15.0032
0.0110737 -9.34546e-07 0.0318575 -15.1514
0.0110737 -6.33471e-07 0.0317107 -15.299
0.0110737 -9.47065e-07 0.0315645 -15.4461
0.0110737 -6.50408e-07 0.0314187 -15.5925
0.0110737 -9.62036e-07 0.0312734 -15.7383
0.0110736 -9.70158e-07 0.0311287 -15.8835
0.0110736 -6.73547e-07 0.0309844 -16.0281
0.0110736 -6.83812e-07 0.0308407 -16.172
0.0110736 -9.88966e-07 0.0306976 -16.3153
0.0110736 -6.98828e-07 0.0305549 -16.458
0.0110736 -7.06507e-07 0.0304129 -16.6
0.0110736 -1.00911e-06 0.0302714 -16.7413
0.0110736 -7.21309e-07 0.0301304 -16.882
0.0110736 -1.01954e-06 0.02999 -17.0221
0.0110736 -7.33386e-07 0.0298501 -17.1614
0.0110736 -1.03254e-06 0.0297108 -17.3001
0.0110735 -1.03898e-06 0.029572 -17.4381
0.0110735 -1.04264e-06 0.0294338 -17.5754
0.0110735 -7.60185e-07 0.0292961 -17.712
0.0110735 -5.46889e-07 0.029159 -17.8479
0.0110735 -5.53365e-07 0.0290224 -17.9831
0.0110735 -5.61697e-07 0.0288865 -18.1176
0.0110735 -8.52152e-07 0.028751 -18.2513
0.0110735 -8.57048e-07 0.0286162 -18.3844
0.0110735 -5.83018e-07 0.0284819 -18.5167
0.0110735 -5.8943e-07 0.0283482 -18.6483
0.0110735 -5.94213e-07 0.0282152 -18.7792
0.0110735 -6.027e-07 0.0280827 -18.9093
